Sin2Theta12 Sin2Theta13 Sin2Theta23 Dm221 Dm231 dCP Ordering SKFluxNormalization_Below1GeV SKFluxNormalization_Above1GeV ICFluxNormalization_Above1GeV X2 
0.304 0.022 0.305 7.42e-05 0.0021 4.014 normal 0.9548081138457497 0.9739587048857101 0.981544158805821 288.9482627406339
0.304 0.022 0.305 7.42e-05 0.0022 4.014 normal 0.9570541991074721 0.974256352291038 0.9826602701456498 240.44292998493364
0.304 0.022 0.305 7.42e-05 0.002 4.014 normal 0.9528211852062907 0.9734384344262951 0.9810342042066965 353.20570505313697
0.304 0.022 0.305 7.42e-05 0.0023 4.014 normal 0.9585613091292511 0.9750251891770974 0.982814291375769 205.9411491515222
0.304 0.022 0.305 7.42e-05 0.00235 4.014 normal 0.9593090942183818 0.975351125096001 0.9827996321975789 191.73914334605664
0.304 0.022 0.305 7.42e-05 0.00215 4.014 normal 0.9555388281740972 0.9741280244480297 0.9821666792404782 262.4619870913317
0.304 0.022 0.305 7.42e-05 0.0022500000000000003 4.014 normal 0.9571582081517327 0.9746592551865311 0.9828560391723806 222.12527663177696
0.304 0.022 0.305 7.42e-05 0.00205 4.014 normal 0.953439889345008 0.9737435777230232 0.9811681803962821 319.6668250111849
0.304 0.022 0.305 7.42e-05 0.0027 4.014 normal 0.9658435620407793 0.9775987815014343 0.9845015658904513 193.98512964349337
0.304 0.022 0.305 7.42e-05 0.00275 4.014 normal 0.9665072040388573 0.977656536431322 0.9846750548405897 208.32859692690465
0.304 0.022 0.305 7.42e-05 0.00245 4.014 normal 0.9614802366531747 0.975965514713129 0.9832732968588367 166.94021226241122
0.304 0.022 0.305 7.42e-05 0.0025 4.014 normal 0.962656230455597 0.9762215416217116 0.9837420877193646 160.689498685528
0.304 0.022 0.305 7.42e-05 0.00255 4.014 normal 0.9631930126039786 0.9767254595100213 0.9841756482378471 161.8562558299675
0.304 0.022 0.305 7.42e-05 0.00265 4.014 normal 0.9648487594534666 0.9777541271756587 0.984447911760811 180.07648920706168
0.304 0.022 0.305 7.42e-05 0.0024000000000000002 4.014 normal 0.9603918991173579 0.9756650964101351 0.9829331853262484 177.97765616024031
0.304 0.022 0.305 7.42e-05 0.0026 4.014 normal 0.9643401617617781 0.9773436003300506 0.9844018316267604 168.35667913045188
0.304 0.022 0.305 7.42e-05 0.0029000000000000002 4.014 normal 0.9716044822944605 0.9769009088324428 0.9854872596677341 252.01531886601984
0.304 0.022 0.305 7.42e-05 0.00285 4.014 normal 0.9705454870023869 0.9763629690835239 0.9852876335491422 235.6501748672922
0.304 0.022 0.305 7.42e-05 0.00295 4.014 normal 0.9723857372937389 0.9773595774191802 0.9856397021026568 269.6603801643329
0.304 0.022 0.305 7.42e-05 0.003 4.014 normal 0.973256234659105 0.9777864312687634 0.9857205855349916 288.5790307917776
0.304 0.022 0.305 7.42e-05 0.0028 4.014 normal 0.9676592442125858 0.9778070949747916 0.9849375826988166 222.33349657231383
0.304 0.022 0.32166666666666666 7.42e-05 0.00205 4.014 normal 0.9585745235098858 0.9787984721157013 0.9847280871500624 277.3966720691777
0.304 0.022 0.32166666666666666 7.42e-05 0.0021 4.014 normal 0.959998387613064 0.9790318339256077 0.9851370694619124 245.5450388540846
0.304 0.022 0.32166666666666666 7.42e-05 0.002 4.014 normal 0.9579281876822501 0.9784731292097623 0.9845821022294113 312.3586077551147
0.304 0.022 0.32166666666666666 7.42e-05 0.00215 4.014 normal 0.960736720488711 0.9792225984540257 0.9857714093741297 218.53645532288422
0.304 0.022 0.32166666666666666 7.42e-05 0.00235 4.014 normal 0.9646321503290644 0.9805302256065023 0.98648000130556 144.6558842555535
0.304 0.022 0.32166666666666666 7.42e-05 0.0022 4.014 normal 0.9623013902562083 0.9793697484374961 0.9863018811355404 196.07627721187848
0.304 0.022 0.32166666666666666 7.42e-05 0.0025 4.014 normal 0.9680913206661177 0.9814598856397794 0.9874643136127693 113.09596155793575
0.304 0.022 0.32166666666666666 7.42e-05 0.00245 4.014 normal 0.9668622398918296 0.9811867143101863 0.9869665116633964 119.13292339473743
0.304 0.022 0.32166666666666666 7.42e-05 0.0023 4.014 normal 0.9638597369264825 0.9801841015700563 0.9864864875249199 159.8435179453626
0.304 0.022 0.32166666666666666 7.42e-05 0.0022500000000000003 4.014 normal 0.9624093398581065 0.9797966035146283 0.9865029182634009 176.97861646875558
0.304 0.022 0.32166666666666666 7.42e-05 0.0024000000000000002 4.014 normal 0.9657474967963309 0.9808670020213223 0.9866254048933275 130.28853410789387
0.304 0.022 0.32166666666666666 7.42e-05 0.0029000000000000002 4.014 normal 0.9771709110016025 0.9823307389126302 0.9893352573660545 208.60931909526514
0.304 0.022 0.32166666666666666 7.42e-05 0.00285 4.014 normal 0.9739608956405449 0.9836722072660622 0.9890117707405804 191.62325122796415
0.304 0.022 0.32166666666666666 7.42e-05 0.0028 4.014 normal 0.973246256231567 0.9831539610982472 0.9887443129383852 177.39489897523674
0.304 0.022 0.32166666666666666 7.42e-05 0.0026 4.014 normal 0.9698402379910112 0.9826326575186451 0.9881644269192406 121.66664733279988
0.304 0.022 0.32166666666666666 7.42e-05 0.00275 4.014 normal 0.9720497819142596 0.9829904931234914 0.988483820727625 162.79664100663481
0.304 0.022 0.32166666666666666 7.42e-05 0.00255 4.014 normal 0.9686463383964498 0.9819853095174385 0.9879246501305986 114.63141350371188
0.304 0.022 0.32166666666666666 7.42e-05 0.00265 4.014 normal 0.9703388201879598 0.9830685821065207 0.9882182206539346 133.59760320682773
0.304 0.022 0.32166666666666666 7.42e-05 0.0027 4.014 normal 0.9714506354304434 0.9831110269120225 0.9882613220356129 147.78871304527652
0.304 0.022 0.32166666666666666 7.42e-05 0.00295 4.014 normal 0.9779811589466111 0.9828127909638155 0.9895026725288115 226.87630928671047
0.304 0.022 0.32166666666666666 7.42e-05 0.003 4.014 normal 0.9788808589987402 0.9832635995147149 0.9895880570025773 246.22504204519615
0.304 0.022 0.3383333333333333 7.42e-05 0.0022 4.014 normal 0.9671680276661375 0.9839866255912104 0.9895944896887376 163.25722718710378
0.304 0.022 0.3383333333333333 7.42e-05 0.0022500000000000003 4.014 normal 0.9672853065557907 0.9844340711770873 0.9897996534306667 143.43103859156514
0.304 0.022 0.3383333333333333 7.42e-05 0.002 4.014 normal 0.9626830225236572 0.9830118965532337 0.9877934904099014 282.6193584720224
0.304 0.022 0.3383333333333333 7.42e-05 0.00215 4.014 normal 0.965560157040568 0.9838219408944974 0.9890426941921167 185.9448093338978
0.304 0.022 0.3383333333333333 7.42e-05 0.00205 4.014 normal 0.9633377233846885 0.9833589249833087 0.9879573212815964 246.28908664468383
0.304 0.022 0.3383333333333333 7.42e-05 0.0021 4.014 normal 0.9647988122053021 0.9836110924259989 0.9883609168836301 213.71132564376867
0.304 0.022 0.3383333333333333 7.42e-05 0.00235 4.014 normal 0.9695851631313258 0.9852061656100122 0.9898056175713239 109.4210271552524
0.304 0.022 0.3383333333333333 7.42e-05 0.00245 4.014 normal 0.9718723599148777 0.9859038213548986 0.9903187746155802 83.1866036230438
0.304 0.022 0.3383333333333333 7.42e-05 0.0024000000000000002 4.014 normal 0.9707194470549411 0.9855653972903315 0.9899510296128211 94.46358473124279
0.304 0.022 0.3383333333333333 7.42e-05 0.0023 4.014 normal 0.9687803564134485 0.9848417903245769 0.9898046195098053 125.48778750393502
0.304 0.022 0.3383333333333333 7.42e-05 0.0026 4.014 normal 0.9749207669922878 0.9874173191935269 0.9915687121081169 86.83358315485205
0.304 0.022 0.3383333333333333 7.42e-05 0.00255 4.014 normal 0.9737073236704855 0.9867409256092355 0.9913201102689301 79.31406620278203
0.304 0.022 0.3383333333333333 7.42e-05 0.00265 4.014 normal 0.9754386466238091 0.9878713984736922 0.9916351770831454 99.03961486584893
0.304 0.022 0.3383333333333333 7.42e-05 0.0025 4.014 normal 0.9731281587643155 0.9861940744361287 0.9908343555781628 77.3971844255697
0.304 0.022 0.3383333333333333 7.42e-05 0.003 4.014 normal 0.9840705663472041 0.988238854237089 0.993100912346267 215.5627535590434
0.304 0.022 0.3383333333333333 7.42e-05 0.00295 4.014 normal 0.9831489107699654 0.9877679029838677 0.9930082670201567 195.76925789610738
0.304 0.022 0.3383333333333333 7.42e-05 0.0029000000000000002 4.014 normal 0.9823071649186849 0.9872661357189965 0.9928378665349251 177.15228842001432
0.304 0.022 0.3383333333333333 7.42e-05 0.0028 4.014 normal 0.9784334518725912 0.9879547827097745 0.9922086588672588 144.43319083479767
0.304 0.022 0.3383333333333333 7.42e-05 0.00285 4.014 normal 0.9791645624652052 0.9884900249062153 0.9924974957498321 159.51699278941942
0.304 0.022 0.3383333333333333 7.42e-05 0.0027 4.014 normal 0.9765856692192982 0.9879244467783675 0.9916930758954068 113.4971645092517
0.304 0.022 0.355 7.42e-05 0.002 4.014 normal 0.9670651735011421 0.9870556736777246 0.9906600649050944 262.1284530258394
0.304 0.022 0.3383333333333333 7.42e-05 0.00275 4.014 normal 0.9772730583252439 0.9880205545845938 0.9918976008855229 129.0624124815659
0.304 0.022 0.355 7.42e-05 0.00235 4.014 normal 0.9741356091113537 0.9893815463546839 0.9927790838937521 83.94553994418867
0.304 0.022 0.355 7.42e-05 0.00215 4.014 normal 0.9700090618846288 0.9879235692973414 0.9919699875692638 162.8979488795499
0.304 0.022 0.355 7.42e-05 0.0021 4.014 normal 0.9692264952647013 0.9876945918513237 0.9912718678951316 190.99074205395652
0.304 0.022 0.355 7.42e-05 0.0023 4.014 normal 0.9733182041210783 0.9889992019584255 0.9927726072296695 100.79196458184529
0.304 0.022 0.355 7.42e-05 0.00205 4.014 normal 0.9677398212201465 0.9874240263502412 0.9908414389682944 224.57141124294387
0.304 0.022 0.355 7.42e-05 0.0024000000000000002 4.014 normal 0.9753097663351447 0.989758149661477 0.9929382519061534 68.52990959306668
0.304 0.022 0.355 7.42e-05 0.0022 4.014 normal 0.9716702577268903 0.988103735603902 0.9925248277141948 140.05454205706494
0.304 0.022 0.355 7.42e-05 0.0022500000000000003 4.014 normal 0.9717826260889805 0.9885719448719418 0.9927452053571149 119.52086130935358
0.304 0.022 0.355 7.42e-05 0.0028 4.014 normal 0.9832079444572062 0.9922729174857637 0.9953152934577426 121.30468980530004
0.304 0.022 0.355 7.42e-05 0.0026 4.014 normal 0.979611287569742 0.9916893874940598 0.9946153332039225 61.88077480063048
0.304 0.022 0.355 7.42e-05 0.0025 4.014 normal 0.9777846590790295 0.9904193181498158 0.9938571402902012 51.676095413207925
0.304 0.022 0.355 7.42e-05 0.00265 4.014 normal 0.9801447271776239 0.9921610787220488 0.9946906155617375 74.28884315812105
0.304 0.022 0.355 7.42e-05 0.00245 4.014 normal 0.9764929751592715 0.9901148562211411 0.993315583596414 57.13488097649075
0.304 0.022 0.355 7.42e-05 0.00275 4.014 normal 0.982028461721139 0.9923282701641183 0.9949801884842642 105.1987298334008
0.304 0.022 0.355 7.42e-05 0.0027 4.014 normal 0.9813192706382168 0.992222802390659 0.9947603582036777 89.11414543485506
0.304 0.022 0.355 7.42e-05 0.00255 4.014 normal 0.9783730642692127 0.9909880730923276 0.9943407538428637 53.879498163118896
0.304 0.022 0.355 7.42e-05 0.0029000000000000002 4.014 normal 0.9869643683520546 0.9917435053011046 0.9959703565065605 155.29330614757507
0.304 0.022 0.355 7.42e-05 0.003 4.014 normal 0.9888098223256314 0.9927258099276235 0.9962453666416504 194.4948898188563
0.304 0.022 0.355 7.42e-05 0.00295 4.014 normal 0.9878500457864876 0.9922533225495833 0.9961542678080791 174.4492508950988
0.304 0.022 0.355 7.42e-05 0.00285 4.014 normal 0.983962961503095 0.9928246026485149 0.9956247746850656 137.20481307627458
0.304 0.022 0.37166666666666665 7.42e-05 0.00205 4.014 normal 0.9717844580367913 0.991001002353257 0.9933664996633428 210.3266966972807
0.304 0.022 0.37166666666666665 7.42e-05 0.002 4.014 normal 0.9710846391468606 0.9906145660494341 0.9931853029627733 248.95892659840203
0.304 0.022 0.37166666666666665 7.42e-05 0.0021 4.014 normal 0.9732861373972044 0.9912881176689232 0.9938274768001618 176.00445098593374
0.304 0.022 0.37166666666666665 7.42e-05 0.00215 4.014 normal 0.9741016175841771 0.9915379695625804 0.9945460492835618 147.5564247801625
0.304 0.022 0.37166666666666665 7.42e-05 0.0022 4.014 normal 0.9757861967693018 0.9917337398795631 0.9951227767559734 124.45490389413685
0.304 0.022 0.37166666666666665 7.42e-05 0.00255 4.014 normal 0.982652728943522 0.9947461533072522 0.9970316086889218 36.51593763869014
0.304 0.022 0.37166666666666665 7.42e-05 0.0022500000000000003 4.014 normal 0.9759085383428961 0.9922274001448678 0.9953451898199268 103.38347673545456
0.304 0.022 0.37166666666666665 7.42e-05 0.0025 4.014 normal 0.9820438571971812 0.9941495052579399 0.9965306863195083 33.95834980974249
0.304 0.022 0.37166666666666665 7.42e-05 0.00245 4.014 normal 0.980722095666005 0.9938283580670502 0.995959095198908 39.08654315779629
0.304 0.022 0.37166666666666665 7.42e-05 0.0023 4.014 normal 0.9774720261590196 0.9926662964983856 0.9953848716442545 83.99268306807693
0.304 0.022 0.37166666666666665 7.42e-05 0.00235 4.014 normal 0.9783033800471889 0.9930649216721397 0.9954003487173579 66.43763639184652
0.304 0.022 0.37166666666666665 7.42e-05 0.0024000000000000002 4.014 normal 0.9795075406136592 0.9934556002738483 0.9955599133580877 50.57526039571503
0.304 0.022 0.37166666666666665 7.42e-05 0.00295 4.014 normal 0.9934395617378806 0.9958009668230479 0.9990170345137419 160.93665911917844
0.304 0.022 0.37166666666666665 7.42e-05 0.0026 4.014 normal 0.9839169874601748 0.9954742944538859 0.9973196000864394 44.95462752225027
0.304 0.022 0.37166666666666665 7.42e-05 0.00285 4.014 normal 0.9884014736340578 0.9968562317131691 0.998332257080552 122.66725989518176
0.304 0.022 0.37166666666666665 7.42e-05 0.0029000000000000002 4.014 normal 0.9897705625257618 0.9972675281641338 0.9985822802470571 141.1105179257997
0.304 0.022 0.37166666666666665 7.42e-05 0.0028 4.014 normal 0.9876142860085401 0.9963186207955819 0.9980360983311257 105.99490304115628
0.304 0.022 0.37166666666666665 7.42e-05 0.00275 4.014 normal 0.9863370275914716 0.9961053233533936 0.9977405109750003 89.19531848978679
0.304 0.022 0.37166666666666665 7.42e-05 0.00265 4.014 normal 0.9844492432602231 0.9959698871961647 0.9974068006316054 57.577755193512665
0.304 0.022 0.37166666666666665 7.42e-05 0.0027 4.014 normal 0.9856518268876465 0.9960278210013439 0.9974750054962236 72.66255555755596
0.304 0.022 0.37166666666666665 7.42e-05 0.003 4.014 normal 0.994264771059615 0.9963527721478489 0.9991124532022897 181.23143064262285
0.304 0.022 0.3883333333333333 7.42e-05 0.0023 4.014 normal 0.9811751875402583 0.9956651100915593 0.997536441086942 73.22914683115994
0.304 0.022 0.3883333333333333 7.42e-05 0.00215 4.014 normal 0.9777736130262041 0.9945317109399817 0.9967319913712807 138.10052126261036
0.304 0.022 0.3883333333333333 7.42e-05 0.0022500000000000003 4.014 normal 0.9795505787887807 0.9951793677571358 0.9974368319000352 93.24970224389081
0.304 0.022 0.3883333333333333 7.42e-05 0.0022 4.014 normal 0.9794765976224276 0.9947078481806753 0.9972624670217453 114.74366319516206
0.304 0.022 0.3883333333333333 7.42e-05 0.0021 4.014 normal 0.9769900553023527 0.9944272542324204 0.9960747596552474 166.72511561426484
0.304 0.022 0.3883333333333333 7.42e-05 0.00205 4.014 normal 0.9754450983652887 0.994123575498557 0.9955835249220572 201.835464849981
0.304 0.022 0.3883333333333333 7.42e-05 0.002 4.014 normal 0.9747354540562343 0.9937169466276418 0.9953846174000428 241.3752527589886
0.304 0.022 0.3883333333333333 7.42e-05 0.0026 4.014 normal 0.9877211835592219 0.998661842729884 0.9995798762251707 34.22324576633621
0.304 0.022 0.3883333333333333 7.42e-05 0.00255 4.014 normal 0.9864263167753936 0.997912563850246 0.9992497527708323 25.369778354880168
0.304 0.022 0.3883333333333333 7.42e-05 0.00265 4.014 normal 0.988239021784028 0.9991651881343093 0.9996760955770442 47.053606323049216
0.304 0.022 0.3883333333333333 7.42e-05 0.0025 4.014 normal 0.9857954964045187 0.997267898539817 0.998680262796472 22.507839039733998
0.304 0.022 0.3883333333333333 7.42e-05 0.0027 4.014 normal 0.9894721082077256 0.9992476489646488 0.9997616982853488 62.35283894588178
0.304 0.022 0.3883333333333333 7.42e-05 0.00245 4.014 normal 0.9845576918756137 0.9970251302135397 0.9982623543789079 27.28876916653862
0.304 0.022 0.3883333333333333 7.42e-05 0.0024000000000000002 4.014 normal 0.9833153503842074 0.9966363021457366 0.9978545046504962 38.84519884032586
0.304 0.022 0.3883333333333333 7.42e-05 0.00235 4.014 normal 0.9820968276687158 0.99622433665015 0.9976891710315822 55.02597162176559
0.304 0.022 0.3883333333333333 7.42e-05 0.00295 4.014 normal 0.9985299045813723 1.0013770620520774 1.0013015116693988 153.2637868986101
0.304 0.022 0.3883333333333333 7.42e-05 0.0029000000000000002 4.014 normal 0.9985375751631098 0.9989732396009531 1.0011489133867508 133.39887615078322
0.304 0.022 0.3883333333333333 7.42e-05 0.003 4.014 normal 0.9985662131185081 1.0014868067622933 1.0014055643616357 173.99785850065533
0.304 0.022 0.3883333333333333 7.42e-05 0.00285 4.014 normal 0.9934111754263649 0.9986733258150995 1.000557791321192 114.11866878358657
0.304 0.022 0.3883333333333333 7.42e-05 0.0028 4.014 normal 0.9926289521632495 0.9982087390698917 1.0002741925975067 96.75299641260007
0.304 0.022 0.3883333333333333 7.42e-05 0.00275 4.014 normal 0.9903116961108559 0.9994424233349362 1.0000632624939225 79.26036380979845
0.304 0.022 0.405 7.42e-05 0.002 4.014 normal 0.9778668939070445 0.9960165213879605 0.9970562892976266 237.79560378139115
0.304 0.022 0.405 7.42e-05 0.00205 4.014 normal 0.9785482672211 0.9964149061671358 0.9972365589148128 197.4444487349285
0.304 0.022 0.405 7.42e-05 0.00215 4.014 normal 0.9809403084836456 0.9971556544981031 0.9984406468125578 132.90310966318773
0.304 0.022 0.405 7.42e-05 0.0021 4.014 normal 0.9800704482449484 0.9967456353464477 0.9976852892285833 161.81173761292843
0.304 0.022 0.405 7.42e-05 0.0024000000000000002 4.014 normal 0.9865660106877557 0.9992718937185197 0.999685912575432 31.75137711871051
0.304 0.022 0.405 7.42e-05 0.0022500000000000003 4.014 normal 0.9828742186073344 0.9979393731044844 0.9994034724865074 87.47642648283048
0.304 0.022 0.405 7.42e-05 0.00235 4.014 normal 0.9853286091113026 0.9988448605977142 0.9995022859343224 48.25209636451588
0.304 0.022 0.405 7.42e-05 0.00245 4.014 normal 0.9879820928113124 0.9997740770417965 1.0001898176358477 20.15882467617963
0.304 0.022 0.405 7.42e-05 0.0023 4.014 normal 0.9844841376188422 0.9984182225800236 0.9994621147608038 66.9973497503394
0.304 0.022 0.405 7.42e-05 0.0022 4.014 normal 0.9827540273261889 0.9974172445989458 0.9991430226561759 109.36176720116092
0.304 0.022 0.405 7.42e-05 0.00275 4.014 normal 0.9977652784116571 1.0023294481043725 1.0022000643043727 74.0214976991615
0.304 0.022 0.405 7.42e-05 0.0028 4.014 normal 0.9977066992487968 1.0025590696795614 1.002483028917584 91.91194810346825
0.304 0.022 0.405 7.42e-05 0.00285 4.014 normal 0.9975535589256449 1.0028903832717564 1.0027992999963424 109.80539829385475
0.304 0.022 0.405 7.42e-05 0.0027 4.014 normal 0.9930321614476874 1.0021518343100106 1.00178927259846 56.58233278920498
0.304 0.022 0.405 7.42e-05 0.0026 4.014 normal 0.9912128322210122 1.0015684033984988 1.0016307289200543 28.084206900885277
0.304 0.022 0.405 7.42e-05 0.00255 4.014 normal 0.9899359240069124 1.000703771985259 1.0013350651294086 18.887896960930195
0.304 0.022 0.405 7.42e-05 0.00265 4.014 normal 0.9917546763939967 1.0021820038114182 1.001731521682127 41.06049826650572
0.304 0.022 0.405 7.42e-05 0.0025 4.014 normal 0.98934547599269 1.0001039365456177 1.0007918609928428 15.639090269454586
0.304 0.022 0.405 7.42e-05 0.0029000000000000002 4.014 normal 0.9975297368181637 1.0031109383243841 1.0030295971733496 129.23511615476983
0.304 0.022 0.405 7.42e-05 0.00295 4.014 normal 0.9975028400260012 1.003299417355121 1.0032097917385983 149.523797845479
0.304 0.022 0.405 7.42e-05 0.003 4.014 normal 1.0027470341613725 1.0030555536307448 1.0032086417473915 171.16562007600336
0.304 0.022 0.42166666666666663 7.42e-05 0.0022 4.014 normal 0.9857971898994803 0.9996536063932717 1.0007897772847072 106.9136271034118
0.304 0.022 0.42166666666666663 7.42e-05 0.00215 4.014 normal 0.9840250780501393 0.999430100128105 1.000177864373601 130.5632531274181
0.304 0.022 0.42166666666666663 7.42e-05 0.00205 4.014 normal 0.9813122832260348 0.9986809761427824 0.998690262845525 195.8014771032643
0.304 0.022 0.42166666666666663 7.42e-05 0.002 4.014 normal 0.9805781579978017 0.9982201171876597 0.9984351257854293 236.8783071510345
0.304 0.022 0.42166666666666663 7.42e-05 0.0021 4.014 normal 0.9829666537536248 0.9990186123775524 0.9992758943709326 159.71391712394353
0.304 0.022 0.42166666666666663 7.42e-05 0.00245 4.014 normal 0.9909073089604457 1.0021043868135442 1.0017590622564159 16.260611106433863
0.304 0.022 0.42166666666666663 7.42e-05 0.0026 4.014 normal 0.9944525728011103 1.003926976818848 1.0031696616434231 25.069307216646617
0.304 0.022 0.42166666666666663 7.42e-05 0.0024000000000000002 4.014 normal 0.9896271293948804 1.0014714343207458 1.0013510256164526 27.85668512605051
0.304 0.022 0.42166666666666663 7.42e-05 0.0022500000000000003 4.014 normal 0.9859161992049271 1.000192638986508 1.001037999613186 84.6896417762267
0.304 0.022 0.42166666666666663 7.42e-05 0.00255 4.014 normal 0.9930355997833639 1.0028430709941702 1.0029040062864025 15.530665125352431
0.304 0.022 0.42166666666666663 7.42e-05 0.00235 4.014 normal 0.9884335456913742 1.001127519383703 1.0011630242480212 44.62745397555988
0.304 0.022 0.42166666666666663 7.42e-05 0.0023 4.014 normal 0.9875594899235197 1.00068182320073 1.0011079975960242 63.822199221224274
0.304 0.022 0.42166666666666663 7.42e-05 0.0025 4.014 normal 0.9924003385446195 1.0022607091097893 1.002344888853786 11.974131015588558
0.304 0.022 0.42166666666666663 7.42e-05 0.0027 4.014 normal 0.9970371000617502 1.0036865632270948 1.0035106021121023 53.87817600124456
0.304 0.022 0.42166666666666663 7.42e-05 0.0028 4.014 normal 0.9969029664203378 1.0041000227127608 1.0040179076607194 89.8851995385978
0.304 0.022 0.42166666666666663 7.42e-05 0.00295 4.014 normal 1.004420233402969 1.0047353381346258 1.0047634165349268 148.79658341477935
0.304 0.022 0.42166666666666663 7.42e-05 0.003 4.014 normal 1.0048086966369423 1.0050768343402694 1.0049805016384432 170.5278257445782
0.304 0.022 0.42166666666666663 7.42e-05 0.00285 4.014 normal 1.0034659172237241 1.0038775601115904 1.004153429494163 108.60628687394387
0.304 0.022 0.42166666666666663 7.42e-05 0.0029000000000000002 4.014 normal 1.0040016854462568 1.0043534143221544 1.0044989072443367 128.3355664261765
0.304 0.022 0.42166666666666663 7.42e-05 0.00275 4.014 normal 0.9969729723454182 1.0038556911341405 1.003719019519116 71.31069634373858
0.304 0.022 0.42166666666666663 7.42e-05 0.00265 4.014 normal 0.9965847371533946 1.0038438484543064 1.0033315973084125 38.20471661622973
0.304 0.022 0.43833333333333335 7.42e-05 0.00205 4.014 normal 0.9840789196668425 1.0004452675373137 1.0000440590994373 195.68684258953758
0.304 0.022 0.43833333333333335 7.42e-05 0.0023 4.014 normal 0.9900242560537792 1.002557874946326 1.0022727428702827 62.51010332629274
0.304 0.022 0.43833333333333335 7.42e-05 0.0022500000000000003 4.014 normal 0.9883723095740109 1.00195835476529 1.0022108408038868 83.70120689814038
0.304 0.022 0.43833333333333335 7.42e-05 0.0021 4.014 normal 0.9856657689563613 1.0007657629466116 1.000576025413821 159.25528161336746
0.304 0.022 0.43833333333333335 7.42e-05 0.00235 4.014 normal 0.9909610341116312 1.0028985351517656 1.00232408051736 42.946433662756895
0.304 0.022 0.43833333333333335 7.42e-05 0.002 4.014 normal 0.9830955876922668 0.999849129410541 0.9996852015567825 237.34611841125843
0.304 0.022 0.43833333333333335 7.42e-05 0.00215 4.014 normal 0.9865215331313952 1.0010590593090762 1.0013369346619139 129.92533775180078
0.304 0.022 0.43833333333333335 7.42e-05 0.0022 4.014 normal 0.9882150789726304 1.0012565081478169 1.0019782656640572 106.21278022465111
0.304 0.022 0.43833333333333335 7.42e-05 0.0027 4.014 normal 0.9967818558879225 1.0048912149846991 1.0046945529137503 53.05130420138011
0.304 0.022 0.43833333333333335 7.42e-05 0.00265 4.014 normal 0.9965000124834879 1.0049966809138788 1.0045523401840641 37.172370921618516
0.304 0.022 0.43833333333333335 7.42e-05 0.00255 4.014 normal 0.9963977273885399 1.0043832632496654 1.0041746131052827 14.141744709220996
0.304 0.022 0.43833333333333335 7.42e-05 0.0026 4.014 normal 0.9964474377752627 1.0047693161152258 1.0044760788178753 23.947277058619385
0.304 0.022 0.43833333333333335 7.42e-05 0.0024000000000000002 4.014 normal 0.9922078367488872 1.0026888283699444 1.0025054711570682 25.980413703479016
0.304 0.022 0.43833333333333335 7.42e-05 0.00275 4.014 normal 0.9994655716973843 1.006060056745017 1.0050528628346345 70.61671412335384
0.304 0.022 0.43833333333333335 7.42e-05 0.0025 4.014 normal 0.9951129095195287 1.0042150306725188 1.0035213052311758 10.283799697090261
0.304 0.022 0.43833333333333335 7.42e-05 0.00245 4.014 normal 0.9935694903356009 1.0036458207184027 1.002961609847904 14.386323961087369
0.304 0.022 0.43833333333333335 7.42e-05 0.003 4.014 normal 1.0064572592860577 1.0066782185226806 1.0063659201243422 171.3830958458123
0.304 0.022 0.43833333333333335 7.42e-05 0.00285 4.014 normal 1.00509326767373 1.005458069077201 1.005519495876981 108.59688873035236
0.304 0.022 0.43833333333333335 7.42e-05 0.0028 4.014 normal 1.0046091130625283 1.0049837331043858 1.0051320644559003 89.75553629104198
0.304 0.022 0.43833333333333335 7.42e-05 0.00295 4.014 normal 1.0060618879571301 1.0063298442996562 1.0061422524704449 149.36978988194628
0.304 0.022 0.43833333333333335 7.42e-05 0.0029000000000000002 4.014 normal 1.0056344620576105 1.005939273882734 1.0058695148029282 128.65680016180855
0.304 0.022 0.45499999999999996 7.42e-05 0.0021 4.014 normal 0.9878436172221245 1.0019491919438448 1.0012892748410895 159.4704370605608
0.304 0.022 0.45499999999999996 7.42e-05 0.00205 4.014 normal 0.9861323848228326 1.0015620465484434 1.000821254485884 196.17165355040618
0.304 0.022 0.45499999999999996 7.42e-05 0.002 4.014 normal 0.9853958183751963 1.0011014117933767 1.0005877172139062 238.26777491734367
0.304 0.022 0.45499999999999996 7.42e-05 0.00245 4.014 normal 0.9965712034827504 1.004254591986921 1.0038387057611533 13.573144466181622
0.304 0.022 0.45499999999999996 7.42e-05 0.0025 4.014 normal 0.996542518589061 1.0046467673627695 1.0044167913186222 9.588987333707642
0.304 0.022 0.45499999999999996 7.42e-05 0.00215 4.014 normal 0.9888230440118906 1.002749618288193 1.0019796417292262 130.03002242517206
0.304 0.022 0.45499999999999996 7.42e-05 0.0023 4.014 normal 0.9922019495446738 1.0029416034556757 1.0031063660191948 62.066485555144986
0.304 0.022 0.45499999999999996 7.42e-05 0.0022 4.014 normal 0.9904137426086875 1.0023915918040773 1.0027338425115897 106.23794399868643
0.304 0.022 0.45499999999999996 7.42e-05 0.00235 4.014 normal 0.9931529659984901 1.003909656057191 1.0031375598610885 42.2356008608338
0.304 0.022 0.45499999999999996 7.42e-05 0.0024000000000000002 4.014 normal 0.9946122215086336 1.0046567266723228 1.003311673442798 25.097903522056598
0.304 0.022 0.45499999999999996 7.42e-05 0.0022500000000000003 4.014 normal 0.9905861173841108 1.0025639205366603 1.0030090704012373 83.5007316257902
0.304 0.022 0.45499999999999996 7.42e-05 0.00285 4.014 normal 1.0063099308908081 1.0066210473046673 1.0064988518237414 109.14370376137322
0.304 0.022 0.45499999999999996 7.42e-05 0.0029000000000000002 4.014 normal 1.0068539575889008 1.0071056107293637 1.0068518517413259 129.46376958932242
0.304 0.022 0.45499999999999996 7.42e-05 0.0028 4.014 normal 1.005820776350575 1.0061417120516223 1.006107947637928 89.99163587319975
0.304 0.022 0.45499999999999996 7.42e-05 0.00255 4.014 normal 0.9963698306704982 1.0051623803170435 1.0049339706215286 13.686021925524122
0.304 0.022 0.45499999999999996 7.42e-05 0.00275 4.014 normal 1.0044759865410147 1.0055937230508691 1.005605517781374 70.78681445356713
0.304 0.022 0.45499999999999996 7.42e-05 0.0027 4.014 normal 1.0009900085860888 1.0076566231197586 1.0054104330188305 52.83925044174538
0.304 0.022 0.45499999999999996 7.42e-05 0.00265 4.014 normal 0.9996353167989922 1.0071395291006464 1.0054905002217949 36.927456835245984
0.304 0.022 0.45499999999999996 7.42e-05 0.0026 4.014 normal 0.9991522056904982 1.0064687971750819 1.0053340209512136 23.6473532520993
0.304 0.022 0.4716666666666667 7.42e-05 0.0022 4.014 normal 0.9967617581659227 1.003473598417421 1.0033661975915844 106.54597008968653
0.304 0.022 0.45499999999999996 7.42e-05 0.003 4.014 normal 1.007690210032153 1.0078577240788236 1.0073612099671772 172.66231246553664
0.304 0.022 0.45499999999999996 7.42e-05 0.00295 4.014 normal 1.0072863475970286 1.0075007944253167 1.0071278403071369 150.3930074084571
0.304 0.022 0.4716666666666667 7.42e-05 0.00215 4.014 normal 0.9908550707066718 1.0036309789288187 1.0023317898763673 130.06551672750774
0.304 0.022 0.4716666666666667 7.42e-05 0.0021 4.014 normal 0.9896969500480334 1.0031537868072404 1.0016614923160376 159.6248727807434
0.304 0.022 0.4716666666666667 7.42e-05 0.00205 4.014 normal 0.9879114858490448 1.0023058193280474 1.0011669342989924 196.5041219969778
0.304 0.022 0.4716666666666667 7.42e-05 0.002 4.014 normal 0.9870762195912547 1.001770074491937 1.0009805063621384 238.92287172277184
0.304 0.022 0.4716666666666667 7.42e-05 0.0022500000000000003 4.014 normal 0.9922787981222 1.00351002414508 1.0034387507197051 83.33012186271084
0.304 0.022 0.4716666666666667 7.42e-05 0.00235 4.014 normal 0.9967162460903513 1.0039845735592918 1.0037625068784863 41.7711890601278
0.304 0.022 0.4716666666666667 7.42e-05 0.0023 4.014 normal 0.9966850765061601 1.0038761704138706 1.0036960455828412 61.82992738880765
0.304 0.022 0.4716666666666667 7.42e-05 0.0024000000000000002 4.014 normal 0.9966328585528058 1.0043387330176066 1.003848189097618 24.503514049078984
0.304 0.022 0.4716666666666667 7.42e-05 0.00245 4.014 normal 0.9966772599762059 1.0046691198396436 1.0042612536453872 12.993138475417233
0.304 0.022 0.4716666666666667 7.42e-05 0.00265 4.014 normal 1.0015638212659215 1.008639789172117 1.0057494333834345 36.77242886045118
0.304 0.022 0.4716666666666667 7.42e-05 0.00255 4.014 normal 0.9994426382125042 1.0064428401107566 1.0056407116132755 13.316405152693033
0.304 0.022 0.4716666666666667 7.42e-05 0.0025 4.014 normal 0.9988699883874872 1.0058109154034485 1.0048982235757116 9.084526389671561
0.304 0.022 0.4716666666666667 7.42e-05 0.0026 4.014 normal 1.0008319718049534 1.0073847656366912 1.0058692254253108 23.440055534605246
0.304 0.022 0.4716666666666667 7.42e-05 0.003 4.014 normal 1.0085083900989085 1.0086170024131376 1.0079691516367502 173.5397156428397
0.304 0.022 0.4716666666666667 7.42e-05 0.00295 4.014 normal 1.0080965568894533 1.0082518285363593 1.007725405022241 151.0425272941573
0.304 0.022 0.4716666666666667 7.42e-05 0.00285 4.014 normal 1.007111776933173 1.007364336622616 1.00709055049559 109.47263060809091
0.304 0.022 0.4716666666666667 7.42e-05 0.0029000000000000002 4.014 normal 1.007659751336728 1.0078525179398383 1.0074459250484045 129.95758317209282
0.304 0.022 0.4716666666666667 7.42e-05 0.0028 4.014 normal 1.0066187291790258 1.006880737113983 1.006694899261606 90.04484705979273
0.304 0.022 0.4716666666666667 7.42e-05 0.0027 4.014 normal 1.0052475719241931 1.0061771827144548 1.0059123266233563 52.84990880809515
0.304 0.022 0.4716666666666667 7.42e-05 0.00275 4.014 normal 1.0057303803008344 1.0064974315524087 1.0062049061158247 70.71801716632052
0.304 0.022 0.4883333333333333 7.42e-05 0.002 4.014 normal 0.9883900945504268 1.001886569226823 1.0009957586062082 238.81885340771038
0.304 0.022 0.4883333333333333 7.42e-05 0.0022500000000000003 4.014 normal 0.9966623783415358 1.0038240751243201 1.0036857508571493 82.85312266412762
0.304 0.022 0.4883333333333333 7.42e-05 0.0023 4.014 normal 0.996777957876927 1.0039172575818307 1.0037488415705276 61.0260556135988
0.304 0.022 0.4883333333333333 7.42e-05 0.00235 4.014 normal 0.9968041994540447 1.0040322243610922 1.0038220822180757 40.9160972947194
0.304 0.022 0.4883333333333333 7.42e-05 0.0022 4.014 normal 0.9968596994509158 1.003507628964791 1.0034128257899535 105.82433827198511
0.304 0.022 0.4883333333333333 7.42e-05 0.00215 4.014 normal 0.9970438415087307 1.003070538301047 1.002859338214234 129.992112327307
0.304 0.022 0.4883333333333333 7.42e-05 0.0024000000000000002 4.014 normal 0.9968732733977425 1.00439530731486 1.003917969870977 23.654596662726963
0.304 0.022 0.4883333333333333 7.42e-05 0.00205 4.014 normal 0.9892263642477885 1.0026750520199488 1.0012152053230707 196.22556069147524
0.304 0.022 0.4883333333333333 7.42e-05 0.0021 4.014 normal 0.9910789220722774 1.003459858962155 1.0017119333086135 159.24287765022936
0.304 0.022 0.4883333333333333 7.42e-05 0.0028 4.014 normal 1.0070057971684196 1.0072034554571359 1.0068957731452828 89.4471540511834
0.304 0.022 0.4883333333333333 7.42e-05 0.00275 4.014 normal 1.0063351033998282 1.0069001482684328 1.0064028373603782 70.05370841103652
0.304 0.022 0.4883333333333333 7.42e-05 0.0027 4.014 normal 1.0059072839196077 1.0065885385682762 1.0061169050222616 52.162341298771025
0.304 0.022 0.4883333333333333 7.42e-05 0.00265 4.014 normal 1.0052946691550555 1.006250154387588 1.0059371586745074 36.246087385273775
0.304 0.022 0.4883333333333333 7.42e-05 0.0026 4.014 normal 1.0022955238446118 1.0082617448906668 1.0057705221803626 22.795613966787556
0.304 0.022 0.4883333333333333 7.42e-05 0.0025 4.014 normal 1.0001772639059439 1.0061333815645177 1.005021323001115 8.294019271854696
0.304 0.022 0.4883333333333333 7.42e-05 0.00245 4.014 normal 0.9987513317815199 1.0058435337592135 1.0043750795266562 12.114793847575212
0.304 0.022 0.4883333333333333 7.42e-05 0.00255 4.014 normal 1.0008014615947995 1.0068435243243419 1.0055854927550676 12.60880867340723
0.304 0.022 0.4883333333333333 7.42e-05 0.00285 4.014 normal 1.0075011444539321 1.0076894126004063 1.0072934174096682 108.9856437569507
0.304 0.022 0.505 7.42e-05 0.00215 4.014 normal 0.9973522704983674 1.0027519366311861 1.0025565464081312 128.58985386287003
0.304 0.022 0.505 7.42e-05 0.0021 4.014 normal 0.9977494813297433 1.002146722751215 1.0018399481552986 158.57944895635836
0.304 0.022 0.4883333333333333 7.42e-05 0.0029000000000000002 4.014 normal 1.0080521238299365 1.008180732344367 1.007652074116212 129.5950679816292
0.304 0.022 0.4883333333333333 7.42e-05 0.003 4.014 normal 1.0095391205499407 1.00963450326334 1.007851531306606 173.33497695603887
0.304 0.022 0.4883333333333333 7.42e-05 0.00295 4.014 normal 1.0088908696011365 1.0090936740976009 1.0076896081343847 150.76209694340992
0.304 0.022 0.505 7.42e-05 0.002 4.014 normal 0.9901057010750088 0.9998461141202779 1.0005145798643598 237.80024889170886
0.304 0.022 0.505 7.42e-05 0.00205 4.014 normal 0.9900337643337259 1.0022413710205937 1.0009425818595228 195.05425314304313
0.304 0.022 0.505 7.42e-05 0.0022 4.014 normal 0.9971665048481546 1.0031917421762782 1.0031118238309351 104.4029720740801
0.304 0.022 0.505 7.42e-05 0.0022500000000000003 4.014 normal 0.9969665273898775 1.0035115153505991 1.0033881290687683 81.48269819734088
0.304 0.022 0.505 7.42e-05 0.00235 4.014 normal 0.9971014638661437 1.0037286835563868 1.0035336851047918 39.54061905363478
0.304 0.022 0.505 7.42e-05 0.0023 4.014 normal 0.9970793760509077 1.0036082267077704 1.0034544542948263 59.63435111230484
0.304 0.022 0.505 7.42e-05 0.0024000000000000002 4.014 normal 0.9972767735632297 1.0040991642175696 1.0036144362847572 22.310321767593443
0.304 0.022 0.505 7.42e-05 0.00245 4.014 normal 0.9996047052941318 1.0054959920870807 1.0041273568673015 10.752533848558814
0.304 0.022 0.505 7.42e-05 0.00255 4.014 normal 1.001601354092384 1.0066459176247116 1.0053302915850437 11.278922110047942
0.304 0.022 0.505 7.42e-05 0.0025 4.014 normal 1.0010083460159034 1.0059279189275874 1.0047306391989423 6.875219958340175
0.304 0.022 0.505 7.42e-05 0.0028 4.014 normal 1.0069818944710034 1.0071102203345743 1.0067100015837338 87.89096831009418
0.304 0.022 0.505 7.42e-05 0.0026 4.014 normal 1.0051158047575328 1.0058285476768118 1.005597150088899 21.49744657816852
0.304 0.022 0.505 7.42e-05 0.00285 4.014 normal 1.0076864880451135 1.007942082050454 1.0069518718100139 107.39134038196356
0.304 0.022 0.505 7.42e-05 0.00265 4.014 normal 1.0055181314352073 1.0062243720534956 1.0057575955693763 34.79739814457481
0.304 0.022 0.505 7.42e-05 0.00295 4.014 normal 1.0091226789293506 1.0091606903265966 1.007426222063428 149.30653070895826
0.304 0.022 0.505 7.42e-05 0.0029000000000000002 4.014 normal 1.0084519067099376 1.008582724711464 1.007225485646116 128.0410107404611
0.304 0.022 0.505 7.42e-05 0.00275 4.014 normal 1.0064467144132698 1.0068607666233262 1.006192122118971 68.5293695271711
0.304 0.022 0.505 7.42e-05 0.0027 4.014 normal 1.0060401876652756 1.0065494049893442 1.0059165657140376 50.68671628208768
0.304 0.022 0.5216666666666667 7.42e-05 0.002 4.014 normal 0.9994340485002805 0.9994340485002805 1.0007074393746493 237.12444305724281
0.304 0.022 0.5216666666666667 7.42e-05 0.00205 4.014 normal 0.9992969090343592 0.9992969090343592 1.0008788637070511 194.28747445802665
0.304 0.022 0.5216666666666667 7.42e-05 0.0021 4.014 normal 0.9982661943699432 1.0014792579271221 1.0011900615940752 156.59619039313478
0.304 0.022 0.5216666666666667 7.42e-05 0.0022 4.014 normal 0.9976788390722389 1.0025290916885572 1.0024666771271356 102.29625655154796
0.304 0.022 0.5216666666666667 7.42e-05 0.00215 4.014 normal 0.9978682043728184 1.002085792760992 1.001907632788838 126.55831317010853
0.304 0.022 0.5216666666666667 7.42e-05 0.0023 4.014 normal 0.9975881178991843 1.0029508359435388 1.0028144942410602 57.63474839759495
0.304 0.022 0.5216666666666667 7.42e-05 0.0022500000000000003 4.014 normal 0.9974786856008221 1.0028502803590138 1.0027442638997177 79.4757334444705
0.304 0.022 0.505 7.42e-05 0.003 4.014 normal 1.0098317970910067 1.0097392992960654 1.0075831300478577 171.91986520969468
0.304 0.022 0.5216666666666667 7.42e-05 0.00235 4.014 normal 0.9976075170124741 1.0030746685597258 1.002897703156928 37.62580739662329
0.304 0.022 0.5216666666666667 7.42e-05 0.0024000000000000002 4.014 normal 0.9977852588983945 1.0034426461224741 1.0029765485356237 20.454113150858788
0.304 0.022 0.5216666666666667 7.42e-05 0.0027 4.014 normal 1.0057314958743584 1.0060921449658684 1.0053141090624953 48.42806947221761
0.304 0.022 0.5216666666666667 7.42e-05 0.00265 4.014 normal 1.005231217557982 1.0057518245110548 1.0051792909443578 32.624615328214446
0.304 0.022 0.5216666666666667 7.42e-05 0.0026 4.014 normal 1.004868967214099 1.0053631674816352 1.005030315686863 19.371066073510345
0.304 0.022 0.5216666666666667 7.42e-05 0.00255 4.014 normal 1.0021487454437363 1.0062157611780391 1.0045880190886274 9.326401168198737
0.304 0.022 0.5216666666666667 7.42e-05 0.00245 4.014 normal 0.9999967569887726 1.0047594180690065 1.0035295720271498 8.902210113135048
0.304 0.022 0.5216666666666667 7.42e-05 0.0025 4.014 normal 1.0013336321896744 1.0051657708020967 1.0041927168850981 4.9845038184391806
0.304 0.022 0.5216666666666667 7.42e-05 0.00275 4.014 normal 1.0061373267887115 1.0064085049370788 1.0055807020100873 66.15879346169952
0.304 0.022 0.5216666666666667 7.42e-05 0.0028 4.014 normal 1.0068252166995022 1.0069424380499585 1.0059705469221571 85.37893802878106
0.304 0.022 0.5216666666666667 7.42e-05 0.00295 4.014 normal 1.0090066783999148 1.0088344235865983 1.0067752671893457 146.64175875457335
0.304 0.022 0.5216666666666667 7.42e-05 0.0029000000000000002 4.014 normal 1.0082692201315622 1.0082160902365394 1.0065800990122675 125.36957351003531
0.304 0.022 0.5216666666666667 7.42e-05 0.00285 4.014 normal 1.0074318122639367 1.007530395678729 1.0063174580739684 104.72784038185945
0.304 0.022 0.5383333333333333 7.42e-05 0.00205 4.014 normal 0.9931172190548191 0.9973163082413243 0.9996772723974177 190.79214375251354
0.304 0.022 0.5383333333333333 7.42e-05 0.002 4.014 normal 0.9927085541580707 0.9967567130251058 0.9994402790145988 233.2283841725979
0.304 0.022 0.5216666666666667 7.42e-05 0.003 4.014 normal 1.010943344994872 1.010303361901466 1.0069265363706739 169.1702457975996
0.304 0.022 0.5383333333333333 7.42e-05 0.0021 4.014 normal 0.9991954957392402 0.9991954957392402 0.9991954957392402 154.3751987129916
0.304 0.022 0.5383333333333333 7.42e-05 0.0022500000000000003 4.014 normal 0.9981974799193487 1.001841443744348 1.001754751094167 77.12621451025724
0.304 0.022 0.5383333333333333 7.42e-05 0.00215 4.014 normal 0.9985694769153437 0.9990658153424276 1.000933720984175 124.16259287670395
0.304 0.022 0.5383333333333333 7.42e-05 0.00235 4.014 normal 0.9983339976256562 1.0020561308863698 1.0018956840586062 35.25508056295145
0.304 0.022 0.5383333333333333 7.42e-05 0.0024000000000000002 4.014 normal 0.9983199581213462 1.0022547133062147 1.002084652473457 18.372641399544325
0.304 0.022 0.5383333333333333 7.42e-05 0.0023 4.014 normal 0.998302539340646 1.0019469456175205 1.0018309572258066 55.3013617534618
0.304 0.022 0.5383333333333333 7.42e-05 0.0022 4.014 normal 0.9984011886367818 1.0015170372629523 1.0014734268084955 99.83601465468915
0.304 0.022 0.5383333333333333 7.42e-05 0.00245 4.014 normal 0.9999101356098703 1.0035331964367078 1.0025694097752784 6.831618487793472
0.304 0.022 0.5383333333333333 7.42e-05 0.0028 4.014 normal 1.0061968878829783 1.0061247664064135 1.0049484383519984 82.15512940533164
0.304 0.022 0.5383333333333333 7.42e-05 0.00275 4.014 normal 1.00546232702846 1.0055700951338833 1.0045711475781869 63.21048008601641
0.304 0.022 0.5383333333333333 7.42e-05 0.00265 4.014 normal 1.0045036144270059 1.0048627561085046 1.0042036559715322 29.964630218380062
0.304 0.022 0.5383333333333333 7.42e-05 0.0026 4.014 normal 1.0041424416575622 1.0044568473238729 1.004070726929679 16.82226813687308
0.304 0.022 0.5383333333333333 7.42e-05 0.00285 4.014 normal 1.0068442673558042 1.006739656633626 1.0052910630190695 101.25387041183264
0.304 0.022 0.5383333333333333 7.42e-05 0.0027 4.014 normal 1.0050392241490806 1.0052451228486894 1.0043138468972004 45.66223771171556
0.304 0.022 0.5383333333333333 7.42e-05 0.00255 4.014 normal 1.0021457049695002 1.004851368501739 1.003645713047929 7.011285519281272
0.304 0.022 0.5383333333333333 7.42e-05 0.0025 4.014 normal 1.001323142214161 1.003939442159298 1.0031743833698326 2.8068270796280994
0.304 0.022 0.5549999999999999 7.42e-05 0.0022 4.014 normal 0.9993712845616474 0.9993712845616474 0.9993712845616474 97.60863989644261
0.304 0.022 0.5383333333333333 7.42e-05 0.003 4.014 normal 1.010592407457942 1.0094631137579377 1.0059412355033037 165.46152815845278
0.304 0.022 0.5549999999999999 7.42e-05 0.002 4.014 normal 0.9950082014345322 0.9963357587297457 0.9977570726815468 230.62030987662112
0.304 0.022 0.5549999999999999 7.42e-05 0.00215 4.014 normal 0.9946364042952338 0.9971712286820418 0.999552674073376 121.40559266529644
0.304 0.022 0.5383333333333333 7.42e-05 0.0029000000000000002 4.014 normal 1.0087222012061228 1.0081499418582733 1.0055376565577012 121.7483407951518
0.304 0.022 0.5383333333333333 7.42e-05 0.00295 4.014 normal 1.0096470861018385 1.0088259977040177 1.0057571843103057 142.95791108002032
0.304 0.022 0.5549999999999999 7.42e-05 0.00205 4.014 normal 0.9911879743708086 0.9967633659014009 0.9982317115560276 188.09045687011553
0.304 0.022 0.5549999999999999 7.42e-05 0.0021 4.014 normal 0.9925600365770997 0.9974523750650861 0.9987387895990607 151.28868290981256
0.304 0.022 0.5549999999999999 7.42e-05 0.0024000000000000002 4.014 normal 0.9992427442596716 1.0009002699306901 1.0007521466325053 16.662240762814495
0.304 0.022 0.5549999999999999 7.42e-05 0.0023 4.014 normal 0.9992215457544031 0.9994972693811839 1.0005045375603367 53.28089148794111
0.304 0.022 0.5549999999999999 7.42e-05 0.00235 4.014 normal 0.99925370402759 1.000705758281049 1.0005673679605176 33.43557520868491
0.304 0.022 0.5549999999999999 7.42e-05 0.0026 4.014 normal 1.0029883727861493 1.0031373793631908 1.0027159791578155 14.384143227492476
0.304 0.022 0.5549999999999999 7.42e-05 0.00255 4.014 normal 1.0021987132482733 1.002399647317431 1.002318377766879 4.874033674835432
0.304 0.022 0.5549999999999999 7.42e-05 0.00245 4.014 normal 0.9991715047326528 1.0014124407633465 1.0011088051243424 5.072402843085445
0.304 0.022 0.5549999999999999 7.42e-05 0.0022500000000000003 4.014 normal 0.9950457407910578 0.9989567657447127 1.000187475932174 74.70322365777197
0.304 0.022 0.5549999999999999 7.42e-05 0.0025 4.014 normal 1.0009197190063224 1.0022217821469768 1.001768556630716 0.8835255383454175
0.304 0.022 0.5549999999999999 7.42e-05 0.00265 4.014 normal 1.0034018979682178 1.0036018929731478 1.0028147184806728 27.128335142170677
0.304 0.022 0.5549999999999999 7.42e-05 0.0027 4.014 normal 1.0040639606982382 1.0040657942914528 1.0029256639943886 42.921122696581016
0.304 0.022 0.5549999999999999 7.42e-05 0.0028 4.014 normal 1.0053259042175422 1.0049720015819488 1.003537838445129 78.75894395140246
0.304 0.022 0.5549999999999999 7.42e-05 0.00275 4.014 normal 1.004516622288763 1.0043955657124515 1.0031756303090376 60.21352744517297
0.304 0.022 0.5549999999999999 7.42e-05 0.00285 4.014 normal 1.0067801968354895 1.0060673558596134 1.003897033373479 97.45953874922228
0.304 0.022 0.5549999999999999 7.42e-05 0.0029000000000000002 4.014 normal 1.0079412670668035 1.006832834154148 1.0041810999109724 117.8128283127667
0.304 0.022 0.5549999999999999 7.42e-05 0.003 4.014 normal 1.009861653379606 1.0081015749178137 1.0045799862789044 161.23543811856018
0.304 0.022 0.5549999999999999 7.42e-05 0.00295 4.014 normal 1.0088937544790137 1.0074906006223774 1.0044020611994096 138.89597873929324
0.304 0.022 0.5716666666666667 7.42e-05 0.00235 4.014 normal 0.997960504040673 0.9983143555419637 0.9987078000016338 32.599815030840325
0.304 0.022 0.5716666666666667 7.42e-05 0.002 4.014 normal 0.9936978584661664 0.9946611445315588 0.9959149508594612 228.39765179208305
0.304 0.022 0.5716666666666667 7.42e-05 0.00215 4.014 normal 0.9956283518548559 0.9963409287842931 0.9975631011433491 119.99264398139077
0.304 0.022 0.5716666666666667 7.42e-05 0.0022 4.014 normal 0.9965023075030038 0.9970082547839855 0.9982411303188496 95.63647878951616
0.304 0.022 0.5716666666666667 7.42e-05 0.00205 4.014 normal 0.994157178913138 0.9950906736410893 0.9961954679946419 186.5959992273849
0.304 0.022 0.5716666666666667 7.42e-05 0.0023 4.014 normal 0.997519885552012 0.9979367038254243 0.9986264961926666 52.079751047550545
0.304 0.022 0.5716666666666667 7.42e-05 0.0021 4.014 normal 0.9949743808657489 0.9957390616645636 0.9967446342437236 149.9481099096458
0.304 0.022 0.5716666666666667 7.42e-05 0.0022500000000000003 4.014 normal 0.9942690841788716 0.9968893759198076 0.9986316027536063 73.35077218313317
0.304 0.022 0.5716666666666667 7.42e-05 0.0025 4.014 normal 1.0000384077355673 1.0000409109114285 1.0000409109114285 0.00041956409790912426
0.304 0.022 0.5716666666666667 7.42e-05 0.00255 4.014 normal 1.000627174161527 1.0006347618754055 1.000616102705255 3.715002208049692
0.304 0.022 0.5716666666666667 7.42e-05 0.0026 4.014 normal 1.0012629971421307 1.0012449746114336 1.001061973496169 12.869880255953094
0.304 0.022 0.5716666666666667 7.42e-05 0.00265 4.014 normal 1.0015412902660012 1.0015334993254053 1.0012305370522285 25.44342677853438
0.304 0.022 0.5716666666666667 7.42e-05 0.00275 4.014 normal 1.002233286964523 1.0021139788397437 1.0016953829584747 57.99992271627706
0.304 0.022 0.5716666666666667 7.42e-05 0.0024000000000000002 4.014 normal 0.9985442398329587 0.9987928590655083 0.9989306710848763 16.05663840482886
0.304 0.022 0.5716666666666667 7.42e-05 0.00245 4.014 normal 0.9992502362497324 0.9993894102741551 0.9994190505400313 4.3997650768748855
0.304 0.022 0.5716666666666667 7.42e-05 0.0027 4.014 normal 1.0032933385164646 1.002646401582193 1.0012152536863803 40.98122629743296
0.304 0.022 0.5883333333333334 7.42e-05 0.002 4.014 normal 0.9917975491520598 0.9925302686529561 0.9937908081632516 227.89208295780693
0.304 0.022 0.5883333333333334 7.42e-05 0.0021 4.014 normal 0.9930612644210955 0.9936051694301222 0.9946370782661823 150.04280133822814
0.304 0.022 0.5883333333333334 7.42e-05 0.00205 4.014 normal 0.992254480119808 0.9929577873119575 0.9940815578846843 186.54738093647913
0.304 0.022 0.5716666666666667 7.42e-05 0.0028 4.014 normal 1.0049272078531704 1.0035341887757552 1.0018205993372835 75.97392155455002
0.304 0.022 0.5716666666666667 7.42e-05 0.003 4.014 normal 1.0088030175668727 1.0061181393728473 1.0028445998694209 157.37221855863461
0.304 0.022 0.5716666666666667 7.42e-05 0.0029000000000000002 4.014 normal 1.006862176930612 1.0049269284307754 1.0024554307367048 114.29591717172275
0.304 0.022 0.5716666666666667 7.42e-05 0.00285 4.014 normal 1.0056673195329113 1.004210192244256 1.0021718075251347 94.16736211587691
0.304 0.022 0.5716666666666667 7.42e-05 0.00295 4.014 normal 1.0078263954856939 1.005547814416703 1.0026730893856417 135.19350918058754
0.304 0.022 0.5883333333333334 7.42e-05 0.0023 4.014 normal 0.9955931380083137 0.9957888456098424 0.9964859018731306 52.90879851032135
0.304 0.022 0.5883333333333334 7.42e-05 0.00215 4.014 normal 0.9937526108124425 0.9942191735308106 0.9954041629020035 120.31132979278038
0.304 0.022 0.5883333333333334 7.42e-05 0.00245 4.014 normal 0.9972478833138003 0.9972102074743965 0.9973246715850431 5.862743474301383
0.304 0.022 0.5883333333333334 7.42e-05 0.0024000000000000002 4.014 normal 0.9965491491870242 0.9966160507192305 0.9968346806113306 17.56731614125684
0.304 0.022 0.5883333333333334 7.42e-05 0.0022 4.014 normal 0.9946496194652215 0.9949115299554139 0.9960609659443691 95.89073485232973
0.304 0.022 0.5883333333333334 7.42e-05 0.00235 4.014 normal 0.9959889141025269 0.9961437572059577 0.9965920085388156 33.87410363663258
0.304 0.022 0.5883333333333334 7.42e-05 0.0022500000000000003 4.014 normal 0.9949409321702305 0.9952696914879274 0.9963453811806696 74.08396028423016
0.304 0.022 0.5883333333333334 7.42e-05 0.0025 4.014 normal 0.9986484251353521 0.997371630612945 0.9979542991750747 1.1815664195614954
0.304 0.022 0.5883333333333334 7.42e-05 0.0028 4.014 normal 1.000795029423574 1.000795029423574 0.999363976461141 75.05430027001943
0.304 0.022 0.5883333333333334 7.42e-05 0.00285 4.014 normal 1.0005365437983371 1.0005365437983371 1.0005365437983371 92.7827697327805
0.304 0.022 0.5883333333333334 7.42e-05 0.00275 4.014 normal 1.001099173650898 1.000847197032905 0.9993448566323188 57.4434800337301
0.304 0.022 0.5883333333333334 7.42e-05 0.0027 4.014 normal 1.0013042909524417 0.9990935187626332 0.999094960812514 40.818732056898135
0.304 0.022 0.5883333333333334 7.42e-05 0.00265 4.014 normal 1.001125417949634 0.9991613316298383 0.9990275731655169 25.58982230173763
0.304 0.022 0.5883333333333334 7.42e-05 0.0026 4.014 normal 1.001102062279499 0.9989814082403302 0.9989253081232227 13.270251613635375
0.304 0.022 0.5883333333333334 7.42e-05 0.0029000000000000002 4.014 normal 1.0056829141052042 1.0022007307208034 1.0003518650819494 112.21199648311892
0.304 0.022 0.5883333333333334 7.42e-05 0.00255 4.014 normal 0.9991450338550617 0.9979085137733449 0.9985223729586981 4.549006850017114
0.304 0.022 0.605 7.42e-05 0.0021 4.014 normal 0.9907084436799212 0.9910594426470781 0.9921961576212092 153.425834324254
0.304 0.022 0.605 7.42e-05 0.00215 4.014 normal 0.9913986385338316 0.9916696625180772 0.9929457919050075 123.76812511528432
0.304 0.022 0.605 7.42e-05 0.0022500000000000003 4.014 normal 0.9925714422905608 0.9927079402728717 0.9938771711464409 77.78062621053469
0.304 0.022 0.605 7.42e-05 0.00205 4.014 normal 0.9899144170963332 0.9904190046845678 0.9916405128919111 189.62066396982095
0.304 0.022 0.605 7.42e-05 0.0022 4.014 normal 0.9922756667634595 0.99234904975715 0.9935862662367909 99.42691978717406
0.304 0.022 0.605 7.42e-05 0.002 4.014 normal 0.989461030123427 0.9899932362637803 0.9913408340387594 230.40154181684463
0.304 0.022 0.5883333333333334 7.42e-05 0.00295 4.014 normal 1.006618530635519 1.0028269405771941 1.0005678058661278 132.90336354769184
0.304 0.022 0.5883333333333334 7.42e-05 0.003 4.014 normal 1.007580385385397 1.0033860959190088 1.0007222619574987 154.52742411820228
0.304 0.022 0.605 7.42e-05 0.0023 4.014 normal 0.9932075789644277 0.993220251900509 0.9940375923815814 57.019488853983304
0.304 0.022 0.605 7.42e-05 0.0026 4.014 normal 0.9969628905731754 0.9965660390924084 0.9964912296184617 16.91402841171289
0.304 0.022 0.605 7.42e-05 0.0024000000000000002 4.014 normal 0.9941532337195991 0.994040475292373 0.994395005432437 22.467309304231087
0.304 0.022 0.605 7.42e-05 0.00265 4.014 normal 0.9973291910260403 0.9969419672406205 0.9966596809006961 29.106061288871462
0.304 0.022 0.605 7.42e-05 0.00245 4.014 normal 0.9948503559705234 0.9946332314409186 0.9948908988366814 10.671589911440387
0.304 0.022 0.605 7.42e-05 0.00235 4.014 normal 0.9936091034986544 0.9935826190753332 0.9941730977050436 38.606822361007126
0.304 0.022 0.605 7.42e-05 0.0025 4.014 normal 0.99671771254268 0.9941283272634782 0.9955187456466713 5.693013120597503
0.304 0.022 0.605 7.42e-05 0.00255 4.014 normal 0.9972782969793261 0.9947321106695954 0.9960798217223839 8.660736648088807
0.304 0.022 0.605 7.42e-05 0.003 4.014 normal 1.003710544341255 0.9979444626869871 0.9983535097477038 154.72771983327047
0.304 0.022 0.6216666666666666 7.42e-05 0.002 4.014 normal 0.9867235066819054 0.9870605292025625 0.9885527725261394 237.4249733526804
0.304 0.022 0.605 7.42e-05 0.00275 4.014 normal 1.0029382885363654 0.9971507290294537 0.9970568865677866 59.92058988488765
0.304 0.022 0.605 7.42e-05 0.0027 4.014 normal 0.9978605839779541 0.9973049587737806 0.9968513093896934 43.86531992654011
0.304 0.022 0.605 7.42e-05 0.00295 4.014 normal 1.00341275269036 0.9978323968195052 0.9981408652907443 133.32074494252385
0.304 0.022 0.605 7.42e-05 0.00285 4.014 normal 1.0030894780929192 0.997516521047119 0.9976415863936285 93.53717432287544
0.304 0.022 0.605 7.42e-05 0.0029000000000000002 4.014 normal 1.0032517505510856 0.9976737793317724 0.9979036777233001 112.84900995945189
0.304 0.022 0.605 7.42e-05 0.0028 4.014 normal 1.0031430096235225 0.9972415774888318 0.9973309140308125 76.6729165383103
0.304 0.022 0.6216666666666666 7.42e-05 0.0022500000000000003 4.014 normal 0.9897935477397728 0.9897414148235808 0.9910735124555459 86.19808837044498
0.304 0.022 0.6216666666666666 7.42e-05 0.00205 4.014 normal 0.9871809808806673 0.9874898563899837 0.9888687389512583 197.18555199884767
0.304 0.022 0.6216666666666666 7.42e-05 0.0022 4.014 normal 0.9895016488083168 0.9893887807753751 0.9907863868093701 107.5181373169577
0.304 0.022 0.6216666666666666 7.42e-05 0.0024000000000000002 4.014 normal 0.991356201397514 0.9910595615098035 0.991604580871619 32.161401769929384
0.304 0.022 0.6216666666666666 7.42e-05 0.00235 4.014 normal 0.9908182837866911 0.9906065492028853 0.9913801643994579 47.96621363523252
0.304 0.022 0.6216666666666666 7.42e-05 0.0023 4.014 normal 0.9904222809974121 0.990249570226207 0.9912455241339632 65.85578444955516
0.304 0.022 0.6216666666666666 7.42e-05 0.0021 4.014 normal 0.9879584913635393 0.9881186790396984 0.9894155002647567 161.4404287728956
0.304 0.022 0.6216666666666666 7.42e-05 0.00215 4.014 normal 0.98863800596083 0.9887176988632324 0.9901485323173104 131.9231295522756
0.304 0.022 0.6216666666666666 7.42e-05 0.0027 4.014 normal 0.9949285851502206 0.9942192571721079 0.9940004889309284 51.46730820466929
0.304 0.022 0.6216666666666666 7.42e-05 0.00245 4.014 normal 0.9920434629819231 0.9916429929809708 0.9920954207074284 20.277837636978045
0.304 0.022 0.6216666666666666 7.42e-05 0.00275 4.014 normal 0.9953178945132941 0.9945284668571395 0.9942759235084758 67.0534450447888
0.304 0.022 0.6216666666666666 7.42e-05 0.0028 4.014 normal 0.995973033414539 0.9950325847646118 0.9946853315479984 83.1404459546642
0.304 0.022 0.6216666666666666 7.42e-05 0.00265 4.014 normal 0.9944481948746824 0.9938880319414001 0.993820417328398 37.06190133625006
0.304 0.022 0.6216666666666666 7.42e-05 0.0026 4.014 normal 0.996045757772116 0.9908588708694588 0.993768489025365 25.181101429472417
0.304 0.022 0.6216666666666666 7.42e-05 0.00255 4.014 normal 0.9949659555675807 0.9912106193849157 0.9932766511317274 17.443334149546676
0.304 0.022 0.6216666666666666 7.42e-05 0.0025 4.014 normal 0.9944143408880002 0.990589391178877 0.9927120885998812 14.985337591619576
0.304 0.022 0.6383333333333333 7.42e-05 0.0021 4.014 normal 0.9848168969062637 0.9847831015951066 0.9862930404277532 175.77884142348879
0.304 0.022 0.6383333333333333 7.42e-05 0.002 4.014 normal 0.9836038983271747 0.9837432886813076 0.9854369910698657 250.4556526560518
0.304 0.022 0.6383333333333333 7.42e-05 0.00215 4.014 normal 0.985480827829144 0.9853681062205198 0.987008000642843 146.35298293813239
0.304 0.022 0.6383333333333333 7.42e-05 0.00205 4.014 normal 0.9840581483994482 0.984169260154204 0.9857575565095636 210.88020197187728
0.304 0.022 0.6216666666666666 7.42e-05 0.0029000000000000002 4.014 normal 1.0048729152946891 0.9952999369508955 0.9952881722531675 117.86622431116166
0.304 0.022 0.6216666666666666 7.42e-05 0.00285 4.014 normal 0.996565408953718 0.9955783142980712 0.9950770244624976 99.21598200645283
0.304 0.022 0.6216666666666666 7.42e-05 0.003 4.014 normal 1.0053331977333484 0.9954355255084487 0.9955308034121743 158.7982481993037
0.304 0.022 0.6216666666666666 7.42e-05 0.00295 4.014 normal 1.0050997930563257 0.9953849045406595 0.9954283843440872 137.7120651240598
0.304 0.022 0.6383333333333333 7.42e-05 0.0022 4.014 normal 0.9863269096839248 0.9860249448360086 0.987635153169515 121.93346572257627
0.304 0.022 0.6383333333333333 7.42e-05 0.00245 4.014 normal 0.9888316613818291 0.9882443749108943 0.9889426332586562 36.29273359040339
0.304 0.022 0.6383333333333333 7.42e-05 0.00235 4.014 normal 0.9876245465723861 0.987223780290122 0.9882283113476952 63.81425222230032
0.304 0.022 0.6383333333333333 7.42e-05 0.0022500000000000003 4.014 normal 0.9866187506633164 0.986374519484889 0.9879221005273489 101.06824618045582
0.304 0.022 0.6383333333333333 7.42e-05 0.0025 4.014 normal 0.989552943402389 0.988843806971163 0.9895054438481933 30.845027704759737
0.304 0.022 0.6383333333333333 7.42e-05 0.0024000000000000002 4.014 normal 0.9881540907056381 0.9876697505875449 0.988456352035762 48.31057905865299
0.304 0.022 0.6383333333333333 7.42e-05 0.00255 4.014 normal 0.9901237862113575 0.9894250548603599 0.9900722465679498 32.73109915088692
0.304 0.022 0.6383333333333333 7.42e-05 0.0023 4.014 normal 0.9872357041495496 0.9868740748270382 0.9880970743050567 81.09537240264162
0.304 0.022 0.6383333333333333 7.42e-05 0.00285 4.014 normal 0.993169777321424 0.9920427506782515 0.9918435752213162 110.64839732455613
0.304 0.022 0.6383333333333333 7.42e-05 0.0028 4.014 normal 0.9926160946742033 0.9915237286446406 0.9914600635199028 95.49084223955842
0.304 0.022 0.6383333333333333 7.42e-05 0.0029000000000000002 4.014 normal 0.9938521418223683 0.9925938361791684 0.9921949794067608 129.03218512281268
0.304 0.022 0.6383333333333333 7.42e-05 0.00295 4.014 normal 0.9944328741892692 0.9930674908604232 0.9924692403352117 148.65275958387926
0.304 0.022 0.6383333333333333 7.42e-05 0.00275 4.014 normal 0.9919998151012734 0.9910440617373306 0.9910657240508653 80.2541672486622
0.304 0.022 0.6383333333333333 7.42e-05 0.00265 4.014 normal 0.9936723134317156 0.9875352280515194 0.9906948151310027 51.145780400922646
0.304 0.022 0.6383333333333333 7.42e-05 0.0027 4.014 normal 0.9953273701762994 0.987042049852906 0.9909001302067136 65.0751914188337
0.304 0.022 0.6383333333333333 7.42e-05 0.0026 4.014 normal 0.9936586077913635 0.9878942604043138 0.9903968525865022 39.677776551567696
0.304 0.022 0.655 7.42e-05 0.0022500000000000003 4.014 normal 0.9830461759611155 0.9826074955916752 0.9844234505186301 124.03153014515091
0.304 0.022 0.655 7.42e-05 0.0021 4.014 normal 0.9812915626307324 0.981059394124041 0.9828372576084042 198.03323630372955
0.304 0.022 0.655 7.42e-05 0.002 4.014 normal 0.9801018829106908 0.9800392768502306 0.9819898921502737 271.28297651125683
0.304 0.022 0.655 7.42e-05 0.0023 4.014 normal 0.9836538856724426 0.9830991175622936 0.9846017830600422 104.52684811706517
0.304 0.022 0.655 7.42e-05 0.0022 4.014 normal 0.9827609103175956 0.9822654565490866 0.9841396957021141 144.49041346748115
0.304 0.022 0.655 7.42e-05 0.00215 4.014 normal 0.9819395251146263 0.981629703493863 0.9835371500701214 168.61928864137911
0.304 0.022 0.655 7.42e-05 0.00205 4.014 normal 0.9805372992177366 0.980448150981945 0.982288597400641 232.81130952263894
0.304 0.022 0.6383333333333333 7.42e-05 0.003 4.014 normal 1.0016099210021379 0.991124335663023 0.992081644781092 168.7897294941658
0.304 0.022 0.655 7.42e-05 0.00235 4.014 normal 0.9840306379717447 0.9834377916364625 0.9847261776080911 87.85620893435336
0.304 0.022 0.655 7.42e-05 0.0025 4.014 normal 0.9859033671446417 0.98500940622534 0.9859584538440846 54.91169118119861
0.304 0.022 0.655 7.42e-05 0.00255 4.014 normal 0.9864750740837777 0.9855900816723021 0.9865400984808183 56.07249071088869
0.304 0.022 0.655 7.42e-05 0.0024000000000000002 4.014 normal 0.9845585596719526 0.9838824056765894 0.9849683653956157 72.45257738873109
0.304 0.022 0.655 7.42e-05 0.00245 4.014 normal 0.9852124966514082 0.984436181708912 0.985433240062415 60.53305873111543
0.304 0.022 0.655 7.42e-05 0.0026 4.014 normal 0.9920145138554314 0.9838437637529586 0.9866620931300334 62.42464688328321
0.304 0.022 0.655 7.42e-05 0.00265 4.014 normal 0.9906342096232228 0.9831996487593866 0.9871468090536653 73.33249862579447
0.304 0.022 0.655 7.42e-05 0.0027 4.014 normal 0.9920930283705758 0.9838587869577498 0.987171623743098 86.71370968448922
0.304 0.022 0.655 7.42e-05 0.003 4.014 normal 0.9910913160222862 0.9894844834805407 0.9890687219757671 187.10144645317112
0.304 0.022 0.655 7.42e-05 0.0029000000000000002 4.014 normal 0.9900493747059318 0.9886407679173069 0.9885943456253306 147.53016621305733
0.304 0.022 0.6716666666666666 7.42e-05 0.00205 4.014 normal 0.9766489579735248 0.9763536788064539 0.9785128907357539 264.1165124723512
0.304 0.022 0.6716666666666666 7.42e-05 0.002 4.014 normal 0.9762201244168249 0.975951821204101 0.9782126809999874 301.85633224018295
0.304 0.022 0.655 7.42e-05 0.00295 4.014 normal 0.9905851345487 0.9890827402576008 0.9888538050669601 166.78936491173073
0.304 0.022 0.655 7.42e-05 0.0028 4.014 normal 0.9931991728378998 0.9817569680906657 0.9881284264089497 115.47539341723407
0.304 0.022 0.655 7.42e-05 0.00275 4.014 normal 0.9936016059727449 0.9844932839192266 0.9872986061229506 101.0853397115827
0.304 0.022 0.655 7.42e-05 0.00285 4.014 normal 0.9948177360388957 0.9850060676935738 0.9880562456942434 129.39105834060345
0.304 0.022 0.6716666666666666 7.42e-05 0.0021 4.014 normal 0.9773627565569094 0.9769295216262033 0.9790111547010935 230.58501628086003
0.304 0.022 0.6716666666666666 7.42e-05 0.0023 4.014 normal 0.9796777016666816 0.9789260395450848 0.980758880871287 137.99641169123652
0.304 0.022 0.6716666666666666 7.42e-05 0.00235 4.014 normal 0.9800424810127204 0.9792543058540574 0.9808786659397267 121.96833367754982
0.304 0.022 0.6716666666666666 7.42e-05 0.00215 4.014 normal 0.9780016374919029 0.9774918816444677 0.9797076100543204 201.36980631530568
0.304 0.022 0.6716666666666666 7.42e-05 0.0022500000000000003 4.014 normal 0.9790878555358712 0.9784488609347772 0.9805854182899651 157.10575579229837
0.304 0.022 0.6716666666666666 7.42e-05 0.00245 4.014 normal 0.9811977270558776 0.9802291859374461 0.9815793717139314 94.8119852057883
0.304 0.022 0.6716666666666666 7.42e-05 0.0024000000000000002 4.014 normal 0.9805541219029954 0.9796839787772232 0.9811113859609717 106.98904099799147
0.304 0.022 0.6716666666666666 7.42e-05 0.0022 4.014 normal 0.9788053112784416 0.9781127454753228 0.9803023777023961 177.01892039675184
0.304 0.022 0.6716666666666666 7.42e-05 0.0025 4.014 normal 0.9818635060617643 0.9807817445418102 0.9820837493670816 88.94220584244887
0.304 0.022 0.6716666666666666 7.42e-05 0.00255 4.014 normal 0.982414093514751 0.9813411100664898 0.9826396751482379 89.53718792339401
0.304 0.022 0.6716666666666666 7.42e-05 0.0026 4.014 normal 0.9830661621653709 0.9819414227763713 0.9829681945514018 95.39033892037342
0.304 0.022 0.6716666666666666 7.42e-05 0.00265 4.014 normal 0.988922925632947 0.9791699681307015 0.9829000042218778 105.5296102368859
0.304 0.022 0.6716666666666666 7.42e-05 0.0027 4.014 normal 0.9899709973447947 0.9799222298927044 0.9830280154795008 118.39691204775013
0.304 0.022 0.6716666666666666 7.42e-05 0.00275 4.014 normal 0.9886544814711539 0.9781651153415143 0.9836662525942199 132.05996401112333
0.304 0.022 0.6716666666666666 7.42e-05 0.00285 4.014 normal 0.9909854476824306 0.9796285475053068 0.9842247834337619 158.1904674595629
0.304 0.022 0.6716666666666666 7.42e-05 0.0028 4.014 normal 0.9899793893212719 0.9793462763240234 0.9838811663216592 145.2162729259279
0.304 0.022 0.6883333333333332 7.42e-05 0.00215 4.014 normal 0.9736865497538062 0.9729721441435085 0.9755540853810115 245.76528703621773
0.304 0.022 0.6883333333333332 7.42e-05 0.00205 4.014 normal 0.9723605042367854 0.9718565854075167 0.9743670112750653 308.0202526783677
0.304 0.022 0.6883333333333332 7.42e-05 0.002 4.014 normal 0.9719625866945285 0.9714842648042314 0.9741089582207042 344.3442403790057
0.304 0.022 0.6883333333333332 7.42e-05 0.0022 4.014 normal 0.9744724170703467 0.9735788879468549 0.97614503354638 221.84935517399302
0.304 0.022 0.6883333333333332 7.42e-05 0.0021 4.014 normal 0.9730573838181202 0.9724191925323326 0.9748591576642264 274.9726481999289
0.304 0.022 0.6716666666666666 7.42e-05 0.003 4.014 normal 0.9868470289596083 0.9850909444233138 0.9851007370841689 214.31099353932788
0.304 0.022 0.6716666666666666 7.42e-05 0.0029000000000000002 4.014 normal 0.9912149912250975 0.9773004285269656 0.9849016671358657 175.31996811147732
0.304 0.022 0.6716666666666666 7.42e-05 0.00295 4.014 normal 0.992955044830341 0.9770425336005173 0.9851994958109411 193.92969080428614
0.304 0.022 0.6883333333333332 7.42e-05 0.00255 4.014 normal 0.9779609731352615 0.9766972387186122 0.9784041929915438 135.0577827897777
0.304 0.022 0.6883333333333332 7.42e-05 0.0026 4.014 normal 0.9785918828179869 0.9772777088197258 0.9787228335740331 140.20027578211435
0.304 0.022 0.6883333333333332 7.42e-05 0.0024000000000000002 4.014 normal 0.976162360809415 0.9750948025420579 0.9769221449268037 153.53536147813875
0.304 0.022 0.6883333333333332 7.42e-05 0.00245 4.014 normal 0.9767666939276898 0.975603836710941 0.9773380402384525 141.59759629331344
0.304 0.022 0.6883333333333332 7.42e-05 0.0025 4.014 normal 0.9774292578160563 0.9761561894743136 0.9778658130646942 135.08722144313148
0.304 0.022 0.6883333333333332 7.42e-05 0.0023 4.014 normal 0.9753135555499058 0.9743624075735109 0.9765808919010589 183.39057048195326
0.304 0.022 0.6883333333333332 7.42e-05 0.00235 4.014 normal 0.9756653121092401 0.9746782157050452 0.9766932535833228 168.16699642133003
0.304 0.022 0.6883333333333332 7.42e-05 0.0022500000000000003 4.014 normal 0.9740555240249408 0.9702028859060391 0.9767496016297897 201.67974621979602
0.304 0.022 0.6883333333333332 7.42e-05 0.00265 4.014 normal 0.9789030808610233 0.9776035931992471 0.9788944908673974 150.0552977384372
0.304 0.022 0.6883333333333332 7.42e-05 0.0027 4.014 normal 0.9793143007142069 0.9778888638534928 0.9790568493992363 162.41700457868106
0.304 0.022 0.6883333333333332 7.42e-05 0.00275 4.014 normal 0.9872232710648668 0.9740967660902848 0.9789285282402489 174.93947087540838
0.304 0.022 0.6883333333333332 7.42e-05 0.00285 4.014 normal 0.9889235727265633 0.9756498816873794 0.9796304714804158 198.92835173521766
0.304 0.022 0.6883333333333332 7.42e-05 0.0028 4.014 normal 0.9887211104228664 0.9748566874667252 0.979244588057543 187.1930733645321
0.304 0.022 0.6883333333333332 7.42e-05 0.0029000000000000002 4.014 normal 0.9877179910872649 0.9746664591118528 0.980258334906942 214.89250716539718
0.304 0.022 0.6883333333333332 7.42e-05 0.003 4.014 normal 0.9908362624658211 0.9756899860437575 0.9804668924845943 252.00211016092686
0.304 0.022 0.6883333333333332 7.42e-05 0.00295 4.014 normal 0.9889717009005331 0.9747498414970852 0.9804581628675841 232.83849245204755
0.304 0.022 0.705 7.42e-05 0.002 4.014 normal 0.9673257332158657 0.9666341449693642 0.9696704760303053 400.5997565662387
0.304 0.022 0.705 7.42e-05 0.00215 4.014 normal 0.9689938557948342 0.9680706604795614 0.971074336274027 304.1368739048704
0.304 0.022 0.705 7.42e-05 0.00205 4.014 normal 0.9677103044760084 0.9669924924940508 0.9699190488099544 365.41972315321146
0.304 0.022 0.705 7.42e-05 0.0021 4.014 normal 0.9683990520593609 0.9675504455397939 0.9704284543025066 332.52874821478366
0.304 0.022 0.705 7.42e-05 0.00235 4.014 normal 0.9709034817912497 0.9697141241544066 0.9721753308585364 228.51693832753045
0.304 0.022 0.705 7.42e-05 0.0023 4.014 normal 0.9705570023602235 0.9694035982924162 0.9720540778525062 243.2120073600813
0.304 0.022 0.705 7.42e-05 0.0022500000000000003 4.014 normal 0.9694423961456018 0.9644713534413234 0.9722850993051156 260.7691588012107
0.304 0.022 0.705 7.42e-05 0.0022 4.014 normal 0.9692695024636432 0.9640114613187004 0.97203727780443 279.75885516198224
0.304 0.022 0.705 7.42e-05 0.0024000000000000002 4.014 normal 0.9713813694805424 0.9701136179790345 0.9723935324033487 214.28079504237843
0.304 0.022 0.705 7.42e-05 0.00255 4.014 normal 0.9731171700143558 0.971659949978873 0.9738321704968601 194.73640608047495
0.304 0.022 0.705 7.42e-05 0.0027 4.014 normal 0.9744130299671436 0.9728004011596569 0.9744492831202376 220.1455654057542
0.304 0.022 0.705 7.42e-05 0.00265 4.014 normal 0.974017615219997 0.9725261664410093 0.9742922424988177 208.47281157031844
0.304 0.022 0.705 7.42e-05 0.0026 4.014 normal 0.973727913769106 0.9722211042194432 0.9741428957851601 199.13181299080446
0.304 0.022 0.705 7.42e-05 0.00245 4.014 normal 0.9719635614678919 0.9706036539506611 0.9727946021179881 202.4029931464637
0.304 0.022 0.705 7.42e-05 0.00275 4.014 normal 0.9747327414022584 0.9730563248000801 0.9746811494416525 232.36370978600348
0.304 0.022 0.705 7.42e-05 0.0025 4.014 normal 0.9726030933279831 0.9711365251364169 0.973308190413507 195.5054937923592
0.304 0.022 0.705 7.42e-05 0.00285 4.014 normal 0.9846767285864461 0.9687146612061988 0.9749800855112343 253.48065472038294
0.304 0.022 0.705 7.42e-05 0.0029000000000000002 4.014 normal 0.9863454004291563 0.9698269649076129 0.9751777347121857 268.85028756580516
0.304 0.022 0.705 7.42e-05 0.00295 4.014 normal 0.983617926634122 0.9678561202709505 0.9760381015823334 285.8247235961709
0.304 0.022 0.705 7.42e-05 0.0028 4.014 normal 0.9752661333514222 0.9734748934228391 0.975042392115458 243.53197927230036
0.304 0.022 0.705 7.42e-05 0.003 4.014 normal 0.9849926321772954 0.9691754317893347 0.9760053406469211 304.43299504601026
