Sin2Theta12 Sin2Theta13 Sin2Theta23 Dm221 Dm231 dCP Ordering X2 
0.304 0.022 0.305 7.42e-05 0.002 4.014 normal 1399.409972189351
0.304 0.022 0.305 7.42e-05 0.00215 4.014 normal 1081.1707263708115
0.304 0.022 0.305 7.42e-05 0.002 4.014 inverted 1362.5789706130502
0.304 0.022 0.305 7.42e-05 0.00235 4.014 normal 832.7063217814612
0.304 0.022 0.305 7.42e-05 0.0021 4.014 inverted 1151.7552274637226
0.304 0.022 0.305 7.42e-05 0.00215 4.014 inverted 1060.9056000382093
0.304 0.022 0.305 7.42e-05 0.0024000000000000002 4.014 normal 783.6734147277427
0.304 0.022 0.305 7.42e-05 0.0022 4.014 inverted 987.3357423944485
0.304 0.022 0.305 7.42e-05 0.00255 4.014 normal 705.3875020688389
0.304 0.022 0.305 7.42e-05 0.00245 4.014 inverted 780.4024162744332
0.304 0.022 0.305 7.42e-05 0.00245 4.014 normal 741.7662638249622
0.304 0.022 0.305 7.42e-05 0.00205 4.014 inverted 1249.9281417968498
0.304 0.022 0.305 7.42e-05 0.00205 4.014 normal 1284.5972709585653
0.304 0.022 0.305 7.42e-05 0.00235 4.014 inverted 849.6253299237844
0.304 0.022 0.305 7.42e-05 0.0024000000000000002 4.014 inverted 812.3673250476662
0.304 0.022 0.305 7.42e-05 0.0023 4.014 inverted 887.8971294316796
0.304 0.022 0.305 7.42e-05 0.0022 4.014 normal 999.7670247831707
0.304 0.022 0.305 7.42e-05 0.0021 4.014 normal 1176.837011292152
0.304 0.022 0.305 7.42e-05 0.0022500000000000003 4.014 normal 937.2148699845266
0.304 0.022 0.305 7.42e-05 0.0025 4.014 normal 712.4027795989879
0.304 0.022 0.305 7.42e-05 0.0023 4.014 normal 881.9653532920601
0.304 0.022 0.305 7.42e-05 0.00255 4.014 inverted 762.1807674078045
0.304 0.022 0.305 7.42e-05 0.0025 4.014 inverted 761.6017222677149
0.304 0.022 0.305 7.42e-05 0.0022500000000000003 4.014 inverted 930.445732872429
0.304 0.022 0.305 7.42e-05 0.0026 4.014 normal 716.3662956824697
0.304 0.022 0.32166666666666666 7.42e-05 0.002 4.014 inverted 1110.1901263666557
0.304 0.022 0.305 7.42e-05 0.0028 4.014 inverted 954.5785125427374
0.304 0.022 0.32166666666666666 7.42e-05 0.002 4.014 normal 1168.0449904173458
0.304 0.022 0.305 7.42e-05 0.0027 4.014 normal 786.018044872624
0.304 0.022 0.32166666666666666 7.42e-05 0.0021 4.014 normal 940.8210777440371
0.304 0.022 0.305 7.42e-05 0.0026 4.014 inverted 781.0502998534398
0.304 0.022 0.305 7.42e-05 0.00265 4.014 inverted 817.2965411585687
0.304 0.022 0.305 7.42e-05 0.00265 4.014 normal 747.4078935801717
0.304 0.022 0.32166666666666666 7.42e-05 0.00205 4.014 normal 1050.522335106608
0.304 0.022 0.305 7.42e-05 0.00285 4.014 normal 903.4149020780187
0.304 0.022 0.32166666666666666 7.42e-05 0.00205 4.014 inverted 996.7462133651198
0.304 0.022 0.32166666666666666 7.42e-05 0.0021 4.014 inverted 897.5258824115346
0.304 0.022 0.305 7.42e-05 0.0029000000000000002 4.014 normal 947.8705022690899
0.304 0.022 0.305 7.42e-05 0.0027 4.014 inverted 861.7707307434487
0.304 0.022 0.305 7.42e-05 0.0028 4.014 normal 864.4891691084192
0.304 0.022 0.305 7.42e-05 0.00275 4.014 normal 826.2005860118437
0.304 0.022 0.305 7.42e-05 0.00295 4.014 normal 995.4354658769994
0.304 0.022 0.305 7.42e-05 0.003 4.014 normal 1046.084855438777
0.304 0.022 0.305 7.42e-05 0.00295 4.014 inverted 1103.7377414994617
0.304 0.022 0.305 7.42e-05 0.00275 4.014 inverted 909.3359482421312
0.304 0.022 0.305 7.42e-05 0.003 4.014 inverted 1163.2874805774045
0.304 0.022 0.305 7.42e-05 0.0029000000000000002 4.014 inverted 1048.0846876680669
0.304 0.022 0.305 7.42e-05 0.00285 4.014 inverted 999.5893731861416
0.304 0.022 0.32166666666666666 7.42e-05 0.0022500000000000003 4.014 normal 699.1383674357476
0.304 0.022 0.32166666666666666 7.42e-05 0.0025 4.014 normal 472.47520712752737
0.304 0.022 0.32166666666666666 7.42e-05 0.00215 4.014 inverted 806.7206208102705
0.304 0.022 0.32166666666666666 7.42e-05 0.0022 4.014 inverted 732.8493945244152
0.304 0.022 0.32166666666666666 7.42e-05 0.0023 4.014 inverted 630.7010929948581
0.304 0.022 0.32166666666666666 7.42e-05 0.0022 4.014 normal 763.462110434233
0.304 0.022 0.32166666666666666 7.42e-05 0.00245 4.014 normal 499.3363117107088
0.304 0.022 0.32166666666666666 7.42e-05 0.00215 4.014 normal 845.5654248733376
0.304 0.022 0.32166666666666666 7.42e-05 0.0023 4.014 normal 640.7405988259022
0.304 0.022 0.32166666666666666 7.42e-05 0.00235 4.014 inverted 591.9703352317263
0.304 0.022 0.32166666666666666 7.42e-05 0.00255 4.014 normal 468.1440872906456
0.304 0.022 0.32166666666666666 7.42e-05 0.00235 4.014 normal 589.2779809599177
0.304 0.022 0.32166666666666666 7.42e-05 0.0026 4.014 normal 481.98492430039255
0.304 0.022 0.32166666666666666 7.42e-05 0.00255 4.014 inverted 515.5187782800115
0.304 0.022 0.32166666666666666 7.42e-05 0.0025 4.014 inverted 511.47093778022776
0.304 0.022 0.32166666666666666 7.42e-05 0.0027 4.014 inverted 623.0109880757966
0.304 0.022 0.32166666666666666 7.42e-05 0.00265 4.014 normal 514.4952063842624
0.304 0.022 0.32166666666666666 7.42e-05 0.00245 4.014 inverted 526.5561553735834
0.304 0.022 0.32166666666666666 7.42e-05 0.0024000000000000002 4.014 inverted 555.7452333725041
0.304 0.022 0.32166666666666666 7.42e-05 0.0026 4.014 inverted 537.8877348441309
0.304 0.022 0.32166666666666666 7.42e-05 0.00265 4.014 inverted 576.0290778415795
0.304 0.022 0.32166666666666666 7.42e-05 0.0024000000000000002 4.014 normal 539.5588525414901
0.304 0.022 0.32166666666666666 7.42e-05 0.0027 4.014 normal 554.3590631418309
0.304 0.022 0.32166666666666666 7.42e-05 0.0022500000000000003 4.014 inverted 674.8329111163135
0.304 0.022 0.3383333333333333 7.42e-05 0.00205 4.014 inverted 816.3866175480816
0.304 0.022 0.3383333333333333 7.42e-05 0.002 4.014 inverted 930.309818132805
0.304 0.022 0.3383333333333333 7.42e-05 0.0022 4.014 normal 593.1403258464603
0.304 0.022 0.3383333333333333 7.42e-05 0.002 4.014 normal 1000.8967113147567
0.304 0.022 0.32166666666666666 7.42e-05 0.00275 4.014 normal 597.084238239817
0.304 0.022 0.3383333333333333 7.42e-05 0.0022500000000000003 4.014 inverted 492.68679429523604
0.304 0.022 0.3383333333333333 7.42e-05 0.00215 4.014 normal 674.8853122739131
0.304 0.022 0.3383333333333333 7.42e-05 0.0022 4.014 inverted 551.4256291556906
0.304 0.022 0.3383333333333333 7.42e-05 0.0021 4.014 normal 771.5383861103427
0.304 0.022 0.32166666666666666 7.42e-05 0.00275 4.014 inverted 673.9436936583893
0.304 0.022 0.32166666666666666 7.42e-05 0.0028 4.014 normal 638.4666102517455
0.304 0.022 0.3383333333333333 7.42e-05 0.0022500000000000003 4.014 normal 527.2038083899196
0.304 0.022 0.32166666666666666 7.42e-05 0.003 4.014 inverted 941.722647450212
0.304 0.022 0.3383333333333333 7.42e-05 0.0021 4.014 inverted 716.3584650034754
0.304 0.022 0.3383333333333333 7.42e-05 0.00215 4.014 inverted 625.8733599386461
0.304 0.022 0.32166666666666666 7.42e-05 0.0028 4.014 inverted 722.5551528669274
0.304 0.022 0.3383333333333333 7.42e-05 0.00205 4.014 normal 880.8631780702461
0.304 0.022 0.32166666666666666 7.42e-05 0.0029000000000000002 4.014 inverted 822.0977964902957
0.304 0.022 0.32166666666666666 7.42e-05 0.00285 4.014 normal 680.8355897051657
0.304 0.022 0.32166666666666666 7.42e-05 0.00295 4.014 inverted 879.9095668905924
0.304 0.022 0.32166666666666666 7.42e-05 0.0029000000000000002 4.014 normal 727.7465265094903
0.304 0.022 0.32166666666666666 7.42e-05 0.003 4.014 normal 831.0138766545517
0.304 0.022 0.32166666666666666 7.42e-05 0.00285 4.014 inverted 770.6991886386741
0.304 0.022 0.32166666666666666 7.42e-05 0.00295 4.014 normal 777.9058116698421
0.304 0.022 0.3383333333333333 7.42e-05 0.0023 4.014 normal 466.5118831525169
0.304 0.022 0.3383333333333333 7.42e-05 0.00255 4.014 normal 298.415153350526
0.304 0.022 0.3383333333333333 7.42e-05 0.00245 4.014 normal 323.7314648401878
0.304 0.022 0.3383333333333333 7.42e-05 0.0024000000000000002 4.014 inverted 372.9088562847799
0.304 0.022 0.3383333333333333 7.42e-05 0.0026 4.014 inverted 367.66984681145317
0.304 0.022 0.3383333333333333 7.42e-05 0.00235 4.014 normal 413.19632116627037
0.304 0.022 0.3383333333333333 7.42e-05 0.0023 4.014 inverted 447.1640435509961
0.304 0.022 0.3383333333333333 7.42e-05 0.0028 4.014 normal 479.8143762372038
0.304 0.022 0.3383333333333333 7.42e-05 0.00255 4.014 inverted 342.1978634632387
0.304 0.022 0.3383333333333333 7.42e-05 0.0025 4.014 normal 299.93692576562694
0.304 0.022 0.3383333333333333 7.42e-05 0.00235 4.014 inverted 407.7911796646596
0.304 0.022 0.3383333333333333 7.42e-05 0.00275 4.014 normal 435.4180209493784
0.304 0.022 0.3383333333333333 7.42e-05 0.00275 4.014 inverted 510.4107290479784
0.304 0.022 0.3383333333333333 7.42e-05 0.0025 4.014 inverted 334.69884309526435
0.304 0.022 0.3383333333333333 7.42e-05 0.0024000000000000002 4.014 normal 363.2892861387574
0.304 0.022 0.3383333333333333 7.42e-05 0.0027 4.014 normal 390.3380551957838
0.304 0.022 0.3383333333333333 7.42e-05 0.00245 4.014 inverted 346.1877350948014
0.304 0.022 0.3383333333333333 7.42e-05 0.0027 4.014 inverted 456.9610126499552
0.304 0.022 0.3383333333333333 7.42e-05 0.00285 4.014 normal 525.2434081520051
0.304 0.022 0.3383333333333333 7.42e-05 0.0026 4.014 normal 315.0961188280111
0.304 0.022 0.3383333333333333 7.42e-05 0.00265 4.014 inverted 408.27680668992787
0.304 0.022 0.3383333333333333 7.42e-05 0.0028 4.014 inverted 562.9571685690242
0.304 0.022 0.3383333333333333 7.42e-05 0.00285 4.014 inverted 614.2018994876439
0.304 0.022 0.3383333333333333 7.42e-05 0.00265 4.014 normal 349.14327838778405
0.304 0.022 0.355 7.42e-05 0.002 4.014 inverted 809.1811578192464
0.304 0.022 0.355 7.42e-05 0.00215 4.014 inverted 504.03561576911477
0.304 0.022 0.355 7.42e-05 0.002 4.014 normal 886.07488208368
0.304 0.022 0.355 7.42e-05 0.0021 4.014 inverted 594.360425772124
0.304 0.022 0.355 7.42e-05 0.0023 4.014 normal 345.9973038165894
0.304 0.022 0.3383333333333333 7.42e-05 0.0029000000000000002 4.014 normal 575.1436860657236
0.304 0.022 0.355 7.42e-05 0.00205 4.014 inverted 694.7287530801623
0.304 0.022 0.355 7.42e-05 0.0022500000000000003 4.014 inverted 369.90101518912667
0.304 0.022 0.355 7.42e-05 0.0022 4.014 inverted 429.4285903892631
0.304 0.022 0.355 7.42e-05 0.00205 4.014 normal 763.9130784329532
0.304 0.022 0.355 7.42e-05 0.00215 4.014 normal 557.2979659765059
0.304 0.022 0.355 7.42e-05 0.0021 4.014 normal 653.3795870456546
0.304 0.022 0.355 7.42e-05 0.00235 4.014 inverted 283.7169658368794
0.304 0.022 0.355 7.42e-05 0.0022 4.014 normal 476.2854588600023
0.304 0.022 0.355 7.42e-05 0.0022500000000000003 4.014 normal 408.6084908373449
0.304 0.022 0.355 7.42e-05 0.0024000000000000002 4.014 normal 241.2274063932905
0.304 0.022 0.355 7.42e-05 0.0023 4.014 inverted 323.2211042926811
0.304 0.022 0.3383333333333333 7.42e-05 0.003 4.014 inverted 791.3071755807996
0.304 0.022 0.355 7.42e-05 0.00235 4.014 normal 291.24314002997244
0.304 0.022 0.3383333333333333 7.42e-05 0.00295 4.014 normal 627.6034048805171
0.304 0.022 0.3383333333333333 7.42e-05 0.0029000000000000002 4.014 inverted 668.5017840167184
0.304 0.022 0.3383333333333333 7.42e-05 0.00295 4.014 inverted 727.9219305627985
0.304 0.022 0.355 7.42e-05 0.0024000000000000002 4.014 inverted 249.97939022666654
0.304 0.022 0.3383333333333333 7.42e-05 0.003 4.014 normal 682.9620393699075
0.304 0.022 0.355 7.42e-05 0.0026 4.014 normal 202.42750362938946
0.304 0.022 0.355 7.42e-05 0.00245 4.014 inverted 225.4534702638622
0.304 0.022 0.355 7.42e-05 0.0026 4.014 inverted 256.58362295929516
0.304 0.022 0.355 7.42e-05 0.0025 4.014 normal 181.74970025459527
0.304 0.022 0.355 7.42e-05 0.00245 4.014 normal 202.90309085965353
0.304 0.022 0.355 7.42e-05 0.00255 4.014 inverted 228.18682737709563
0.304 0.022 0.355 7.42e-05 0.0027 4.014 normal 280.88317763515147
0.304 0.022 0.355 7.42e-05 0.0027 4.014 inverted 349.5483640592162
0.304 0.022 0.355 7.42e-05 0.00255 4.014 normal 183.16745355615933
0.304 0.022 0.355 7.42e-05 0.0029000000000000002 4.014 normal 476.3566561917945
0.304 0.022 0.355 7.42e-05 0.00295 4.014 normal 531.3761248732426
0.304 0.022 0.355 7.42e-05 0.0028 4.014 normal 375.4742963195671
0.304 0.022 0.355 7.42e-05 0.0025 4.014 inverted 217.71324102108542
0.304 0.022 0.355 7.42e-05 0.00275 4.014 normal 328.0650049641576
0.304 0.022 0.355 7.42e-05 0.00265 4.014 inverted 298.95742239073576
0.304 0.022 0.355 7.42e-05 0.00285 4.014 normal 423.93782989632166
0.304 0.022 0.355 7.42e-05 0.003 4.014 normal 588.5565606120463
0.304 0.022 0.355 7.42e-05 0.00275 4.014 inverted 405.4546887362456
0.304 0.022 0.355 7.42e-05 0.0028 4.014 inverted 461.55883823395317
0.304 0.022 0.355 7.42e-05 0.003 4.014 inverted 699.2855819567205
0.304 0.022 0.355 7.42e-05 0.00265 4.014 normal 237.96366548168194
0.304 0.022 0.355 7.42e-05 0.00285 4.014 inverted 515.5911164671481
0.304 0.022 0.355 7.42e-05 0.0029000000000000002 4.014 inverted 572.8263917411899
0.304 0.022 0.355 7.42e-05 0.00295 4.014 inverted 633.8628263393613
0.304 0.022 0.37166666666666665 7.42e-05 0.0021 4.014 normal 577.1391101364782
0.304 0.022 0.37166666666666665 7.42e-05 0.002 4.014 inverted 734.1284653709432
0.304 0.022 0.37166666666666665 7.42e-05 0.0021 4.014 inverted 518.7442799952148
0.304 0.022 0.37166666666666665 7.42e-05 0.00215 4.014 normal 481.55138103973536
0.304 0.022 0.37166666666666665 7.42e-05 0.002 4.014 normal 811.9147703152759
0.304 0.022 0.37166666666666665 7.42e-05 0.0022 4.014 inverted 354.0779115611727
0.304 0.022 0.37166666666666665 7.42e-05 0.0022 4.014 normal 400.6901391618672
0.304 0.022 0.37166666666666665 7.42e-05 0.0023 4.014 inverted 246.1323952453499
0.304 0.022 0.37166666666666665 7.42e-05 0.00205 4.014 normal 688.5654603045291
0.304 0.022 0.37166666666666665 7.42e-05 0.00245 4.014 inverted 151.46325741127447
0.304 0.022 0.37166666666666665 7.42e-05 0.00205 4.014 inverted 619.3695341002814
0.304 0.022 0.37166666666666665 7.42e-05 0.0023 4.014 normal 268.0072872868845
0.304 0.022 0.37166666666666665 7.42e-05 0.00235 4.014 inverted 206.41887786372905
0.304 0.022 0.37166666666666665 7.42e-05 0.00215 4.014 inverted 428.61729366514396
0.304 0.022 0.37166666666666665 7.42e-05 0.0022500000000000003 4.014 inverted 293.8514580455063
0.304 0.022 0.37166666666666665 7.42e-05 0.0024000000000000002 4.014 normal 161.91974709022293
0.304 0.022 0.37166666666666665 7.42e-05 0.0022500000000000003 4.014 normal 332.0170655076624
0.304 0.022 0.37166666666666665 7.42e-05 0.00255 4.014 inverted 160.49867219503827
0.304 0.022 0.37166666666666665 7.42e-05 0.00245 4.014 normal 124.75921640911801
0.304 0.022 0.37166666666666665 7.42e-05 0.00235 4.014 normal 212.00899353173526
0.304 0.022 0.37166666666666665 7.42e-05 0.0024000000000000002 4.014 inverted 173.58179553856425
0.304 0.022 0.37166666666666665 7.42e-05 0.00255 4.014 normal 110.37736323692002
0.304 0.022 0.37166666666666665 7.42e-05 0.0025 4.014 normal 106.21222574609742
0.304 0.022 0.37166666666666665 7.42e-05 0.0025 4.014 inverted 146.67809438894025
0.304 0.022 0.37166666666666665 7.42e-05 0.0026 4.014 normal 132.24629992294953
0.304 0.022 0.3883333333333333 7.42e-05 0.00205 4.014 normal 643.8084812434462
0.304 0.022 0.37166666666666665 7.42e-05 0.0027 4.014 inverted 287.60929919870216
0.304 0.022 0.37166666666666665 7.42e-05 0.00275 4.014 normal 262.94763302451116
0.304 0.022 0.3883333333333333 7.42e-05 0.0021 4.014 inverted 478.1674609680522
0.304 0.022 0.37166666666666665 7.42e-05 0.00265 4.014 inverted 235.47535495188708
0.304 0.022 0.3883333333333333 7.42e-05 0.002 4.014 inverted 693.8960268699042
0.304 0.022 0.3883333333333333 7.42e-05 0.00205 4.014 inverted 578.9575617254895
0.304 0.022 0.37166666666666665 7.42e-05 0.00295 4.014 normal 476.6733075881545
0.304 0.022 0.37166666666666665 7.42e-05 0.00275 4.014 inverted 345.86087852286715
0.304 0.022 0.37166666666666665 7.42e-05 0.0028 4.014 inverted 405.17465840576523
0.304 0.022 0.37166666666666665 7.42e-05 0.0029000000000000002 4.014 inverted 521.7731003977366
0.304 0.022 0.37166666666666665 7.42e-05 0.0028 4.014 normal 313.1179102033955
0.304 0.022 0.3883333333333333 7.42e-05 0.002 4.014 normal 768.3126354752119
0.304 0.022 0.37166666666666665 7.42e-05 0.003 4.014 inverted 651.0875946972941
0.304 0.022 0.37166666666666665 7.42e-05 0.00285 4.014 normal 364.5957195501166
0.304 0.022 0.37166666666666665 7.42e-05 0.0026 4.014 inverted 191.53467320986135
0.304 0.022 0.37166666666666665 7.42e-05 0.00265 4.014 normal 169.27960012461014
0.304 0.022 0.3883333333333333 7.42e-05 0.0021 4.014 normal 531.3893363230507
0.304 0.022 0.37166666666666665 7.42e-05 0.0029000000000000002 4.014 normal 419.2678771009574
0.304 0.022 0.37166666666666665 7.42e-05 0.00295 4.014 inverted 584.2724904343979
0.304 0.022 0.37166666666666665 7.42e-05 0.003 4.014 normal 535.4581432415138
0.304 0.022 0.37166666666666665 7.42e-05 0.0027 4.014 normal 213.72816794699625
0.304 0.022 0.37166666666666665 7.42e-05 0.00285 4.014 inverted 461.8317600090807
0.304 0.022 0.3883333333333333 7.42e-05 0.0022 4.014 normal 356.30530786373765
0.304 0.022 0.3883333333333333 7.42e-05 0.0023 4.014 inverted 204.35925647302818
0.304 0.022 0.3883333333333333 7.42e-05 0.00235 4.014 inverted 164.33155722501846
0.304 0.022 0.3883333333333333 7.42e-05 0.0023 4.014 normal 221.6830409374257
0.304 0.022 0.3883333333333333 7.42e-05 0.00255 4.014 normal 69.4425957609203
0.304 0.022 0.3883333333333333 7.42e-05 0.0022500000000000003 4.014 inverted 253.0051426397683
0.304 0.022 0.3883333333333333 7.42e-05 0.00215 4.014 inverted 388.20416901000783
0.304 0.022 0.3883333333333333 7.42e-05 0.00255 4.014 inverted 127.34219929190407
0.304 0.022 0.3883333333333333 7.42e-05 0.00215 4.014 normal 436.9822852814199
0.304 0.022 0.3883333333333333 7.42e-05 0.0026 4.014 normal 93.7758560043555
0.304 0.022 0.3883333333333333 7.42e-05 0.00245 4.014 inverted 112.41504014051291
0.304 0.022 0.3883333333333333 7.42e-05 0.00245 4.014 normal 78.7548462674921
0.304 0.022 0.3883333333333333 7.42e-05 0.00235 4.014 normal 164.60609666286985
0.304 0.022 0.3883333333333333 7.42e-05 0.0024000000000000002 4.014 normal 114.70720311017891
0.304 0.022 0.3883333333333333 7.42e-05 0.00265 4.014 normal 132.24888948731595
0.304 0.022 0.3883333333333333 7.42e-05 0.0025 4.014 normal 62.82757238795347
0.304 0.022 0.3883333333333333 7.42e-05 0.0024000000000000002 4.014 inverted 132.4150113013689
0.304 0.022 0.3883333333333333 7.42e-05 0.0027 4.014 inverted 259.5053800324909
0.304 0.022 0.3883333333333333 7.42e-05 0.0022500000000000003 4.014 normal 286.81254450291544
0.304 0.022 0.3883333333333333 7.42e-05 0.0025 4.014 inverted 110.37019700336329
0.304 0.022 0.3883333333333333 7.42e-05 0.0022 4.014 inverted 313.80742747650106
0.304 0.022 0.3883333333333333 7.42e-05 0.0027 4.014 normal 178.07034863583337
0.304 0.022 0.3883333333333333 7.42e-05 0.0026 4.014 inverted 160.8522714004604
0.304 0.022 0.3883333333333333 7.42e-05 0.00265 4.014 inverted 205.97486726281477
0.304 0.022 0.405 7.42e-05 0.0022500000000000003 4.014 inverted 237.09195477841664
0.304 0.022 0.405 7.42e-05 0.00205 4.014 normal 620.9175606475253
0.304 0.022 0.3883333333333333 7.42e-05 0.0028 4.014 normal 281.8889388242702
0.304 0.022 0.405 7.42e-05 0.002 4.014 normal 746.2623175774633
0.304 0.022 0.3883333333333333 7.42e-05 0.00275 4.014 inverted 319.91239349060913
0.304 0.022 0.405 7.42e-05 0.00205 4.014 inverted 563.1701543327526
0.304 0.022 0.405 7.42e-05 0.0022 4.014 inverted 298.3923112100358
0.304 0.022 0.3883333333333333 7.42e-05 0.0028 4.014 inverted 382.05000845903896
0.304 0.022 0.405 7.42e-05 0.0021 4.014 inverted 462.17942643676446
0.304 0.022 0.405 7.42e-05 0.0022 4.014 normal 334.06114559478664
0.304 0.022 0.405 7.42e-05 0.00215 4.014 normal 414.3706346390132
0.304 0.022 0.405 7.42e-05 0.0021 4.014 normal 508.4007680865059
0.304 0.022 0.3883333333333333 7.42e-05 0.00275 4.014 normal 229.11189362468525
0.304 0.022 0.405 7.42e-05 0.0022500000000000003 4.014 normal 263.8938465350034
0.304 0.022 0.3883333333333333 7.42e-05 0.00285 4.014 normal 336.08259031052376
0.304 0.022 0.3883333333333333 7.42e-05 0.0029000000000000002 4.014 inverted 503.23878637064047
0.304 0.022 0.3883333333333333 7.42e-05 0.003 4.014 normal 513.3903825618501
0.304 0.022 0.405 7.42e-05 0.002 4.014 inverted 678.229665888495
0.304 0.022 0.3883333333333333 7.42e-05 0.00295 4.014 inverted 567.1812950995121
0.304 0.022 0.3883333333333333 7.42e-05 0.00285 4.014 inverted 441.0971184573998
0.304 0.022 0.405 7.42e-05 0.00215 4.014 inverted 372.70086161189477
0.304 0.022 0.3883333333333333 7.42e-05 0.00295 4.014 normal 452.3739161204619
0.304 0.022 0.3883333333333333 7.42e-05 0.003 4.014 inverted 635.136533255222
0.304 0.022 0.3883333333333333 7.42e-05 0.0029000000000000002 4.014 normal 393.1390871773609
0.304 0.022 0.405 7.42e-05 0.00245 4.014 normal 55.64961577843904
0.304 0.022 0.405 7.42e-05 0.0024000000000000002 4.014 inverted 116.24170709309382
0.304 0.022 0.405 7.42e-05 0.00235 4.014 normal 140.23621577899834
0.304 0.022 0.405 7.42e-05 0.0023 4.014 normal 198.08502999189375
0.304 0.022 0.405 7.42e-05 0.0023 4.014 inverted 187.68895649780686
0.304 0.022 0.405 7.42e-05 0.00245 4.014 inverted 98.12898688298623
0.304 0.022 0.405 7.42e-05 0.00235 4.014 inverted 147.35039539532863
0.304 0.022 0.405 7.42e-05 0.0024000000000000002 4.014 normal 90.43891516595947
0.304 0.022 0.405 7.42e-05 0.0025 4.014 normal 42.02796339575435
0.304 0.022 0.405 7.42e-05 0.00265 4.014 normal 117.3732538234078
0.304 0.022 0.405 7.42e-05 0.0028 4.014 normal 272.1958324499077
0.304 0.022 0.405 7.42e-05 0.00275 4.014 normal 217.014032045851
0.304 0.022 0.405 7.42e-05 0.0025 4.014 inverted 98.51503545381102
0.304 0.022 0.405 7.42e-05 0.0028 4.014 inverted 381.7070291500824
0.304 0.022 0.405 7.42e-05 0.00255 4.014 normal 51.15143392710752
0.304 0.022 0.405 7.42e-05 0.00255 4.014 inverted 118.34873927623687
0.304 0.022 0.405 7.42e-05 0.00275 4.014 inverted 317.08667830928806
0.304 0.022 0.405 7.42e-05 0.00285 4.014 normal 328.7196348438845
0.304 0.022 0.405 7.42e-05 0.0026 4.014 normal 77.62261782303491
0.304 0.022 0.405 7.42e-05 0.0027 4.014 inverted 254.75343746143747
0.304 0.022 0.405 7.42e-05 0.00285 4.014 inverted 442.7875500105081
0.304 0.022 0.405 7.42e-05 0.00265 4.014 inverted 200.07093081281934
0.304 0.022 0.405 7.42e-05 0.0027 4.014 normal 164.50597915030082
0.304 0.022 0.405 7.42e-05 0.0026 4.014 inverted 154.1592585290094
0.304 0.022 0.42166666666666663 7.42e-05 0.0021 4.014 normal 499.6855929819199
0.304 0.022 0.42166666666666663 7.42e-05 0.00205 4.014 normal 612.0821051532732
0.304 0.022 0.42166666666666663 7.42e-05 0.0022 4.014 normal 326.1955661631391
0.304 0.022 0.42166666666666663 7.42e-05 0.002 4.014 inverted 678.4251247175107
0.304 0.022 0.42166666666666663 7.42e-05 0.00235 4.014 inverted 146.63288574872388
0.304 0.022 0.42166666666666663 7.42e-05 0.0023 4.014 normal 189.1757243732857
0.304 0.022 0.42166666666666663 7.42e-05 0.002 4.014 normal 738.4288758901831
0.304 0.022 0.405 7.42e-05 0.003 4.014 normal 512.401397911474
0.304 0.022 0.42166666666666663 7.42e-05 0.0021 4.014 inverted 462.08484714216286
0.304 0.022 0.405 7.42e-05 0.0029000000000000002 4.014 normal 387.8976422119634
0.304 0.022 0.42166666666666663 7.42e-05 0.0023 4.014 inverted 186.82652756603588
0.304 0.022 0.42166666666666663 7.42e-05 0.0022 4.014 inverted 298.87102010753836
0.304 0.022 0.405 7.42e-05 0.003 4.014 inverted 640.9479832035526
0.304 0.022 0.42166666666666663 7.42e-05 0.0022500000000000003 4.014 inverted 237.11379850877216
0.304 0.022 0.42166666666666663 7.42e-05 0.0022500000000000003 4.014 normal 255.44491365761814
0.304 0.022 0.42166666666666663 7.42e-05 0.0024000000000000002 4.014 inverted 116.13405919690324
0.304 0.022 0.42166666666666663 7.42e-05 0.00205 4.014 inverted 563.2039698151004
0.304 0.022 0.405 7.42e-05 0.00295 4.014 inverted 572.0034988500519
0.304 0.022 0.42166666666666663 7.42e-05 0.00215 4.014 normal 406.03214367593444
0.304 0.022 0.42166666666666663 7.42e-05 0.0024000000000000002 4.014 normal 81.08033734281018
0.304 0.022 0.42166666666666663 7.42e-05 0.00235 4.014 normal 130.7882388333324
0.304 0.022 0.42166666666666663 7.42e-05 0.00215 4.014 inverted 373.0592586457232
0.304 0.022 0.405 7.42e-05 0.0029000000000000002 4.014 inverted 507.2847517786205
0.304 0.022 0.405 7.42e-05 0.00295 4.014 normal 448.8088288623735
0.304 0.022 0.42166666666666663 7.42e-05 0.0026 4.014 normal 75.57339127370355
0.304 0.022 0.42166666666666663 7.42e-05 0.00285 4.014 inverted 457.69323608833616
0.304 0.022 0.42166666666666663 7.42e-05 0.00245 4.014 inverted 99.62661488191641
0.304 0.022 0.42166666666666663 7.42e-05 0.00255 4.014 normal 47.07430483424821
0.304 0.022 0.42166666666666663 7.42e-05 0.0029000000000000002 4.014 inverted 523.4699825024253
0.304 0.022 0.42166666666666663 7.42e-05 0.00265 4.014 inverted 208.62451837603555
0.304 0.022 0.42166666666666663 7.42e-05 0.0028 4.014 inverted 395.0158836924575
0.304 0.022 0.42166666666666663 7.42e-05 0.00295 4.014 normal 457.4448946913902
0.304 0.022 0.42166666666666663 7.42e-05 0.00285 4.014 normal 334.2729002250691
0.304 0.022 0.42166666666666663 7.42e-05 0.0029000000000000002 4.014 normal 395.1712029553452
0.304 0.022 0.42166666666666663 7.42e-05 0.0026 4.014 inverted 161.97388231407427
0.304 0.022 0.42166666666666663 7.42e-05 0.0025 4.014 inverted 102.08672660606621
0.304 0.022 0.42166666666666663 7.42e-05 0.00245 4.014 normal 47.618966354507116
0.304 0.022 0.42166666666666663 7.42e-05 0.00275 4.014 inverted 328.1856939919118
0.304 0.022 0.42166666666666663 7.42e-05 0.00255 4.014 inverted 124.37203996398128
0.304 0.022 0.42166666666666663 7.42e-05 0.0027 4.014 normal 164.64827260622465
0.304 0.022 0.42166666666666663 7.42e-05 0.0028 4.014 normal 275.79499385897157
0.304 0.022 0.42166666666666663 7.42e-05 0.003 4.014 inverted 659.3801801194745
0.304 0.022 0.42166666666666663 7.42e-05 0.003 4.014 normal 522.8153096014349
0.304 0.022 0.42166666666666663 7.42e-05 0.00295 4.014 inverted 589.4708803014385
0.304 0.022 0.42166666666666663 7.42e-05 0.0027 4.014 inverted 264.2568898195147
0.304 0.022 0.42166666666666663 7.42e-05 0.00265 4.014 normal 116.41121650297438
0.304 0.022 0.42166666666666663 7.42e-05 0.0025 4.014 normal 35.728522698005804
0.304 0.022 0.42166666666666663 7.42e-05 0.00275 4.014 normal 218.46277065505177
0.304 0.022 0.43833333333333335 7.42e-05 0.00215 4.014 normal 405.4847945658033
0.304 0.022 0.43833333333333335 7.42e-05 0.002 4.014 normal 738.059032992823
0.304 0.022 0.43833333333333335 7.42e-05 0.0021 4.014 inverted 470.4253037141335
0.304 0.022 0.43833333333333335 7.42e-05 0.002 4.014 inverted 687.0066312019837
0.304 0.022 0.43833333333333335 7.42e-05 0.00215 4.014 inverted 381.78159017114405
0.304 0.022 0.43833333333333335 7.42e-05 0.0022 4.014 inverted 307.6334029146772
0.304 0.022 0.43833333333333335 7.42e-05 0.00205 4.014 normal 611.1047488760975
0.304 0.022 0.43833333333333335 7.42e-05 0.0025 4.014 normal 37.437072274056966
0.304 0.022 0.43833333333333335 7.42e-05 0.0021 4.014 normal 498.80958546680307
0.304 0.022 0.43833333333333335 7.42e-05 0.00235 4.014 inverted 154.44214756496447
0.304 0.022 0.43833333333333335 7.42e-05 0.00205 4.014 inverted 571.6815689147354
0.304 0.022 0.43833333333333335 7.42e-05 0.0024000000000000002 4.014 inverted 124.86854032928628
0.304 0.022 0.43833333333333335 7.42e-05 0.0025 4.014 inverted 113.51480534503075
0.304 0.022 0.43833333333333335 7.42e-05 0.0024000000000000002 4.014 normal 80.12776979792639
0.304 0.022 0.43833333333333335 7.42e-05 0.0022500000000000003 4.014 inverted 245.56442824748368
0.304 0.022 0.43833333333333335 7.42e-05 0.00235 4.014 normal 129.66060953564119
0.304 0.022 0.43833333333333335 7.42e-05 0.00245 4.014 normal 47.67460993714139
0.304 0.022 0.43833333333333335 7.42e-05 0.0022500000000000003 4.014 normal 254.9848627631724
0.304 0.022 0.43833333333333335 7.42e-05 0.0022 4.014 normal 326.1120636872489
0.304 0.022 0.43833333333333335 7.42e-05 0.00255 4.014 inverted 137.71593117988328
0.304 0.022 0.43833333333333335 7.42e-05 0.00245 4.014 inverted 109.25327168832365
0.304 0.022 0.43833333333333335 7.42e-05 0.00255 4.014 normal 50.59172509438507
0.304 0.022 0.43833333333333335 7.42e-05 0.0023 4.014 normal 188.37669289760404
0.304 0.022 0.43833333333333335 7.42e-05 0.0023 4.014 inverted 194.74794347639207
0.304 0.022 0.45499999999999996 7.42e-05 0.002 4.014 inverted 697.9316426836074
0.304 0.022 0.45499999999999996 7.42e-05 0.00205 4.014 normal 612.8425774272523
0.304 0.022 0.45499999999999996 7.42e-05 0.002 4.014 normal 740.2860457386653
0.304 0.022 0.45499999999999996 7.42e-05 0.0021 4.014 inverted 481.26249496036434
0.304 0.022 0.43833333333333335 7.42e-05 0.0026 4.014 normal 80.78356172076617
0.304 0.022 0.43833333333333335 7.42e-05 0.00265 4.014 normal 122.56365908120675
0.304 0.022 0.43833333333333335 7.42e-05 0.0027 4.014 inverted 280.3518283715752
0.304 0.022 0.43833333333333335 7.42e-05 0.00285 4.014 normal 345.7455541341247
0.304 0.022 0.43833333333333335 7.42e-05 0.003 4.014 normal 538.3454149960647
0.304 0.022 0.43833333333333335 7.42e-05 0.00295 4.014 inverted 611.96405526403
0.304 0.022 0.45499999999999996 7.42e-05 0.00205 4.014 inverted 582.5691083263782
0.304 0.022 0.45499999999999996 7.42e-05 0.0021 4.014 normal 500.73162743475405
0.304 0.022 0.43833333333333335 7.42e-05 0.003 4.014 inverted 682.8103595798759
0.304 0.022 0.43833333333333335 7.42e-05 0.0028 4.014 normal 285.63650304687707
0.304 0.022 0.43833333333333335 7.42e-05 0.00275 4.014 normal 226.73180882781233
0.304 0.022 0.43833333333333335 7.42e-05 0.00275 4.014 inverted 345.52257027226364
0.304 0.022 0.43833333333333335 7.42e-05 0.00295 4.014 normal 471.55497273920207
0.304 0.022 0.43833333333333335 7.42e-05 0.0026 4.014 inverted 176.65778762507279
0.304 0.022 0.43833333333333335 7.42e-05 0.0029000000000000002 4.014 normal 408.02801723999323
0.304 0.022 0.43833333333333335 7.42e-05 0.00285 4.014 inverted 478.35546741971723
0.304 0.022 0.43833333333333335 7.42e-05 0.00265 4.014 inverted 224.03348831338442
0.304 0.022 0.43833333333333335 7.42e-05 0.0028 4.014 inverted 414.2579968239261
0.304 0.022 0.43833333333333335 7.42e-05 0.0027 4.014 normal 171.79491484859824
0.304 0.022 0.43833333333333335 7.42e-05 0.0029000000000000002 4.014 inverted 545.4404748571484
0.304 0.022 0.45499999999999996 7.42e-05 0.0024000000000000002 4.014 normal 82.19787475022595
0.304 0.022 0.45499999999999996 7.42e-05 0.0023 4.014 normal 190.54251380261607
0.304 0.022 0.45499999999999996 7.42e-05 0.00215 4.014 inverted 392.8024324298729
0.304 0.022 0.45499999999999996 7.42e-05 0.00215 4.014 normal 407.73121175817187
0.304 0.022 0.45499999999999996 7.42e-05 0.0022 4.014 inverted 318.6951332865155
0.304 0.022 0.45499999999999996 7.42e-05 0.0023 4.014 inverted 205.37769009392485
0.304 0.022 0.45499999999999996 7.42e-05 0.00235 4.014 normal 131.64016004245107
0.304 0.022 0.45499999999999996 7.42e-05 0.0022500000000000003 4.014 inverted 256.341467930996
0.304 0.022 0.45499999999999996 7.42e-05 0.00255 4.014 inverted 152.22333702325972
0.304 0.022 0.45499999999999996 7.42e-05 0.0027 4.014 inverted 296.87704992458424
0.304 0.022 0.45499999999999996 7.42e-05 0.0026 4.014 normal 87.8039112065222
0.304 0.022 0.45499999999999996 7.42e-05 0.00265 4.014 normal 130.35023054147135
0.304 0.022 0.45499999999999996 7.42e-05 0.0022500000000000003 4.014 normal 257.2929084915686
0.304 0.022 0.45499999999999996 7.42e-05 0.00245 4.014 normal 50.72559048898425
0.304 0.022 0.45499999999999996 7.42e-05 0.0027 4.014 normal 180.46893090245143
0.304 0.022 0.45499999999999996 7.42e-05 0.00265 4.014 inverted 240.11848966746922
0.304 0.022 0.45499999999999996 7.42e-05 0.00235 4.014 inverted 164.81622011151472
0.304 0.022 0.45499999999999996 7.42e-05 0.0025 4.014 inverted 126.636195499476
0.304 0.022 0.45499999999999996 7.42e-05 0.00245 4.014 inverted 120.93935041620709
0.304 0.022 0.45499999999999996 7.42e-05 0.0022 4.014 normal 328.7734443937344
0.304 0.022 0.45499999999999996 7.42e-05 0.00255 4.014 normal 56.203982803464974
0.304 0.022 0.45499999999999996 7.42e-05 0.0024000000000000002 4.014 inverted 135.74015910524716
0.304 0.022 0.45499999999999996 7.42e-05 0.0026 4.014 inverted 192.1369897222068
0.304 0.022 0.45499999999999996 7.42e-05 0.0025 4.014 normal 41.72838591138512
0.304 0.022 0.4716666666666667 7.42e-05 0.0021 4.014 inverted 489.8178494009037
0.304 0.022 0.4716666666666667 7.42e-05 0.0021 4.014 normal 501.7873306883747
0.304 0.022 0.4716666666666667 7.42e-05 0.0022500000000000003 4.014 normal 258.59094955168035
0.304 0.022 0.4716666666666667 7.42e-05 0.00205 4.014 normal 613.7146519229285
0.304 0.022 0.4716666666666667 7.42e-05 0.00205 4.014 inverted 591.2091911534479
0.304 0.022 0.4716666666666667 7.42e-05 0.0022500000000000003 4.014 inverted 265.07392595290634
0.304 0.022 0.4716666666666667 7.42e-05 0.00215 4.014 normal 408.8360448566879
0.304 0.022 0.4716666666666667 7.42e-05 0.00215 4.014 inverted 401.53354140600663
0.304 0.022 0.45499999999999996 7.42e-05 0.00285 4.014 normal 357.5789221503407
0.304 0.022 0.45499999999999996 7.42e-05 0.0029000000000000002 4.014 inverted 566.2919004820845
0.304 0.022 0.4716666666666667 7.42e-05 0.0022 4.014 inverted 327.3852616023357
0.304 0.022 0.45499999999999996 7.42e-05 0.0029000000000000002 4.014 normal 420.90962308560427
0.304 0.022 0.45499999999999996 7.42e-05 0.00295 4.014 inverted 633.3066407919521
0.304 0.022 0.4716666666666667 7.42e-05 0.0022 4.014 normal 330.1855083656273
0.304 0.022 0.45499999999999996 7.42e-05 0.00275 4.014 inverted 363.01271873065457
0.304 0.022 0.45499999999999996 7.42e-05 0.003 4.014 inverted 704.9538860192732
0.304 0.022 0.45499999999999996 7.42e-05 0.0028 4.014 normal 296.32105187216376
0.304 0.022 0.45499999999999996 7.42e-05 0.003 4.014 normal 553.4575757212432
0.304 0.022 0.45499999999999996 7.42e-05 0.00285 4.014 inverted 498.2188089942889
0.304 0.022 0.45499999999999996 7.42e-05 0.00295 4.014 normal 485.401315715367
0.304 0.022 0.45499999999999996 7.42e-05 0.0028 4.014 inverted 433.0792355862936
0.304 0.022 0.45499999999999996 7.42e-05 0.00275 4.014 normal 236.13870960032165
0.304 0.022 0.4716666666666667 7.42e-05 0.002 4.014 inverted 706.6727224078741
0.304 0.022 0.4716666666666667 7.42e-05 0.002 4.014 normal 741.5588788290801
0.304 0.022 0.4716666666666667 7.42e-05 0.00235 4.014 inverted 173.01537241328654
0.304 0.022 0.4716666666666667 7.42e-05 0.00245 4.014 normal 52.7852966356496
0.304 0.022 0.4716666666666667 7.42e-05 0.0023 4.014 inverted 213.6523039048909
0.304 0.022 0.4716666666666667 7.42e-05 0.0023 4.014 normal 191.81396209865432
0.304 0.022 0.4716666666666667 7.42e-05 0.0027 4.014 inverted 309.1647257566434
0.304 0.022 0.4716666666666667 7.42e-05 0.00245 4.014 inverted 130.09049232957454
0.304 0.022 0.4716666666666667 7.42e-05 0.00235 4.014 normal 132.87294587618257
0.304 0.022 0.4716666666666667 7.42e-05 0.0024000000000000002 4.014 normal 83.68613719589877
0.304 0.022 0.4716666666666667 7.42e-05 0.0024000000000000002 4.014 inverted 144.3354908985064
0.304 0.022 0.4716666666666667 7.42e-05 0.00255 4.014 normal 60.047674436237514
0.304 0.022 0.4716666666666667 7.42e-05 0.0025 4.014 normal 44.73523954619551
0.304 0.022 0.4716666666666667 7.42e-05 0.00255 4.014 inverted 162.64232154669432
0.304 0.022 0.4716666666666667 7.42e-05 0.0028 4.014 inverted 446.9237230095379
0.304 0.022 0.4716666666666667 7.42e-05 0.00275 4.014 inverted 375.7771968381423
0.304 0.022 0.4716666666666667 7.42e-05 0.00265 4.014 inverted 252.00526921033267
0.304 0.022 0.4716666666666667 7.42e-05 0.0027 4.014 normal 186.33800235513726
0.304 0.022 0.4716666666666667 7.42e-05 0.00275 4.014 normal 242.62786834572412
0.304 0.022 0.4716666666666667 7.42e-05 0.0028 4.014 normal 303.59066331168515
0.304 0.022 0.4716666666666667 7.42e-05 0.00285 4.014 normal 365.7313015642537
0.304 0.022 0.4716666666666667 7.42e-05 0.0025 4.014 inverted 136.80378962993254
0.304 0.022 0.4716666666666667 7.42e-05 0.00285 4.014 inverted 512.6541147208015
0.304 0.022 0.4716666666666667 7.42e-05 0.0026 4.014 normal 92.67593469387386
0.304 0.022 0.4716666666666667 7.42e-05 0.00265 4.014 normal 135.73799615612182
0.304 0.022 0.4716666666666667 7.42e-05 0.0026 4.014 inverted 203.74537299676481
0.304 0.022 0.4883333333333333 7.42e-05 0.002 4.014 normal 739.6769366072002
0.304 0.022 0.4883333333333333 7.42e-05 0.0021 4.014 normal 499.79471471640085
0.304 0.022 0.4883333333333333 7.42e-05 0.0022500000000000003 4.014 inverted 268.2712348488477
0.304 0.022 0.4883333333333333 7.42e-05 0.0021 4.014 inverted 493.1755188651689
0.304 0.022 0.4883333333333333 7.42e-05 0.0022 4.014 inverted 330.6406759165393
0.304 0.022 0.4883333333333333 7.42e-05 0.00205 4.014 inverted 594.6588757333302
0.304 0.022 0.4716666666666667 7.42e-05 0.003 4.014 normal 563.8674585889775
0.304 0.022 0.4883333333333333 7.42e-05 0.00205 4.014 normal 611.6389775498395
0.304 0.022 0.4883333333333333 7.42e-05 0.002 4.014 inverted 710.2090998371151
0.304 0.022 0.4883333333333333 7.42e-05 0.0024000000000000002 4.014 inverted 147.63661259129728
0.304 0.022 0.4716666666666667 7.42e-05 0.0029000000000000002 4.014 normal 429.7431823809392
0.304 0.022 0.4883333333333333 7.42e-05 0.00235 4.014 inverted 176.14035435540012
0.304 0.022 0.4883333333333333 7.42e-05 0.0022500000000000003 4.014 normal 256.5820044053511
0.304 0.022 0.4883333333333333 7.42e-05 0.00235 4.014 normal 131.014668747502
0.304 0.022 0.4883333333333333 7.42e-05 0.00215 4.014 normal 406.7367654184199
0.304 0.022 0.4716666666666667 7.42e-05 0.00295 4.014 inverted 648.9723841691213
0.304 0.022 0.4883333333333333 7.42e-05 0.0023 4.014 normal 189.86738941156372
0.304 0.022 0.4883333333333333 7.42e-05 0.00215 4.014 inverted 405.3673152698512
0.304 0.022 0.4883333333333333 7.42e-05 0.0023 4.014 inverted 216.72364908796462
0.304 0.022 0.4883333333333333 7.42e-05 0.0022 4.014 normal 328.15721452501765
0.304 0.022 0.4716666666666667 7.42e-05 0.00295 4.014 normal 494.9107261298409
0.304 0.022 0.4716666666666667 7.42e-05 0.003 4.014 inverted 721.0751706931468
0.304 0.022 0.4883333333333333 7.42e-05 0.0024000000000000002 4.014 normal 82.04313556518505
0.304 0.022 0.4716666666666667 7.42e-05 0.0029000000000000002 4.014 inverted 581.4448313530982
0.304 0.022 0.4883333333333333 7.42e-05 0.0026 4.014 normal 92.86282119426927
0.304 0.022 0.4883333333333333 7.42e-05 0.0027 4.014 normal 187.12245380242723
0.304 0.022 0.4883333333333333 7.42e-05 0.00245 4.014 normal 51.46899861148791
0.304 0.022 0.4883333333333333 7.42e-05 0.0025 4.014 inverted 140.83120076106616
0.304 0.022 0.4883333333333333 7.42e-05 0.00255 4.014 normal 59.70861752759501
0.304 0.022 0.4883333333333333 7.42e-05 0.00265 4.014 normal 136.2271294394902
0.304 0.022 0.4883333333333333 7.42e-05 0.00255 4.014 inverted 167.06868334222298
0.304 0.022 0.4883333333333333 7.42e-05 0.00245 4.014 inverted 133.67871853981697
0.304 0.022 0.4883333333333333 7.42e-05 0.00295 4.014 inverted 655.4879268701661
0.304 0.022 0.4883333333333333 7.42e-05 0.0026 4.014 inverted 208.4350532617771
0.304 0.022 0.4883333333333333 7.42e-05 0.00295 4.014 normal 497.60789548572876
0.304 0.022 0.4883333333333333 7.42e-05 0.00285 4.014 inverted 518.5931556602441
0.304 0.022 0.4883333333333333 7.42e-05 0.0025 4.014 normal 43.99399378140936
0.304 0.022 0.4883333333333333 7.42e-05 0.0027 4.014 inverted 314.06975481012836
0.304 0.022 0.4883333333333333 7.42e-05 0.00265 4.014 inverted 256.789643002798
0.304 0.022 0.4883333333333333 7.42e-05 0.0028 4.014 normal 304.9837575100513
0.304 0.022 0.4883333333333333 7.42e-05 0.00285 4.014 normal 367.489202355063
0.304 0.022 0.4883333333333333 7.42e-05 0.003 4.014 inverted 727.9919943210881
0.304 0.022 0.4883333333333333 7.42e-05 0.00275 4.014 inverted 380.8987084335248
0.304 0.022 0.4883333333333333 7.42e-05 0.003 4.014 normal 567.2357435082565
0.304 0.022 0.4883333333333333 7.42e-05 0.0028 4.014 inverted 452.4338389008787
0.304 0.022 0.4883333333333333 7.42e-05 0.0029000000000000002 4.014 normal 431.924257778964
0.304 0.022 0.4883333333333333 7.42e-05 0.00275 4.014 normal 243.63603290009502
0.304 0.022 0.4883333333333333 7.42e-05 0.0029000000000000002 4.014 inverted 587.7071038526976
0.304 0.022 0.505 7.42e-05 0.0021 4.014 normal 493.7470688349873
0.304 0.022 0.505 7.42e-05 0.002 4.014 inverted 707.049917451572
0.304 0.022 0.505 7.42e-05 0.00205 4.014 inverted 591.3740156333602
0.304 0.022 0.505 7.42e-05 0.00215 4.014 normal 400.3280551853779
0.304 0.022 0.505 7.42e-05 0.0022500000000000003 4.014 normal 250.37434642109508
0.304 0.022 0.505 7.42e-05 0.00245 4.014 inverted 130.09264825183234
0.304 0.022 0.505 7.42e-05 0.0021 4.014 inverted 489.7416894261341
0.304 0.022 0.505 7.42e-05 0.00255 4.014 normal 54.18404568368418
0.304 0.022 0.505 7.42e-05 0.002 4.014 normal 733.8642747504585
0.304 0.022 0.505 7.42e-05 0.00235 4.014 inverted 172.56047717221227
0.304 0.022 0.505 7.42e-05 0.0022 4.014 inverted 326.9741874534213
0.304 0.022 0.505 7.42e-05 0.00205 4.014 normal 605.6567934542836
0.304 0.022 0.505 7.42e-05 0.0022500000000000003 4.014 inverted 264.5887026286551
0.304 0.022 0.505 7.42e-05 0.0024000000000000002 4.014 inverted 144.0819757013467
0.304 0.022 0.505 7.42e-05 0.00235 4.014 normal 125.12054849975975
0.304 0.022 0.505 7.42e-05 0.00215 4.014 inverted 401.7922268141253
0.304 0.022 0.505 7.42e-05 0.0025 4.014 normal 38.151957389054914
0.304 0.022 0.505 7.42e-05 0.0022 4.014 normal 321.8087293893956
0.304 0.022 0.505 7.42e-05 0.00255 4.014 inverted 163.35899924424473
0.304 0.022 0.505 7.42e-05 0.00245 4.014 normal 45.82548457483939
0.304 0.022 0.505 7.42e-05 0.0023 4.014 normal 183.78872642861023
0.304 0.022 0.505 7.42e-05 0.0024000000000000002 4.014 normal 76.36683386499556
0.304 0.022 0.505 7.42e-05 0.0023 4.014 inverted 213.0139602792315
0.304 0.022 0.505 7.42e-05 0.0025 4.014 inverted 137.21885806987896
0.304 0.022 0.5216666666666667 7.42e-05 0.002 4.014 normal 724.7954334919505
0.304 0.022 0.5216666666666667 7.42e-05 0.0021 4.014 inverted 479.4959965098887
0.304 0.022 0.5216666666666667 7.42e-05 0.00205 4.014 normal 596.622845807569
0.304 0.022 0.5216666666666667 7.42e-05 0.00205 4.014 inverted 581.3640730886292
0.304 0.022 0.5216666666666667 7.42e-05 0.0021 4.014 normal 484.28371035804014
0.304 0.022 0.505 7.42e-05 0.00275 4.014 normal 238.0358147616535
0.304 0.022 0.505 7.42e-05 0.0027 4.014 normal 181.65042721620748
0.304 0.022 0.505 7.42e-05 0.00285 4.014 normal 361.7745460433285
0.304 0.022 0.505 7.42e-05 0.0026 4.014 normal 87.33448772956018
0.304 0.022 0.5216666666666667 7.42e-05 0.002 4.014 inverted 697.1773989619439
0.304 0.022 0.505 7.42e-05 0.00265 4.014 normal 130.75257328535156
0.304 0.022 0.505 7.42e-05 0.00265 4.014 inverted 252.85169834622477
0.304 0.022 0.505 7.42e-05 0.00295 4.014 normal 492.15425149814126
0.304 0.022 0.505 7.42e-05 0.0028 4.014 inverted 448.161271007373
0.304 0.022 0.505 7.42e-05 0.00285 4.014 inverted 514.4063111533779
0.304 0.022 0.505 7.42e-05 0.00295 4.014 inverted 651.4152684597254
0.304 0.022 0.505 7.42e-05 0.003 4.014 inverted 724.1005007003988
0.304 0.022 0.505 7.42e-05 0.0028 4.014 normal 299.3467647884342
0.304 0.022 0.505 7.42e-05 0.0027 4.014 inverted 310.02803126824057
0.304 0.022 0.505 7.42e-05 0.0029000000000000002 4.014 inverted 583.5438848858242
0.304 0.022 0.505 7.42e-05 0.00275 4.014 inverted 376.7278109881504
0.304 0.022 0.505 7.42e-05 0.003 4.014 normal 561.8899554005254
0.304 0.022 0.505 7.42e-05 0.0029000000000000002 4.014 normal 426.3198793370845
0.304 0.022 0.505 7.42e-05 0.0026 4.014 inverted 204.59854446990354
0.304 0.022 0.5216666666666667 7.42e-05 0.0024000000000000002 4.014 normal 67.10000657511561
0.304 0.022 0.5216666666666667 7.42e-05 0.0022 4.014 normal 311.672638507002
0.304 0.022 0.5216666666666667 7.42e-05 0.00255 4.014 normal 43.896719616045154
0.304 0.022 0.5216666666666667 7.42e-05 0.00265 4.014 inverted 240.2404593432109
0.304 0.022 0.5216666666666667 7.42e-05 0.00235 4.014 normal 115.7091529191859
0.304 0.022 0.5216666666666667 7.42e-05 0.0022 4.014 inverted 316.35846775178516
0.304 0.022 0.5216666666666667 7.42e-05 0.00215 4.014 inverted 391.336266130509
0.304 0.022 0.5216666666666667 7.42e-05 0.00215 4.014 normal 390.4366828486036
0.304 0.022 0.5216666666666667 7.42e-05 0.0024000000000000002 4.014 inverted 133.71691181570273
0.304 0.022 0.5216666666666667 7.42e-05 0.0026 4.014 normal 76.54362339754985
0.304 0.022 0.5216666666666667 7.42e-05 0.0026 4.014 inverted 192.26089222944714
0.304 0.022 0.5216666666666667 7.42e-05 0.0023 4.014 normal 174.11591227039082
0.304 0.022 0.5216666666666667 7.42e-05 0.00255 4.014 inverted 151.55765818468714
0.304 0.022 0.5216666666666667 7.42e-05 0.0022500000000000003 4.014 normal 240.4983197702838
0.304 0.022 0.5216666666666667 7.42e-05 0.00235 4.014 inverted 162.27494168207454
0.304 0.022 0.5216666666666667 7.42e-05 0.0022500000000000003 4.014 inverted 254.06182041406612
0.304 0.022 0.5216666666666667 7.42e-05 0.0023 4.014 inverted 202.7072620421093
0.304 0.022 0.5216666666666667 7.42e-05 0.00245 4.014 inverted 119.36882765712078
0.304 0.022 0.5216666666666667 7.42e-05 0.0027 4.014 normal 170.35091504894723
0.304 0.022 0.5216666666666667 7.42e-05 0.0025 4.014 inverted 125.9680284280711
0.304 0.022 0.5216666666666667 7.42e-05 0.0025 4.014 normal 28.37086718727094
0.304 0.022 0.5216666666666667 7.42e-05 0.0027 4.014 inverted 297.0653118286531
0.304 0.022 0.5216666666666667 7.42e-05 0.00245 4.014 normal 36.39701448475482
0.304 0.022 0.5216666666666667 7.42e-05 0.00265 4.014 normal 119.73684816512343
0.304 0.022 0.5383333333333333 7.42e-05 0.0021 4.014 inverted 464.17054806641244
0.304 0.022 0.5383333333333333 7.42e-05 0.00205 4.014 normal 586.3900327120351
0.304 0.022 0.5216666666666667 7.42e-05 0.00285 4.014 normal 348.9672405392438
0.304 0.022 0.5383333333333333 7.42e-05 0.00205 4.014 inverted 566.2180576409401
0.304 0.022 0.5383333333333333 7.42e-05 0.002 4.014 inverted 682.188443166315
0.304 0.022 0.5383333333333333 7.42e-05 0.0022500000000000003 4.014 normal 228.98508601738297
0.304 0.022 0.5216666666666667 7.42e-05 0.00285 4.014 inverted 500.17166773479784
0.304 0.022 0.5216666666666667 7.42e-05 0.003 4.014 normal 548.4074610476526
0.304 0.022 0.5216666666666667 7.42e-05 0.00275 4.014 normal 226.3296811250223
0.304 0.022 0.5383333333333333 7.42e-05 0.0022 4.014 inverted 300.3975022745604
0.304 0.022 0.5383333333333333 7.42e-05 0.0021 4.014 normal 473.5253171624212
0.304 0.022 0.5216666666666667 7.42e-05 0.0028 4.014 normal 287.14510871202094
0.304 0.022 0.5383333333333333 7.42e-05 0.00215 4.014 inverted 375.56232158770933
0.304 0.022 0.5216666666666667 7.42e-05 0.00275 4.014 inverted 363.2866952040629
0.304 0.022 0.5383333333333333 7.42e-05 0.00215 4.014 normal 379.0693977392414
0.304 0.022 0.5383333333333333 7.42e-05 0.002 4.014 normal 714.5554174313556
0.304 0.022 0.5216666666666667 7.42e-05 0.003 4.014 inverted 709.4414754640625
0.304 0.022 0.5216666666666667 7.42e-05 0.00295 4.014 normal 478.9264463516051
0.304 0.022 0.5216666666666667 7.42e-05 0.0029000000000000002 4.014 normal 413.31001892226163
0.304 0.022 0.5383333333333333 7.42e-05 0.0022 4.014 normal 299.9331846542832
0.304 0.022 0.5216666666666667 7.42e-05 0.00295 4.014 inverted 636.8025080537403
0.304 0.022 0.5383333333333333 7.42e-05 0.0022500000000000003 4.014 inverted 238.2824025286528
0.304 0.022 0.5216666666666667 7.42e-05 0.0029000000000000002 4.014 inverted 568.9886518832761
0.304 0.022 0.5216666666666667 7.42e-05 0.0028 4.014 inverted 434.141114095164
0.304 0.022 0.5383333333333333 7.42e-05 0.0024000000000000002 4.014 normal 56.2573325702261
0.304 0.022 0.5383333333333333 7.42e-05 0.00245 4.014 normal 25.101949525220668
0.304 0.022 0.5383333333333333 7.42e-05 0.00235 4.014 inverted 146.88817369801984
0.304 0.022 0.5383333333333333 7.42e-05 0.0024000000000000002 4.014 inverted 118.02146840033924
0.304 0.022 0.5383333333333333 7.42e-05 0.0023 4.014 inverted 187.26300175379512
0.304 0.022 0.5383333333333333 7.42e-05 0.0025 4.014 inverted 108.70855207541506
0.304 0.022 0.5383333333333333 7.42e-05 0.00235 4.014 normal 104.12851304809061
0.304 0.022 0.5383333333333333 7.42e-05 0.00285 4.014 inverted 477.52386233637174
0.304 0.022 0.5383333333333333 7.42e-05 0.00265 4.014 normal 105.05968636077365
0.304 0.022 0.5383333333333333 7.42e-05 0.0027 4.014 normal 155.16241197371775
0.304 0.022 0.5383333333333333 7.42e-05 0.0025 4.014 normal 16.2384990540631
0.304 0.022 0.5383333333333333 7.42e-05 0.00285 4.014 normal 330.99255477055755
0.304 0.022 0.5383333333333333 7.42e-05 0.0023 4.014 normal 162.77272197118026
0.304 0.022 0.5383333333333333 7.42e-05 0.0027 4.014 inverted 276.7872468183267
0.304 0.022 0.5383333333333333 7.42e-05 0.00255 4.014 normal 30.761985201762453
0.304 0.022 0.5383333333333333 7.42e-05 0.00275 4.014 inverted 342.21854672972563
0.304 0.022 0.5383333333333333 7.42e-05 0.00265 4.014 inverted 220.59164422924857
0.304 0.022 0.5383333333333333 7.42e-05 0.00245 4.014 inverted 103.12849613841206
0.304 0.022 0.5383333333333333 7.42e-05 0.00275 4.014 normal 210.40244527179212
0.304 0.022 0.5383333333333333 7.42e-05 0.0028 4.014 inverted 411.99687829803054
0.304 0.022 0.5383333333333333 7.42e-05 0.0026 4.014 normal 62.426955838216344
0.304 0.022 0.5383333333333333 7.42e-05 0.0028 4.014 normal 270.1584787677814
0.304 0.022 0.5383333333333333 7.42e-05 0.0026 4.014 inverted 173.00859291013913
0.304 0.022 0.5383333333333333 7.42e-05 0.00255 4.014 inverted 133.25653204830954
0.304 0.022 0.5549999999999999 7.42e-05 0.002 4.014 normal 706.6774280630872
0.304 0.022 0.5549999999999999 7.42e-05 0.0022500000000000003 4.014 inverted 220.37654223493436
0.304 0.022 0.5383333333333333 7.42e-05 0.0029000000000000002 4.014 inverted 545.6572339395739
0.304 0.022 0.5549999999999999 7.42e-05 0.00205 4.014 normal 578.4973601199023
0.304 0.022 0.5549999999999999 7.42e-05 0.0021 4.014 normal 465.33094826461553
0.304 0.022 0.5549999999999999 7.42e-05 0.0022500000000000003 4.014 normal 219.3097081481614
0.304 0.022 0.5549999999999999 7.42e-05 0.002 4.014 inverted 665.0917677513402
0.304 0.022 0.5549999999999999 7.42e-05 0.00205 4.014 inverted 549.0234984082432
0.304 0.022 0.5549999999999999 7.42e-05 0.0023 4.014 inverted 170.00225381748677
0.304 0.022 0.5549999999999999 7.42e-05 0.00215 4.014 normal 369.75975300754385
0.304 0.022 0.5549999999999999 7.42e-05 0.00235 4.014 normal 95.1782456707789
0.304 0.022 0.5383333333333333 7.42e-05 0.00295 4.014 inverted 613.3209216223745
0.304 0.022 0.5549999999999999 7.42e-05 0.0024000000000000002 4.014 inverted 100.20485051319726
0.304 0.022 0.5549999999999999 7.42e-05 0.0021 4.014 inverted 446.8145313588554
0.304 0.022 0.5549999999999999 7.42e-05 0.00235 4.014 inverted 129.5812352583728
0.304 0.022 0.5549999999999999 7.42e-05 0.0022 4.014 inverted 282.23286900633735
0.304 0.022 0.5549999999999999 7.42e-05 0.0023 4.014 normal 153.39855417312103
0.304 0.022 0.5383333333333333 7.42e-05 0.00295 4.014 normal 459.7625041222663
0.304 0.022 0.5549999999999999 7.42e-05 0.00215 4.014 inverted 357.57644405872037
0.304 0.022 0.5549999999999999 7.42e-05 0.0022 4.014 normal 289.913768662162
0.304 0.022 0.5383333333333333 7.42e-05 0.003 4.014 normal 528.6481112164305
0.304 0.022 0.5549999999999999 7.42e-05 0.0024000000000000002 4.014 normal 47.30753029174777
0.304 0.022 0.5383333333333333 7.42e-05 0.003 4.014 inverted 685.632271922928
0.304 0.022 0.5383333333333333 7.42e-05 0.0029000000000000002 4.014 normal 394.68646207459295
0.304 0.022 0.5549999999999999 7.42e-05 0.0026 4.014 normal 48.390544560907266
0.304 0.022 0.5549999999999999 7.42e-05 0.00245 4.014 normal 15.325485480861612
0.304 0.022 0.5549999999999999 7.42e-05 0.00255 4.014 inverted 111.66259199650791
0.304 0.022 0.5549999999999999 7.42e-05 0.00245 4.014 inverted 84.53774001972393
0.304 0.022 0.5549999999999999 7.42e-05 0.00255 4.014 normal 18.147571942305067
0.304 0.022 0.5549999999999999 7.42e-05 0.00265 4.014 inverted 196.9851354495647
0.304 0.022 0.5549999999999999 7.42e-05 0.0025 4.014 inverted 88.61557233561194
0.304 0.022 0.5549999999999999 7.42e-05 0.00285 4.014 normal 311.1975583931403
0.304 0.022 0.5549999999999999 7.42e-05 0.0027 4.014 normal 139.5185020715757
0.304 0.022 0.5549999999999999 7.42e-05 0.0025 4.014 normal 5.160675803871458
0.304 0.022 0.5549999999999999 7.42e-05 0.003 4.014 inverted 655.8614407157385
0.304 0.022 0.5549999999999999 7.42e-05 0.0029000000000000002 4.014 normal 373.89079459426875
0.304 0.022 0.5549999999999999 7.42e-05 0.00295 4.014 normal 438.0401987921938
0.304 0.022 0.5549999999999999 7.42e-05 0.00295 4.014 inverted 583.97153652306
0.304 0.022 0.5549999999999999 7.42e-05 0.0026 4.014 inverted 149.906677864077
0.304 0.022 0.5549999999999999 7.42e-05 0.0029000000000000002 4.014 inverted 516.7580487455408
0.304 0.022 0.5549999999999999 7.42e-05 0.00275 4.014 normal 193.70129693635167
0.304 0.022 0.5549999999999999 7.42e-05 0.0027 4.014 inverted 252.39829390307582
0.304 0.022 0.5549999999999999 7.42e-05 0.00285 4.014 inverted 449.59586417857116
0.304 0.022 0.5549999999999999 7.42e-05 0.0028 4.014 inverted 384.9556953302442
0.304 0.022 0.5549999999999999 7.42e-05 0.00275 4.014 inverted 316.7145479899989
0.304 0.022 0.5549999999999999 7.42e-05 0.0028 4.014 normal 251.8152176316483
0.304 0.022 0.5549999999999999 7.42e-05 0.00265 4.014 normal 89.73615456906529
0.304 0.022 0.5549999999999999 7.42e-05 0.003 4.014 normal 505.80731015440927
0.304 0.022 0.5716666666666667 7.42e-05 0.002 4.014 inverted 650.6568481276885
0.304 0.022 0.5716666666666667 7.42e-05 0.002 4.014 normal 706.0378971335218
0.304 0.022 0.5716666666666667 7.42e-05 0.00205 4.014 inverted 534.4251531464205
0.304 0.022 0.5716666666666667 7.42e-05 0.0021 4.014 inverted 432.06775498560785
0.304 0.022 0.5716666666666667 7.42e-05 0.0022500000000000003 4.014 normal 216.32401341025252
0.304 0.022 0.5716666666666667 7.42e-05 0.0021 4.014 normal 463.97641202407016
0.304 0.022 0.5716666666666667 7.42e-05 0.00205 4.014 normal 577.6483708735448
0.304 0.022 0.5716666666666667 7.42e-05 0.0024000000000000002 4.014 normal 45.07168202483644
0.304 0.022 0.5716666666666667 7.42e-05 0.0022500000000000003 4.014 inverted 204.8779435740436
0.304 0.022 0.5716666666666667 7.42e-05 0.0025 4.014 normal 0.002427922283795753
0.304 0.022 0.5716666666666667 7.42e-05 0.0023 4.014 inverted 155.33316959119804
0.304 0.022 0.5716666666666667 7.42e-05 0.00215 4.014 normal 367.37863054221674
0.304 0.022 0.5716666666666667 7.42e-05 0.00235 4.014 normal 92.99660961122903
0.304 0.022 0.5716666666666667 7.42e-05 0.00245 4.014 normal 11.901198177145943
0.304 0.022 0.5716666666666667 7.42e-05 0.00255 4.014 normal 11.076406672142499
0.304 0.022 0.5716666666666667 7.42e-05 0.0024000000000000002 4.014 inverted 85.09836807572253
0.304 0.022 0.5716666666666667 7.42e-05 0.0025 4.014 inverted 70.39344311882488
0.304 0.022 0.5716666666666667 7.42e-05 0.00255 4.014 inverted 91.50649838948266
0.304 0.022 0.5716666666666667 7.42e-05 0.00235 4.014 inverted 114.94931770612203
0.304 0.022 0.5716666666666667 7.42e-05 0.0022 4.014 inverted 266.4817475181722
0.304 0.022 0.5716666666666667 7.42e-05 0.00245 4.014 inverted 68.26443005654176
0.304 0.022 0.5716666666666667 7.42e-05 0.0022 4.014 normal 286.4362697835511
0.304 0.022 0.5716666666666667 7.42e-05 0.00215 4.014 inverted 342.05455069018825
0.304 0.022 0.5716666666666667 7.42e-05 0.0023 4.014 normal 150.7591189639877
0.304 0.022 0.5883333333333334 7.42e-05 0.00205 4.014 normal 590.26024586426
0.304 0.022 0.5883333333333334 7.42e-05 0.00205 4.014 inverted 528.5463319269277
0.304 0.022 0.5716666666666667 7.42e-05 0.0027 4.014 normal 128.18638740638227
0.304 0.022 0.5883333333333334 7.42e-05 0.002 4.014 normal 718.9789775580163
0.304 0.022 0.5716666666666667 7.42e-05 0.0026 4.014 normal 39.3274573213306
0.304 0.022 0.5883333333333334 7.42e-05 0.0021 4.014 normal 475.4845041491034
0.304 0.022 0.5716666666666667 7.42e-05 0.0026 4.014 inverted 128.00317669398447
0.304 0.022 0.5716666666666667 7.42e-05 0.00275 4.014 normal 180.91905192147942
0.304 0.022 0.5716666666666667 7.42e-05 0.003 4.014 normal 485.1045673377822
0.304 0.022 0.5883333333333334 7.42e-05 0.002 4.014 inverted 644.9558520429111
0.304 0.022 0.5716666666666667 7.42e-05 0.00285 4.014 inverted 421.21976651612664
0.304 0.022 0.5716666666666667 7.42e-05 0.0029000000000000002 4.014 inverted 487.0687491398648
0.304 0.022 0.5716666666666667 7.42e-05 0.0028 4.014 inverted 357.7880399209738
0.304 0.022 0.5716666666666667 7.42e-05 0.00285 4.014 normal 294.400054491881
0.304 0.022 0.5716666666666667 7.42e-05 0.00265 4.014 inverted 174.2775226390009
0.304 0.022 0.5883333333333334 7.42e-05 0.0021 4.014 inverted 425.9890196893083
0.304 0.022 0.5716666666666667 7.42e-05 0.0027 4.014 inverted 228.67286500756703
0.304 0.022 0.5716666666666667 7.42e-05 0.00275 4.014 inverted 291.600324241364
0.304 0.022 0.5716666666666667 7.42e-05 0.00265 4.014 normal 79.57568418095762
0.304 0.022 0.5716666666666667 7.42e-05 0.00295 4.014 normal 418.6233419000997
0.304 0.022 0.5716666666666667 7.42e-05 0.003 4.014 inverted 624.8916416662405
0.304 0.022 0.5716666666666667 7.42e-05 0.0028 4.014 normal 237.02250509187513
0.304 0.022 0.5716666666666667 7.42e-05 0.00295 4.014 inverted 553.6923709386342
0.304 0.022 0.5716666666666667 7.42e-05 0.0029000000000000002 4.014 normal 355.7304209971496
0.304 0.022 0.5883333333333334 7.42e-05 0.0023 4.014 normal 161.01760593041092
0.304 0.022 0.5883333333333334 7.42e-05 0.00215 4.014 normal 378.1404183161859
0.304 0.022 0.5883333333333334 7.42e-05 0.0022500000000000003 4.014 normal 226.41886715118451
0.304 0.022 0.5883333333333334 7.42e-05 0.0024000000000000002 4.014 normal 55.818374918029804
0.304 0.022 0.5883333333333334 7.42e-05 0.0025 4.014 normal 7.0071341974460575
0.304 0.022 0.5883333333333334 7.42e-05 0.0025 4.014 inverted 60.34417261418075
0.304 0.022 0.5883333333333334 7.42e-05 0.00215 4.014 inverted 335.169651067101
0.304 0.022 0.5883333333333334 7.42e-05 0.0027 4.014 inverted 211.9059102258802
0.304 0.022 0.5883333333333334 7.42e-05 0.0022 4.014 inverted 259.336345316853
0.304 0.022 0.5883333333333334 7.42e-05 0.00255 4.014 inverted 79.00801853975642
0.304 0.022 0.5883333333333334 7.42e-05 0.00255 4.014 normal 15.786899332998795
0.304 0.022 0.5883333333333334 7.42e-05 0.00245 4.014 inverted 60.50604777812984
0.304 0.022 0.5883333333333334 7.42e-05 0.0023 4.014 inverted 149.3266385060569
0.304 0.022 0.5883333333333334 7.42e-05 0.00265 4.014 normal 80.35887688094621
0.304 0.022 0.5883333333333334 7.42e-05 0.00235 4.014 inverted 109.28570018292378
0.304 0.022 0.5883333333333334 7.42e-05 0.00265 4.014 inverted 158.7428315500679
0.304 0.022 0.5883333333333334 7.42e-05 0.0022500000000000003 4.014 inverted 198.23581125444898
0.304 0.022 0.5883333333333334 7.42e-05 0.00235 4.014 normal 103.87940626449786
0.304 0.022 0.5883333333333334 7.42e-05 0.0022 4.014 normal 296.1826282730768
0.304 0.022 0.5883333333333334 7.42e-05 0.0026 4.014 normal 41.50926444515591
0.304 0.022 0.5883333333333334 7.42e-05 0.0024000000000000002 4.014 inverted 78.75769748887282
0.304 0.022 0.5883333333333334 7.42e-05 0.0026 4.014 inverted 113.4206599127744
0.304 0.022 0.5883333333333334 7.42e-05 0.0027 4.014 normal 127.33907034106593
0.304 0.022 0.5883333333333334 7.42e-05 0.00245 4.014 normal 21.18474353506729
0.304 0.022 0.605 7.42e-05 0.002 4.014 inverted 655.4583008606533
0.304 0.022 0.5883333333333334 7.42e-05 0.0029000000000000002 4.014 normal 346.4955369270178
0.304 0.022 0.605 7.42e-05 0.00215 4.014 inverted 344.5408287452282
0.304 0.022 0.605 7.42e-05 0.00205 4.014 normal 624.2965907839149
0.304 0.022 0.605 7.42e-05 0.0022 4.014 inverted 268.4680487276635
0.304 0.022 0.605 7.42e-05 0.00205 4.014 inverted 538.896763878976
0.304 0.022 0.605 7.42e-05 0.0021 4.014 normal 508.4047404012674
0.304 0.022 0.605 7.42e-05 0.0022 4.014 normal 326.80837639476607
0.304 0.022 0.5883333333333334 7.42e-05 0.003 4.014 normal 471.9804175325111
0.304 0.022 0.605 7.42e-05 0.0021 4.014 inverted 436.2002278434928
0.304 0.022 0.5883333333333334 7.42e-05 0.00285 4.014 normal 287.0655833074478
0.304 0.022 0.605 7.42e-05 0.00215 4.014 normal 409.5716828219808
0.304 0.022 0.605 7.42e-05 0.0022500000000000003 4.014 inverted 207.97183335280423
0.304 0.022 0.5883333333333334 7.42e-05 0.00275 4.014 normal 178.42781779532743
0.304 0.022 0.605 7.42e-05 0.0022500000000000003 4.014 normal 256.8341389305924
0.304 0.022 0.5883333333333334 7.42e-05 0.003 4.014 inverted 599.0363961963251
0.304 0.022 0.5883333333333334 7.42e-05 0.00285 4.014 inverted 398.7206004298111
0.304 0.022 0.5883333333333334 7.42e-05 0.0028 4.014 normal 232.0661812018363
0.304 0.022 0.605 7.42e-05 0.002 4.014 normal 753.2973802198637
0.304 0.022 0.5883333333333334 7.42e-05 0.00275 4.014 inverted 273.0455152505543
0.304 0.022 0.5883333333333334 7.42e-05 0.0028 4.014 inverted 336.8554966145298
0.304 0.022 0.5883333333333334 7.42e-05 0.00295 4.014 normal 407.8554798322508
0.304 0.022 0.5883333333333334 7.42e-05 0.0029000000000000002 4.014 inverted 462.93048391959354
0.304 0.022 0.5883333333333334 7.42e-05 0.00295 4.014 inverted 528.8501572222254
0.304 0.022 0.605 7.42e-05 0.00245 4.014 normal 50.53522272232001
0.304 0.022 0.605 7.42e-05 0.0024000000000000002 4.014 normal 87.1181019364265
0.304 0.022 0.605 7.42e-05 0.0027 4.014 inverted 209.85372531640033
0.304 0.022 0.605 7.42e-05 0.0023 4.014 normal 191.859239472173
0.304 0.022 0.605 7.42e-05 0.0023 4.014 inverted 159.9224794392975
0.304 0.022 0.605 7.42e-05 0.00235 4.014 normal 135.39895539105297
0.304 0.022 0.605 7.42e-05 0.00255 4.014 normal 39.78592353010336
0.304 0.022 0.605 7.42e-05 0.0024000000000000002 4.014 inverted 88.88897405815705
0.304 0.022 0.605 7.42e-05 0.0027 4.014 normal 144.9246507691408
0.304 0.022 0.605 7.42e-05 0.0025 4.014 inverted 66.18669951897184
0.304 0.022 0.605 7.42e-05 0.0028 4.014 normal 244.69477217830573
0.304 0.022 0.605 7.42e-05 0.00265 4.014 inverted 158.07266091261204
0.304 0.022 0.605 7.42e-05 0.00235 4.014 inverted 120.25149415876358
0.304 0.022 0.605 7.42e-05 0.0028 4.014 inverted 329.941529257075
0.304 0.022 0.605 7.42e-05 0.00245 4.014 inverted 68.93687467113458
0.304 0.022 0.605 7.42e-05 0.0026 4.014 inverted 113.97116202581648
0.304 0.022 0.605 7.42e-05 0.00265 4.014 normal 100.00285039221758
0.304 0.022 0.605 7.42e-05 0.00285 4.014 inverted 389.9283115457148
0.304 0.022 0.605 7.42e-05 0.0025 4.014 normal 33.912978695636696
0.304 0.022 0.605 7.42e-05 0.00285 4.014 normal 296.7952740494291
0.304 0.022 0.605 7.42e-05 0.00255 4.014 inverted 81.67817023809465
0.304 0.022 0.605 7.42e-05 0.00275 4.014 normal 193.93447451600315
0.304 0.022 0.605 7.42e-05 0.00275 4.014 inverted 268.9365751210924
0.304 0.022 0.605 7.42e-05 0.0026 4.014 normal 62.65243754774262
0.304 0.022 0.6216666666666666 7.42e-05 0.002 4.014 normal 818.0619740275232
0.304 0.022 0.6216666666666666 7.42e-05 0.0022500000000000003 4.014 normal 316.89429638388185
0.304 0.022 0.6216666666666666 7.42e-05 0.0023 4.014 normal 252.10563664503104
0.304 0.022 0.6216666666666666 7.42e-05 0.0021 4.014 inverted 471.51617861960864
0.304 0.022 0.6216666666666666 7.42e-05 0.0021 4.014 normal 571.3924781739619
0.304 0.022 0.6216666666666666 7.42e-05 0.0022500000000000003 4.014 inverted 243.06589144668422
0.304 0.022 0.6216666666666666 7.42e-05 0.00215 4.014 inverted 379.18169334132904
0.304 0.022 0.6216666666666666 7.42e-05 0.0022 4.014 normal 386.49439174387487
0.304 0.022 0.6216666666666666 7.42e-05 0.00205 4.014 inverted 574.4327462036174
0.304 0.022 0.6216666666666666 7.42e-05 0.002 4.014 inverted 690.9821233234204
0.304 0.022 0.6216666666666666 7.42e-05 0.00235 4.014 normal 196.10941144065396
0.304 0.022 0.6216666666666666 7.42e-05 0.0024000000000000002 4.014 normal 147.6682162715688
0.304 0.022 0.605 7.42e-05 0.0029000000000000002 4.014 normal 353.88884100730667
0.304 0.022 0.6216666666666666 7.42e-05 0.00235 4.014 inverted 156.7338002804538
0.304 0.022 0.6216666666666666 7.42e-05 0.00215 4.014 normal 471.04493096154874
0.304 0.022 0.605 7.42e-05 0.003 4.014 inverted 586.1364699767956
0.304 0.022 0.605 7.42e-05 0.0029000000000000002 4.014 inverted 452.06205598557
0.304 0.022 0.6216666666666666 7.42e-05 0.0022 4.014 inverted 302.92593817164186
0.304 0.022 0.6216666666666666 7.42e-05 0.00205 4.014 normal 688.0402770857323
0.304 0.022 0.6216666666666666 7.42e-05 0.0023 4.014 inverted 196.01561837856264
0.304 0.022 0.6216666666666666 7.42e-05 0.0024000000000000002 4.014 inverted 124.94454848531188
0.304 0.022 0.605 7.42e-05 0.003 4.014 normal 475.6013933396679
0.304 0.022 0.605 7.42e-05 0.00295 4.014 normal 413.3467900322905
0.304 0.022 0.605 7.42e-05 0.00295 4.014 inverted 517.10697977614
0.304 0.022 0.6216666666666666 7.42e-05 0.0026 4.014 normal 111.90068081874117
0.304 0.022 0.6216666666666666 7.42e-05 0.00245 4.014 normal 108.87597578591564
0.304 0.022 0.6216666666666666 7.42e-05 0.00245 4.014 inverted 102.85164099410188
0.304 0.022 0.6216666666666666 7.42e-05 0.00255 4.014 inverted 109.01271081810357
0.304 0.022 0.6216666666666666 7.42e-05 0.00255 4.014 normal 91.86379937584717
0.304 0.022 0.6216666666666666 7.42e-05 0.0025 4.014 normal 89.71669522228311
0.304 0.022 0.6216666666666666 7.42e-05 0.0027 4.014 normal 190.0352171369143
0.304 0.022 0.6216666666666666 7.42e-05 0.00285 4.014 inverted 404.1398736408011
0.304 0.022 0.6216666666666666 7.42e-05 0.0027 4.014 inverted 231.68840597617387
0.304 0.022 0.6216666666666666 7.42e-05 0.0026 4.014 inverted 138.70526570532087
0.304 0.022 0.6216666666666666 7.42e-05 0.003 4.014 inverted 595.2973433378995
0.304 0.022 0.6216666666666666 7.42e-05 0.00265 4.014 inverted 181.55864719657788
0.304 0.022 0.6216666666666666 7.42e-05 0.0028 4.014 normal 283.90790147089274
0.304 0.022 0.6216666666666666 7.42e-05 0.0025 4.014 inverted 97.00489253629556
0.304 0.022 0.6216666666666666 7.42e-05 0.00295 4.014 inverted 527.2871725379426
0.304 0.022 0.6216666666666666 7.42e-05 0.003 4.014 normal 504.352557365672
0.304 0.022 0.6216666666666666 7.42e-05 0.00275 4.014 inverted 288.4428064864933
0.304 0.022 0.6216666666666666 7.42e-05 0.0028 4.014 inverted 346.334172551261
0.304 0.022 0.6216666666666666 7.42e-05 0.00275 4.014 normal 236.48850425819063
0.304 0.022 0.6216666666666666 7.42e-05 0.00265 4.014 normal 147.08940712365097
0.304 0.022 0.6216666666666666 7.42e-05 0.00295 4.014 normal 443.94600727582906
0.304 0.022 0.6216666666666666 7.42e-05 0.00285 4.014 normal 332.62761453181037
0.304 0.022 0.6216666666666666 7.42e-05 0.0029000000000000002 4.014 inverted 463.91012819031124
0.304 0.022 0.6216666666666666 7.42e-05 0.0029000000000000002 4.014 normal 387.0288396326661
0.304 0.022 0.6383333333333333 7.42e-05 0.0021 4.014 inverted 542.478852175123
0.304 0.022 0.6383333333333333 7.42e-05 0.00215 4.014 normal 572.5638819959457
0.304 0.022 0.6383333333333333 7.42e-05 0.002 4.014 normal 922.737692571319
0.304 0.022 0.6383333333333333 7.42e-05 0.0022500000000000003 4.014 normal 417.0583706410008
0.304 0.022 0.6383333333333333 7.42e-05 0.0021 4.014 normal 674.6932064302908
0.304 0.022 0.6383333333333333 7.42e-05 0.00205 4.014 normal 791.812403494432
0.304 0.022 0.6383333333333333 7.42e-05 0.00205 4.014 inverted 645.57287382436
0.304 0.022 0.6383333333333333 7.42e-05 0.0024000000000000002 4.014 inverted 197.05987958542363
0.304 0.022 0.6383333333333333 7.42e-05 0.0022500000000000003 4.014 inverted 313.9449444972042
0.304 0.022 0.6383333333333333 7.42e-05 0.0025 4.014 inverted 163.24000580029158
0.304 0.022 0.6383333333333333 7.42e-05 0.0023 4.014 inverted 268.04184342735056
0.304 0.022 0.6383333333333333 7.42e-05 0.002 4.014 inverted 762.0139444202593
0.304 0.022 0.6383333333333333 7.42e-05 0.00245 4.014 inverted 172.33588266483838
0.304 0.022 0.6383333333333333 7.42e-05 0.00255 4.014 inverted 171.67001582515948
0.304 0.022 0.6383333333333333 7.42e-05 0.0022 4.014 normal 486.15344095900775
0.304 0.022 0.6383333333333333 7.42e-05 0.00245 4.014 normal 206.49650755275977
0.304 0.022 0.6383333333333333 7.42e-05 0.0022 4.014 inverted 373.2323447128034
0.304 0.022 0.6383333333333333 7.42e-05 0.00255 4.014 normal 182.75696436047042
0.304 0.022 0.6383333333333333 7.42e-05 0.0025 4.014 normal 184.82186174659685
0.304 0.022 0.6383333333333333 7.42e-05 0.00235 4.014 inverted 228.9512967588114
0.304 0.022 0.6383333333333333 7.42e-05 0.00235 4.014 normal 296.8264377071822
0.304 0.022 0.6383333333333333 7.42e-05 0.0024000000000000002 4.014 normal 247.80219811405388
0.304 0.022 0.6383333333333333 7.42e-05 0.0023 4.014 normal 352.1822172248101
0.304 0.022 0.6383333333333333 7.42e-05 0.00215 4.014 inverted 449.8356099953366
0.304 0.022 0.6383333333333333 7.42e-05 0.00285 4.014 normal 404.9519649028582
0.304 0.022 0.6383333333333333 7.42e-05 0.0026 4.014 normal 200.0295988847483
0.304 0.022 0.655 7.42e-05 0.002 4.014 normal 1078.5400301190393
0.304 0.022 0.6383333333333333 7.42e-05 0.0027 4.014 normal 272.8206152533109
0.304 0.022 0.655 7.42e-05 0.0021 4.014 normal 828.8229426852187
0.304 0.022 0.655 7.42e-05 0.00205 4.014 normal 948.6175825155044
0.304 0.022 0.6383333333333333 7.42e-05 0.00295 4.014 inverted 571.1595115664369
0.304 0.022 0.655 7.42e-05 0.002 4.014 inverted 880.0292566593419
0.304 0.022 0.6383333333333333 7.42e-05 0.003 4.014 normal 568.5211299952715
0.304 0.022 0.655 7.42e-05 0.0021 4.014 inverted 660.4990369896317
0.304 0.022 0.6383333333333333 7.42e-05 0.0027 4.014 inverted 288.09128619067303
0.304 0.022 0.655 7.42e-05 0.00205 4.014 inverted 764.005458844549
0.304 0.022 0.6383333333333333 7.42e-05 0.0028 4.014 normal 360.1110791238501
0.304 0.022 0.6383333333333333 7.42e-05 0.0029000000000000002 4.014 inverted 508.95739758213034
0.304 0.022 0.6383333333333333 7.42e-05 0.00275 4.014 inverted 342.14442610385464
0.304 0.022 0.6383333333333333 7.42e-05 0.00295 4.014 normal 510.63024976777683
0.304 0.022 0.6383333333333333 7.42e-05 0.0026 4.014 inverted 198.33323216664354
0.304 0.022 0.6383333333333333 7.42e-05 0.003 4.014 inverted 637.2072522383265
0.304 0.022 0.6383333333333333 7.42e-05 0.00265 4.014 inverted 239.8061119079924
0.304 0.022 0.6383333333333333 7.42e-05 0.00265 4.014 normal 232.14908761388278
0.304 0.022 0.6383333333333333 7.42e-05 0.0028 4.014 inverted 396.7320238149421
0.304 0.022 0.6383333333333333 7.42e-05 0.00275 4.014 normal 316.39752449701854
0.304 0.022 0.6383333333333333 7.42e-05 0.0029000000000000002 4.014 normal 456.31326698182704
0.304 0.022 0.6383333333333333 7.42e-05 0.00285 4.014 inverted 452.0249984367726
0.304 0.022 0.655 7.42e-05 0.00215 4.014 normal 724.3936928157543
0.304 0.022 0.655 7.42e-05 0.0022500000000000003 4.014 normal 568.3192462109364
0.304 0.022 0.655 7.42e-05 0.0023 4.014 normal 503.51331950006625
0.304 0.022 0.655 7.42e-05 0.0022500000000000003 4.014 inverted 432.3427476597025
0.304 0.022 0.655 7.42e-05 0.00215 4.014 inverted 567.7027496000837
0.304 0.022 0.655 7.42e-05 0.00245 4.014 inverted 288.97596598128916
0.304 0.022 0.655 7.42e-05 0.0026 4.014 normal 337.58592482465315
0.304 0.022 0.655 7.42e-05 0.00255 4.014 inverted 281.57932921822567
0.304 0.022 0.655 7.42e-05 0.0025 4.014 normal 331.03709100560525
0.304 0.022 0.655 7.42e-05 0.0027 4.014 inverted 391.2904195264085
0.304 0.022 0.655 7.42e-05 0.0023 4.014 inverted 387.8254519469844
0.304 0.022 0.655 7.42e-05 0.0024000000000000002 4.014 inverted 316.58974657645814
0.304 0.022 0.655 7.42e-05 0.00235 4.014 inverted 349.11587449037125
0.304 0.022 0.655 7.42e-05 0.0025 4.014 inverted 276.8343661236174
0.304 0.022 0.655 7.42e-05 0.00265 4.014 inverted 344.7253331365083
0.304 0.022 0.655 7.42e-05 0.00255 4.014 normal 323.50617765416416
0.304 0.022 0.655 7.42e-05 0.0026 4.014 inverted 304.6515263669118
0.304 0.022 0.655 7.42e-05 0.0022 4.014 inverted 490.8403304435866
0.304 0.022 0.655 7.42e-05 0.0027 4.014 normal 404.75892402389786
0.304 0.022 0.655 7.42e-05 0.0024000000000000002 4.014 normal 398.07423824826566
0.304 0.022 0.655 7.42e-05 0.00245 4.014 normal 354.74507159720594
0.304 0.022 0.655 7.42e-05 0.0022 4.014 normal 637.3596572384383
0.304 0.022 0.655 7.42e-05 0.00235 4.014 normal 448.6500638822921
0.304 0.022 0.655 7.42e-05 0.00265 4.014 normal 366.77073939772424
0.304 0.022 0.6716666666666666 7.42e-05 0.00205 4.014 normal 1166.7952936375366
0.304 0.022 0.6716666666666666 7.42e-05 0.002 4.014 inverted 1057.9674214524898
0.304 0.022 0.6716666666666666 7.42e-05 0.0022500000000000003 4.014 inverted 611.2674147747061
0.304 0.022 0.6716666666666666 7.42e-05 0.0022 4.014 normal 852.2263146256541
0.304 0.022 0.6716666666666666 7.42e-05 0.002 4.014 normal 1297.9697351293066
0.304 0.022 0.6716666666666666 7.42e-05 0.00215 4.014 normal 942.0782562687618
0.304 0.022 0.6716666666666666 7.42e-05 0.00215 4.014 inverted 745.3795448924648
0.304 0.022 0.6716666666666666 7.42e-05 0.0021 4.014 normal 1049.372321479115
0.304 0.022 0.6716666666666666 7.42e-05 0.0021 4.014 inverted 838.5261511088448
0.304 0.022 0.655 7.42e-05 0.00275 4.014 inverted 442.19584936380295
0.304 0.022 0.655 7.42e-05 0.00285 4.014 normal 525.4432455658423
0.304 0.022 0.6716666666666666 7.42e-05 0.00205 4.014 inverted 942.3631877790887
0.304 0.022 0.655 7.42e-05 0.003 4.014 inverted 724.0741118929892
0.304 0.022 0.655 7.42e-05 0.0028 4.014 normal 484.99117635063914
0.304 0.022 0.6716666666666666 7.42e-05 0.0022500000000000003 4.014 normal 782.9971818812836
0.304 0.022 0.655 7.42e-05 0.0028 4.014 inverted 492.92036788006004
0.304 0.022 0.6716666666666666 7.42e-05 0.0022 4.014 inverted 668.566731008138
0.304 0.022 0.655 7.42e-05 0.003 4.014 normal 679.6281965778643
0.304 0.022 0.655 7.42e-05 0.00285 4.014 inverted 545.5514374994805
0.304 0.022 0.655 7.42e-05 0.00295 4.014 inverted 659.6118828604676
0.304 0.022 0.655 7.42e-05 0.00275 4.014 normal 445.35060943451964
0.304 0.022 0.655 7.42e-05 0.0029000000000000002 4.014 normal 573.066437616477
0.304 0.022 0.655 7.42e-05 0.00295 4.014 normal 624.6704332656511
0.304 0.022 0.655 7.42e-05 0.0029000000000000002 4.014 inverted 599.3820468431074
0.304 0.022 0.6716666666666666 7.42e-05 0.00245 4.014 normal 566.1107315268034
0.304 0.022 0.6716666666666666 7.42e-05 0.0024000000000000002 4.014 normal 613.1650709009655
0.304 0.022 0.6716666666666666 7.42e-05 0.00235 4.014 inverted 530.0420702390239
0.304 0.022 0.6716666666666666 7.42e-05 0.0027 4.014 normal 598.5650278774447
0.304 0.022 0.6716666666666666 7.42e-05 0.0028 4.014 normal 671.1388544099959
0.304 0.022 0.6716666666666666 7.42e-05 0.0023 4.014 normal 718.3083137700755
0.304 0.022 0.6716666666666666 7.42e-05 0.00285 4.014 normal 706.7486191469798
0.304 0.022 0.6716666666666666 7.42e-05 0.00255 4.014 inverted 451.5990770886172
0.304 0.022 0.6716666666666666 7.42e-05 0.00275 4.014 inverted 601.810769164133
0.304 0.022 0.6716666666666666 7.42e-05 0.00255 4.014 normal 527.5952524808655
0.304 0.022 0.6716666666666666 7.42e-05 0.0023 4.014 inverted 568.3510536685143
0.304 0.022 0.6716666666666666 7.42e-05 0.0025 4.014 inverted 450.81958060548874
0.304 0.022 0.6716666666666666 7.42e-05 0.0027 4.014 inverted 553.5516125216113
0.304 0.022 0.6716666666666666 7.42e-05 0.0026 4.014 normal 537.6634092069215
0.304 0.022 0.6716666666666666 7.42e-05 0.00265 4.014 normal 563.48658315206
0.304 0.022 0.6716666666666666 7.42e-05 0.0025 4.014 normal 539.3070365310892
0.304 0.022 0.6716666666666666 7.42e-05 0.00245 4.014 inverted 466.5044744941195
0.304 0.022 0.6716666666666666 7.42e-05 0.00235 4.014 normal 664.0636344601666
0.304 0.022 0.6716666666666666 7.42e-05 0.0024000000000000002 4.014 inverted 496.80940219673244
0.304 0.022 0.6716666666666666 7.42e-05 0.00275 4.014 normal 636.1309649479792
0.304 0.022 0.6716666666666666 7.42e-05 0.0026 4.014 inverted 470.6763154387041
0.304 0.022 0.6716666666666666 7.42e-05 0.00265 4.014 inverted 509.51814587345615
0.304 0.022 0.6716666666666666 7.42e-05 0.00285 4.014 inverted 697.1405157751342
0.304 0.022 0.6716666666666666 7.42e-05 0.0028 4.014 inverted 648.7329525536202
0.304 0.022 0.6883333333333332 7.42e-05 0.0024000000000000002 4.014 inverted 751.5342573694561
0.304 0.022 0.6883333333333332 7.42e-05 0.0022 4.014 normal 1143.6344293100115
0.304 0.022 0.6883333333333332 7.42e-05 0.0022 4.014 inverted 921.2570593622777
0.304 0.022 0.6883333333333332 7.42e-05 0.0023 4.014 inverted 823.8650555658609
0.304 0.022 0.6883333333333332 7.42e-05 0.00205 4.014 inverted 1194.7906233598167
0.304 0.022 0.6883333333333332 7.42e-05 0.0022500000000000003 4.014 inverted 864.8643402483267
0.304 0.022 0.6883333333333332 7.42e-05 0.00235 4.014 inverted 785.3257384689753
0.304 0.022 0.6883333333333332 7.42e-05 0.002 4.014 inverted 1309.6280422511338
0.304 0.022 0.6883333333333332 7.42e-05 0.0021 4.014 inverted 1091.053830189456
0.304 0.022 0.6883333333333332 7.42e-05 0.00205 4.014 normal 1466.61652343957
0.304 0.022 0.6716666666666666 7.42e-05 0.003 4.014 normal 850.4574293893968
0.304 0.022 0.6883333333333332 7.42e-05 0.002 4.014 normal 1594.7267747978437
0.304 0.022 0.6716666666666666 7.42e-05 0.003 4.014 inverted 869.036591721823
0.304 0.022 0.6883333333333332 7.42e-05 0.00215 4.014 inverted 997.3370589675051
0.304 0.022 0.6716666666666666 7.42e-05 0.00295 4.014 inverted 806.4858093735653
0.304 0.022 0.6883333333333332 7.42e-05 0.0021 4.014 normal 1346.8191021884263
0.304 0.022 0.6883333333333332 7.42e-05 0.0022500000000000003 4.014 normal 1074.252994738555
0.304 0.022 0.6883333333333332 7.42e-05 0.0024000000000000002 4.014 normal 904.6967290837184
0.304 0.022 0.6883333333333332 7.42e-05 0.00235 4.014 normal 956.6758935088714
0.304 0.022 0.6716666666666666 7.42e-05 0.0029000000000000002 4.014 normal 750.6582563478514
0.304 0.022 0.6883333333333332 7.42e-05 0.00215 4.014 normal 1235.888302866399
0.304 0.022 0.6883333333333332 7.42e-05 0.0023 4.014 normal 1009.6144846433382
0.304 0.022 0.6716666666666666 7.42e-05 0.0029000000000000002 4.014 inverted 748.2437201619421
0.304 0.022 0.6716666666666666 7.42e-05 0.00295 4.014 normal 798.883717234104
0.304 0.022 0.6883333333333332 7.42e-05 0.0026 4.014 normal 813.7194239375501
0.304 0.022 0.6883333333333332 7.42e-05 0.00255 4.014 normal 807.8373146591737
0.304 0.022 0.6883333333333332 7.42e-05 0.00245 4.014 inverted 718.80515540001
0.304 0.022 0.6883333333333332 7.42e-05 0.0027 4.014 normal 868.1465760972706
0.304 0.022 0.6883333333333332 7.42e-05 0.0026 4.014 inverted 711.4881078050042
0.304 0.022 0.6883333333333332 7.42e-05 0.00245 4.014 normal 857.5335589698498
0.304 0.022 0.6883333333333332 7.42e-05 0.0025 4.014 inverted 699.1544615723204
0.304 0.022 0.6883333333333332 7.42e-05 0.00255 4.014 inverted 695.8905484623589
0.304 0.022 0.6883333333333332 7.42e-05 0.00265 4.014 inverted 748.520849029828
0.304 0.022 0.6883333333333332 7.42e-05 0.0029000000000000002 4.014 inverted 969.8362153278042
0.304 0.022 0.6883333333333332 7.42e-05 0.00285 4.014 normal 962.8291473864897
0.304 0.022 0.6883333333333332 7.42e-05 0.0027 4.014 inverted 790.5526722958344
0.304 0.022 0.6883333333333332 7.42e-05 0.0025 4.014 normal 824.2020359226534
0.304 0.022 0.6883333333333332 7.42e-05 0.00275 4.014 inverted 835.7004556238376
0.304 0.022 0.6883333333333332 7.42e-05 0.0028 4.014 normal 932.4270314074853
0.304 0.022 0.6883333333333332 7.42e-05 0.00295 4.014 normal 1047.3655624116777
0.304 0.022 0.6883333333333332 7.42e-05 0.00295 4.014 inverted 1027.0701412357055
0.304 0.022 0.6883333333333332 7.42e-05 0.00265 4.014 normal 836.6381213321017
0.304 0.022 0.6883333333333332 7.42e-05 0.00285 4.014 inverted 922.9253736351587
0.304 0.022 0.6883333333333332 7.42e-05 0.00275 4.014 normal 902.564113722372
0.304 0.022 0.6883333333333332 7.42e-05 0.003 4.014 normal 1095.1677332309584
0.304 0.022 0.6883333333333332 7.42e-05 0.003 4.014 inverted 1087.1401764325024
0.304 0.022 0.6883333333333332 7.42e-05 0.0029000000000000002 4.014 normal 1002.842438810608
0.304 0.022 0.6883333333333332 7.42e-05 0.0028 4.014 inverted 877.4365964653311
0.304 0.022 0.705 7.42e-05 0.002 4.014 normal 1983.3364503557016
0.304 0.022 0.705 7.42e-05 0.0023 4.014 inverted 1168.7687974933854
0.304 0.022 0.705 7.42e-05 0.0021 4.014 normal 1731.107588645515
0.304 0.022 0.705 7.42e-05 0.002 4.014 inverted 1650.904677184189
0.304 0.022 0.705 7.42e-05 0.00205 4.014 normal 1855.7711346893716
0.304 0.022 0.705 7.42e-05 0.0021 4.014 inverted 1432.9523188439841
0.304 0.022 0.705 7.42e-05 0.0022 4.014 inverted 1262.8876610437924
0.304 0.022 0.705 7.42e-05 0.00205 4.014 inverted 1536.1310596969727
0.304 0.022 0.705 7.42e-05 0.0024000000000000002 4.014 normal 1288.075559967583
0.304 0.022 0.705 7.42e-05 0.00215 4.014 inverted 1338.9261339242655
0.304 0.022 0.705 7.42e-05 0.00235 4.014 inverted 1132.1534591572618
0.304 0.022 0.705 7.42e-05 0.00255 4.014 normal 1178.8730909208816
0.304 0.022 0.705 7.42e-05 0.00245 4.014 normal 1238.480949833933
0.304 0.022 0.705 7.42e-05 0.00245 4.014 inverted 1061.8839140458197
0.304 0.022 0.705 7.42e-05 0.0024000000000000002 4.014 inverted 1096.8586095519727
0.304 0.022 0.705 7.42e-05 0.00215 4.014 normal 1621.0223117325063
0.304 0.022 0.705 7.42e-05 0.0023 4.014 normal 1394.174342032774
0.304 0.022 0.705 7.42e-05 0.00235 4.014 normal 1340.5643035302326
0.304 0.022 0.705 7.42e-05 0.0022500000000000003 4.014 inverted 1207.3074010534376
0.304 0.022 0.705 7.42e-05 0.0025 4.014 normal 1201.1386793000063
0.304 0.022 0.705 7.42e-05 0.0025 4.014 inverted 1037.898407076915
0.304 0.022 0.705 7.42e-05 0.0022 4.014 normal 1526.6916473854064
0.304 0.022 0.705 7.42e-05 0.0022500000000000003 4.014 normal 1458.6121256020087
0.304 0.022 0.705 7.42e-05 0.00255 4.014 inverted 1031.3575578464963
0.304 0.022 0.705 7.42e-05 0.0026 4.014 inverted 1041.7542404205099
0.304 0.022 0.705 7.42e-05 0.003 4.014 inverted 1392.785852458929
0.304 0.022 0.705 7.42e-05 0.0026 4.014 normal 1180.411305789157
0.304 0.022 0.705 7.42e-05 0.00275 4.014 normal 1258.9863672631923
0.304 0.022 0.705 7.42e-05 0.00265 4.014 normal 1200.8064509321284
0.304 0.022 0.705 7.42e-05 0.0029000000000000002 4.014 normal 1344.5932175777368
0.304 0.022 0.705 7.42e-05 0.003 4.014 normal 1430.0888151489455
0.304 0.022 0.705 7.42e-05 0.00285 4.014 normal 1309.1108642851448
0.304 0.022 0.705 7.42e-05 0.00285 4.014 inverted 1237.1548400554125
0.304 0.022 0.705 7.42e-05 0.00295 4.014 inverted 1335.355984179765
0.304 0.022 0.705 7.42e-05 0.00275 4.014 inverted 1157.736089662028
0.304 0.022 0.705 7.42e-05 0.00265 4.014 inverted 1077.286292802116
0.304 0.022 0.705 7.42e-05 0.0029000000000000002 4.014 inverted 1280.5213052770284
0.304 0.022 0.705 7.42e-05 0.0028 4.014 inverted 1196.0202575109147
0.304 0.022 0.705 7.42e-05 0.0027 4.014 normal 1228.6593742947668
0.304 0.022 0.705 7.42e-05 0.0027 4.014 inverted 1116.7831933131758
0.304 0.022 0.705 7.42e-05 0.00295 4.014 normal 1384.894409468285
0.304 0.022 0.705 7.42e-05 0.0028 4.014 normal 1283.649419201042
