Sin2Theta12 Sin2Theta13 Sin2Theta23 Dm221 Dm231 dCP Ordering X2 
0.304 0.022 0.4 7.42e-05 0.0022 4.14 normal 185.55046711005775
0.304 0.022 0.4 7.42e-05 0.002488888888888889 4.14 normal 27.340539330334416
0.304 0.022 0.41578947368421054 7.42e-05 0.0022722222222222224 4.14 normal 125.66667271941455
0.304 0.022 0.4 7.42e-05 0.0027055555555555557 4.14 normal 94.48577978712652
0.304 0.022 0.4 7.42e-05 0.0023444444444444446 4.14 normal 87.03777225916429
0.304 0.022 0.4 7.42e-05 0.002416666666666667 4.14 normal 47.35657949564235
0.304 0.022 0.41578947368421054 7.42e-05 0.0025611111111111112 4.14 normal 28.934977746385055
0.304 0.022 0.41578947368421054 7.42e-05 0.0023444444444444446 4.14 normal 78.66928552494912
0.304 0.022 0.43157894736842106 7.42e-05 0.0023444444444444446 4.14 normal 75.65385794312337
0.304 0.022 0.43157894736842106 7.42e-05 0.0022 4.14 normal 176.1674509700544
0.304 0.022 0.4 7.42e-05 0.0022722222222222224 4.14 normal 133.0979893257566
0.304 0.022 0.41578947368421054 7.42e-05 0.00285 4.14 normal 180.08868291083218
0.304 0.022 0.41578947368421054 7.42e-05 0.0022 4.14 normal 178.3891659201938
0.304 0.022 0.4 7.42e-05 0.0025611111111111112 4.14 normal 33.70053915991664
0.304 0.022 0.4 7.42e-05 0.002777777777777778 4.14 normal 136.05948768364033
0.304 0.022 0.41578947368421054 7.42e-05 0.002488888888888889 4.14 normal 20.485902892873753
0.304 0.022 0.4 7.42e-05 0.00285 4.14 normal 179.5976200714035
0.304 0.022 0.43157894736842106 7.42e-05 0.0022722222222222224 4.14 normal 123.38555643875972
0.304 0.022 0.4 7.42e-05 0.0026333333333333334 4.14 normal 58.90727769289127
0.304 0.022 0.41578947368421054 7.42e-05 0.0026333333333333334 4.14 normal 55.39462922399488
0.304 0.022 0.41578947368421054 7.42e-05 0.0027055555555555557 4.14 normal 91.64909322558634
0.304 0.022 0.43157894736842106 7.42e-05 0.002416666666666667 4.14 normal 36.21887959513002
0.304 0.022 0.41578947368421054 7.42e-05 0.002416666666666667 4.14 normal 39.161033762212156
0.304 0.022 0.41578947368421054 7.42e-05 0.002777777777777778 4.14 normal 134.811580188841
0.304 0.022 0.4473684210526316 7.42e-05 0.0022722222222222224 4.14 normal 123.64104431451476
0.304 0.022 0.4473684210526316 7.42e-05 0.0023444444444444446 4.14 normal 75.31788956052743
0.304 0.022 0.43157894736842106 7.42e-05 0.002777777777777778 4.14 normal 137.81908334519198
0.304 0.022 0.4631578947368421 7.42e-05 0.0022722222222222224 4.14 normal 124.47061894671437
0.304 0.022 0.4473684210526316 7.42e-05 0.002777777777777778 4.14 normal 142.39207444418375
0.304 0.022 0.4631578947368421 7.42e-05 0.002488888888888889 4.14 normal 20.976804548375235
0.304 0.022 0.4473684210526316 7.42e-05 0.002488888888888889 4.14 normal 19.633390180493517
0.304 0.022 0.43157894736842106 7.42e-05 0.002488888888888889 4.14 normal 18.88317455946148
0.304 0.022 0.4473684210526316 7.42e-05 0.0022 4.14 normal 176.24231457701782
0.304 0.022 0.4473684210526316 7.42e-05 0.0025611111111111112 4.14 normal 31.295839229877053
0.304 0.022 0.4631578947368421 7.42e-05 0.0027055555555555557 4.14 normal 100.16550958217574
0.304 0.022 0.4631578947368421 7.42e-05 0.0025611111111111112 4.14 normal 33.60901718529484
0.304 0.022 0.4473684210526316 7.42e-05 0.0026333333333333334 4.14 normal 59.58822487014926
0.304 0.022 0.43157894736842106 7.42e-05 0.0027055555555555557 4.14 normal 93.34160885649209
0.304 0.022 0.4473684210526316 7.42e-05 0.002416666666666667 4.14 normal 36.021425350317756
0.304 0.022 0.4631578947368421 7.42e-05 0.0022 4.14 normal 177.1115714280981
0.304 0.022 0.43157894736842106 7.42e-05 0.0025611111111111112 4.14 normal 28.962549333071465
0.304 0.022 0.4631578947368421 7.42e-05 0.0023444444444444446 4.14 normal 75.76373788312569
0.304 0.022 0.43157894736842106 7.42e-05 0.00285 4.14 normal 184.8125297116358
0.304 0.022 0.4473684210526316 7.42e-05 0.00285 4.14 normal 190.76386351134084
0.304 0.022 0.43157894736842106 7.42e-05 0.0026333333333333334 4.14 normal 56.5032658555709
0.304 0.022 0.4631578947368421 7.42e-05 0.002416666666666667 4.14 normal 36.49434654962155
0.304 0.022 0.4631578947368421 7.42e-05 0.0026333333333333334 4.14 normal 62.560736244104895
0.304 0.022 0.4473684210526316 7.42e-05 0.0027055555555555557 4.14 normal 96.8546057429068
0.304 0.022 0.4789473684210526 7.42e-05 0.0022722222222222224 4.14 normal 124.43870056966101
0.304 0.022 0.49473684210526314 7.42e-05 0.0022 4.14 normal 175.52716767605224
0.304 0.022 0.4789473684210526 7.42e-05 0.0022 4.14 normal 177.11349793559114
0.304 0.022 0.49473684210526314 7.42e-05 0.0025611111111111112 4.14 normal 33.41579184374807
0.304 0.022 0.4789473684210526 7.42e-05 0.002488888888888889 4.14 normal 21.48299384441942
0.304 0.022 0.4789473684210526 7.42e-05 0.002416666666666667 4.14 normal 36.322388598981306
0.304 0.022 0.49473684210526314 7.42e-05 0.002488888888888889 4.14 normal 19.89828481116882
0.304 0.022 0.4789473684210526 7.42e-05 0.0023444444444444446 4.14 normal 75.58753477492343
0.304 0.022 0.49473684210526314 7.42e-05 0.0023444444444444446 4.14 normal 73.96736830168629
0.304 0.022 0.49473684210526314 7.42e-05 0.0022722222222222224 4.14 normal 122.85689782455444
0.304 0.022 0.5105263157894737 7.42e-05 0.0022 4.14 normal 172.2146453021403
0.304 0.022 0.49473684210526314 7.42e-05 0.0027055555555555557 4.14 normal 100.83902756662184
0.304 0.022 0.4789473684210526 7.42e-05 0.002777777777777778 4.14 normal 148.44423880521694
0.304 0.022 0.4789473684210526 7.42e-05 0.0026333333333333334 4.14 normal 63.95173899954208
0.304 0.022 0.49473684210526314 7.42e-05 0.0026333333333333334 4.14 normal 62.91963846473524
0.304 0.022 0.4631578947368421 7.42e-05 0.00285 4.14 normal 195.7756069434055
0.304 0.022 0.49473684210526314 7.42e-05 0.002416666666666667 4.14 normal 34.72592941573627
0.304 0.022 0.4631578947368421 7.42e-05 0.002777777777777778 4.14 normal 146.44943121489027
0.304 0.022 0.5105263157894737 7.42e-05 0.0022722222222222224 4.14 normal 119.48179872156584
0.304 0.022 0.4789473684210526 7.42e-05 0.0027055555555555557 4.14 normal 101.80483309754001
0.304 0.022 0.4789473684210526 7.42e-05 0.00285 4.14 normal 198.44278591344164
0.304 0.022 0.4789473684210526 7.42e-05 0.0025611111111111112 4.14 normal 34.59392445460901
0.304 0.022 0.49473684210526314 7.42e-05 0.00285 4.14 normal 197.68307967945498
0.304 0.022 0.49473684210526314 7.42e-05 0.002777777777777778 4.14 normal 147.61384312703333
0.304 0.022 0.5105263157894737 7.42e-05 0.0027055555555555557 4.14 normal 97.00215302907458
0.304 0.022 0.5263157894736842 7.42e-05 0.0022722222222222224 4.14 normal 114.73232073871245
0.304 0.022 0.5421052631578948 7.42e-05 0.0022 4.14 normal 162.6530471001361
0.304 0.022 0.5105263157894737 7.42e-05 0.0023444444444444446 4.14 normal 70.712153582317
0.304 0.022 0.5105263157894737 7.42e-05 0.002488888888888889 4.14 normal 16.530352306269634
0.304 0.022 0.5263157894736842 7.42e-05 0.0022 4.14 normal 167.70283313688577
0.304 0.022 0.5263157894736842 7.42e-05 0.0023444444444444446 4.14 normal 66.2316686498421
0.304 0.022 0.5105263157894737 7.42e-05 0.002416666666666667 4.14 normal 31.489706490190194
0.304 0.022 0.5263157894736842 7.42e-05 0.002488888888888889 4.14 normal 11.63686877996501
0.304 0.022 0.5421052631578948 7.42e-05 0.0023444444444444446 4.14 normal 61.54929522962723
0.304 0.022 0.5263157894736842 7.42e-05 0.002416666666666667 4.14 normal 27.00558527893642
0.304 0.022 0.5421052631578948 7.42e-05 0.0022722222222222224 4.14 normal 109.63297226223918
0.304 0.022 0.5105263157894737 7.42e-05 0.0025611111111111112 4.14 normal 29.852476975736884
0.304 0.022 0.5421052631578948 7.42e-05 0.002488888888888889 4.14 normal 6.160545212909204
0.304 0.022 0.5263157894736842 7.42e-05 0.002777777777777778 4.14 normal 136.6964168484295
0.304 0.022 0.5263157894736842 7.42e-05 0.0027055555555555557 4.14 normal 90.74246702073484
0.304 0.022 0.5263157894736842 7.42e-05 0.00285 4.14 normal 185.8319622321563
0.304 0.022 0.5421052631578948 7.42e-05 0.002416666666666667 4.14 normal 22.25544568007913
0.304 0.022 0.5105263157894737 7.42e-05 0.00285 4.14 normal 193.36730369188535
0.304 0.022 0.5105263157894737 7.42e-05 0.0026333333333333334 4.14 normal 59.217782630990314
0.304 0.022 0.5421052631578948 7.42e-05 0.0025611111111111112 4.14 normal 17.74390980500606
0.304 0.022 0.5105263157894737 7.42e-05 0.002777777777777778 4.14 normal 143.59815888936288
0.304 0.022 0.5263157894736842 7.42e-05 0.0026333333333333334 4.14 normal 53.2319912308881
0.304 0.022 0.5263157894736842 7.42e-05 0.0025611111111111112 4.14 normal 24.292581309668375
0.304 0.022 0.5578947368421052 7.42e-05 0.0023444444444444446 4.14 normal 58.24384346740239
0.304 0.022 0.5578947368421052 7.42e-05 0.0022 4.14 normal 158.8925864973392
0.304 0.022 0.5578947368421052 7.42e-05 0.0022722222222222224 4.14 normal 105.81184375218518
0.304 0.022 0.5421052631578948 7.42e-05 0.002777777777777778 4.14 normal 128.0446792281073
0.304 0.022 0.5736842105263158 7.42e-05 0.0022 4.14 normal 158.54429975712634
0.304 0.022 0.5736842105263158 7.42e-05 0.0022722222222222224 4.14 normal 105.46717086160321
0.304 0.022 0.5421052631578948 7.42e-05 0.00285 4.14 normal 176.10745209116567
0.304 0.022 0.5578947368421052 7.42e-05 0.002416666666666667 4.14 normal 18.88157874994824
0.304 0.022 0.5421052631578948 7.42e-05 0.0026333333333333334 4.14 normal 45.94334346658194
0.304 0.022 0.5578947368421052 7.42e-05 0.0025611111111111112 4.14 normal 11.80812994173309
0.304 0.022 0.5578947368421052 7.42e-05 0.002488888888888889 4.14 normal 1.7061603663339182
0.304 0.022 0.5736842105263158 7.42e-05 0.002416666666666667 4.14 normal 19.03670828424754
0.304 0.022 0.5736842105263158 7.42e-05 0.00285 4.14 normal 157.15667637316483
0.304 0.022 0.5578947368421052 7.42e-05 0.0026333333333333334 4.14 normal 39.04379368778982
0.304 0.022 0.5736842105263158 7.42e-05 0.0023444444444444446 4.14 normal 58.64278878632871
0.304 0.022 0.5578947368421052 7.42e-05 0.00285 4.14 normal 165.84025101856062
0.304 0.022 0.5421052631578948 7.42e-05 0.0027055555555555557 4.14 normal 83.02409680625513
0.304 0.022 0.5736842105263158 7.42e-05 0.0027055555555555557 4.14 normal 70.30185429503608
0.304 0.022 0.5736842105263158 7.42e-05 0.002488888888888889 4.14 normal 0.4847937270155572
0.304 0.022 0.5736842105263158 7.42e-05 0.0026333333333333334 4.14 normal 34.61373175039347
0.304 0.022 0.5578947368421052 7.42e-05 0.002777777777777778 4.14 normal 119.24407676007704
0.304 0.022 0.5578947368421052 7.42e-05 0.0027055555555555557 4.14 normal 75.46983655489322
0.304 0.022 0.5736842105263158 7.42e-05 0.002777777777777778 4.14 normal 112.44599466014009
0.304 0.022 0.5736842105263158 7.42e-05 0.0025611111111111112 4.14 normal 8.68400173480335
0.304 0.022 0.5894736842105264 7.42e-05 0.0022 4.14 normal 164.62985064013947
0.304 0.022 0.5894736842105264 7.42e-05 0.0023444444444444446 4.14 normal 65.28254057287239
0.304 0.022 0.6052631578947368 7.42e-05 0.0022722222222222224 4.14 normal 126.6507292988831
0.304 0.022 0.5894736842105264 7.42e-05 0.0026333333333333334 4.14 normal 35.383279370198096
0.304 0.022 0.6210526315789473 7.42e-05 0.0022722222222222224 4.14 normal 155.67018240877
0.304 0.022 0.5894736842105264 7.42e-05 0.0022722222222222224 4.14 normal 111.35663500394354
0.304 0.022 0.5894736842105264 7.42e-05 0.002416666666666667 4.14 normal 25.62838819929314
0.304 0.022 0.6052631578947368 7.42e-05 0.0022 4.14 normal 180.27402671944583
0.304 0.022 0.6052631578947368 7.42e-05 0.0023444444444444446 4.14 normal 81.62384312877785
0.304 0.022 0.5894736842105264 7.42e-05 0.002488888888888889 4.14 normal 5.284608269817772
0.304 0.022 0.6210526315789473 7.42e-05 0.0022 4.14 normal 209.4224227220981
0.304 0.022 0.5894736842105264 7.42e-05 0.0025611111111111112 4.14 normal 11.21352677954761
0.304 0.022 0.6210526315789473 7.42e-05 0.0023444444444444446 4.14 normal 111.29294217658664
0.304 0.022 0.6052631578947368 7.42e-05 0.002416666666666667 4.14 normal 41.66783380801002
0.304 0.022 0.6210526315789473 7.42e-05 0.002416666666666667 4.14 normal 71.21607998506789
0.304 0.022 0.6052631578947368 7.42e-05 0.002488888888888889 4.14 normal 19.458467184206704
0.304 0.022 0.6052631578947368 7.42e-05 0.00285 4.14 normal 156.6283540744242
0.304 0.022 0.6052631578947368 7.42e-05 0.0025611111111111112 4.14 normal 22.8299548960385
0.304 0.022 0.6052631578947368 7.42e-05 0.0027055555555555557 4.14 normal 78.98472989642109
0.304 0.022 0.6052631578947368 7.42e-05 0.0026333333333333334 4.14 normal 45.23481560359114
0.304 0.022 0.5894736842105264 7.42e-05 0.0027055555555555557 4.14 normal 70.34712417064083
0.304 0.022 0.5894736842105264 7.42e-05 0.002777777777777778 4.14 normal 110.55841041503412
0.304 0.022 0.6052631578947368 7.42e-05 0.002777777777777778 4.14 normal 116.94156386067375
0.304 0.022 0.5894736842105264 7.42e-05 0.00285 4.14 normal 152.92565333375066
0.304 0.022 0.6210526315789473 7.42e-05 0.0026333333333333334 4.14 normal 67.92743524489748
0.304 0.022 0.6368421052631579 7.42e-05 0.002416666666666667 4.14 normal 118.70565162808191
0.304 0.022 0.6368421052631579 7.42e-05 0.0022 4.14 normal 256.8048746991777
0.304 0.022 0.6210526315789473 7.42e-05 0.002488888888888889 4.14 normal 46.85055590326283
0.304 0.022 0.6526315789473685 7.42e-05 0.0022 4.14 normal 326.25218569223375
0.304 0.022 0.6368421052631579 7.42e-05 0.0022722222222222224 4.14 normal 202.41673497736724
0.304 0.022 0.6526315789473685 7.42e-05 0.0023444444444444446 4.14 normal 229.93731323343067
0.304 0.022 0.6368421052631579 7.42e-05 0.0025611111111111112 4.14 normal 89.33736590520557
0.304 0.022 0.6368421052631579 7.42e-05 0.002777777777777778 4.14 normal 170.96960768413257
0.304 0.022 0.6210526315789473 7.42e-05 0.002777777777777778 4.14 normal 135.57101183080235
0.304 0.022 0.6368421052631579 7.42e-05 0.0023444444444444446 4.14 normal 159.2166994717272
0.304 0.022 0.6368421052631579 7.42e-05 0.00285 4.14 normal 204.29971824857532
0.304 0.022 0.6210526315789473 7.42e-05 0.0027055555555555557 4.14 normal 100.14816283150252
0.304 0.022 0.6526315789473685 7.42e-05 0.0022722222222222224 4.14 normal 272.0239243520833
0.304 0.022 0.6210526315789473 7.42e-05 0.0025611111111111112 4.14 normal 47.40387133732626
0.304 0.022 0.6368421052631579 7.42e-05 0.0026333333333333334 4.14 normal 107.6042840189101
0.304 0.022 0.6526315789473685 7.42e-05 0.002416666666666667 4.14 normal 188.83663988996364
0.304 0.022 0.6526315789473685 7.42e-05 0.002488888888888889 4.14 normal 159.73934000194126
0.304 0.022 0.6526315789473685 7.42e-05 0.0025611111111111112 4.14 normal 153.76263111712666
0.304 0.022 0.6526315789473685 7.42e-05 0.0026333333333333334 4.14 normal 169.49466476859217
0.304 0.022 0.6368421052631579 7.42e-05 0.002488888888888889 4.14 normal 91.90226429881999
0.304 0.022 0.6368421052631579 7.42e-05 0.0027055555555555557 4.14 normal 138.3301278619248
0.304 0.022 0.6526315789473685 7.42e-05 0.0027055555555555557 4.14 normal 198.55373574375756
0.304 0.022 0.6210526315789473 7.42e-05 0.00285 4.14 normal 172.25873555175437
0.304 0.022 0.6684210526315789 7.42e-05 0.002488888888888889 4.14 normal 256.1970173960332
0.304 0.022 0.6684210526315789 7.42e-05 0.0022722222222222224 4.14 normal 369.8976092211275
0.304 0.022 0.6684210526315789 7.42e-05 0.0022 4.14 normal 424.31728057231294
0.304 0.022 0.6684210526315789 7.42e-05 0.0023444444444444446 4.14 normal 328.977208204825
0.304 0.022 0.6842105263157894 7.42e-05 0.0022 4.14 normal 556.7039976632205
0.304 0.022 0.6684210526315789 7.42e-05 0.0027055555555555557 4.14 normal 286.1593062436565
0.304 0.022 0.6684210526315789 7.42e-05 0.00285 4.14 normal 337.961259276967
0.304 0.022 0.6526315789473685 7.42e-05 0.002777777777777778 4.14 normal 228.11148633711906
0.304 0.022 0.6684210526315789 7.42e-05 0.002416666666666667 4.14 normal 286.9053712105399
0.304 0.022 0.6842105263157894 7.42e-05 0.0022722222222222224 4.14 normal 501.8822005800798
0.304 0.022 0.6842105263157894 7.42e-05 0.0025611111111111112 4.14 normal 371.7247683734472
0.304 0.022 0.7 7.42e-05 0.0022 4.14 normal 728.8892689239907
0.304 0.022 0.7 7.42e-05 0.0022722222222222224 4.14 normal 675.0306804000516
0.304 0.022 0.6842105263157894 7.42e-05 0.0023444444444444446 4.14 normal 462.06184574230775
0.304 0.022 0.6684210526315789 7.42e-05 0.0025611111111111112 4.14 normal 245.9924833478113
0.304 0.022 0.6842105263157894 7.42e-05 0.002416666666666667 4.14 normal 419.94678310913406
0.304 0.022 0.6842105263157894 7.42e-05 0.002488888888888889 4.14 normal 385.9753518291078
0.304 0.022 0.6684210526315789 7.42e-05 0.0026333333333333334 4.14 normal 259.2071440176661
0.304 0.022 0.6684210526315789 7.42e-05 0.002777777777777778 4.14 normal 312.41902042658285
0.304 0.022 0.6842105263157894 7.42e-05 0.0026333333333333334 4.14 normal 382.48835485897183
0.304 0.022 0.6842105263157894 7.42e-05 0.00285 4.14 normal 451.47672593491035
0.304 0.022 0.6842105263157894 7.42e-05 0.0027055555555555557 4.14 normal 407.3494984316898
0.304 0.022 0.6526315789473685 7.42e-05 0.00285 4.14 normal 257.66638485001306
0.304 0.022 0.6842105263157894 7.42e-05 0.002777777777777778 4.14 normal 430.16074586320946
0.304 0.022 0.7 7.42e-05 0.0023444444444444446 4.14 normal 635.5311988837611
0.304 0.022 0.7 7.42e-05 0.002416666666666667 4.14 normal 593.3366714658204
0.304 0.022 0.7 7.42e-05 0.002488888888888889 4.14 normal 555.5270776773888
0.304 0.022 0.7 7.42e-05 0.0025611111111111112 4.14 normal 537.4956852531068
0.304 0.022 0.7 7.42e-05 0.0026333333333333334 4.14 normal 545.6930470137825
0.304 0.022 0.7 7.42e-05 0.00285 4.14 normal 605.1976459188488
0.304 0.022 0.7 7.42e-05 0.002777777777777778 4.14 normal 587.6323622404893
0.304 0.022 0.7 7.42e-05 0.0027055555555555557 4.14 normal 568.4261229699049
