Sin2Theta12 Sin2Theta13 Sin2Theta23 Dm221 Dm231 dCP Ordering FluxNormalization_Below1GeV FluxNormalization_Above1GeV FluxTilt NuNuBarRatio FlavorRatio ZenithFluxUp ZenithFluxDown X2 
0.304 0.022 0.30500 0.0000742 0.0025000 1.653 normal 1.0030488199626202 1.0135953334074081 -0.007153758816224144 1.0100488098928346 0.9956269224806927 0.03899777340529049 -0.1309144341772362 85.92
0.304 0.022 0.30500 0.0000742 0.0025000 2.314 normal 1.0021660020640284 1.0121975109245847 -0.007809592663113923 1.009398208181939 0.9985953084404755 0.04030775465008417 -0.13187291143213786 77.19
0.304 0.022 0.30500 0.0000742 0.0025000 1.322 normal 1.0030353002608983 1.0144848693200437 -0.0074701432651766405 1.0104577529064722 0.992386607738561 0.038846067086354207 -0.131651461645379 88.27
0.304 0.022 0.30500 0.0000742 0.0025000 0.000 normal 1.0025060387824094 1.0137512520403902 -0.008186125956946582 1.0105499077542448 0.9929257243556358 0.040999331939162914 -0.1351308504675439 94.73
0.304 0.022 0.30500 0.0000742 0.0025000 0.992 normal 1.0021014261011172 1.0144744766367435 -0.00798320853559942 1.0100433053610505 0.9903455284086456 0.039060173026572824 -0.1334719999343497 90.76
0.304 0.022 0.30500 0.0000742 0.0025000 0.661 normal 1.0023291260411125 1.0137302496170122 -0.008010320216134023 1.012176766767647 0.9897498120489919 0.039570931150324826 -0.1369903087878535 92.93
0.304 0.022 0.30500 0.0000742 0.0025000 0.331 normal 1.0027013926771515 1.0138981735928796 -0.008072180060490973 1.0114546664628987 0.9906458566933957 0.040259125802057795 -0.13640846368226792 94.34
0.304 0.022 0.30500 0.0000742 0.0025000 1.983 normal 1.0039276174745875 1.0127509982169767 -0.006508963709489003 1.010963329077189 0.9997162713524038 0.0395124535677355 -0.1312054313065645 84.02
0.304 0.022 0.30500 0.0000742 0.0025000 2.644 normal 1.0048220971519575 1.0119258579173496 -0.007899827944261356 1.0094916488040069 0.9971303847496096 0.041238791001616454 -0.1353344033186323 71.09
0.304 0.022 0.30500 0.0000742 0.0025000 4.958 normal 1.0025092429287878 1.0112885846731945 -0.009176037907594064 1.010335968075612 0.9969192819573764 0.04314910536162415 -0.1349846895016166 76.08
0.304 0.022 0.30500 0.0000742 0.0025000 3.305 normal 1.004306667520876 1.011380935270103 -0.009234948845095552 1.0102306228131661 0.994923959173655 0.042877733055343654 -0.13581910406151673 63.63
0.304 0.022 0.30500 0.0000742 0.0025000 2.975 normal 1.0039923390270584 1.0115504139360083 -0.00879656324563721 1.0098992789483612 0.9958641300565527 0.04214063453837327 -0.13612092828394604 66.53
0.304 0.022 0.30500 0.0000742 0.0025000 4.297 normal 1.0052281736460777 1.0122521784686567 -0.009283466493166628 1.0105480063363115 0.9948296963807335 0.04359905953245582 -0.13471771449534672 65.63
0.304 0.022 0.30500 0.0000742 0.0025000 4.627 normal 1.0041444750767095 1.0116319959988382 -0.009139819885726758 1.0104685525843298 0.9957071869783232 0.04343260076926335 -0.13634341827262528 69.98
0.304 0.022 0.30500 0.0000742 0.0025000 3.966 normal 1.006398493629194 1.0120691052622564 -0.00907022824882587 1.0107681175231593 0.9943825117350287 0.043597314095754854 -0.13771141125707725 63.15
0.304 0.022 0.30500 0.0000742 0.0025000 3.636 normal 1.0048535899461446 1.0114574298084573 -0.009409849033072381 1.0104500679832897 0.9944170263967664 0.04336750385972788 -0.1351996286385844 62.50
0.304 0.022 0.30500 0.0000742 0.0025000 5.949 normal 1.0023274360152001 1.0128374696164286 -0.00811650396603664 1.0099379086253224 0.996376306292238 0.0417013352097061 -0.13432160088000208 94.02
0.304 0.022 0.30500 0.0000742 0.0025000 5.288 normal 1.0018132485853675 1.011474310348442 -0.008733946892954455 1.01016169089552 0.9983379570037891 0.042772607238232035 -0.13677305296737433 83.56
0.304 0.022 0.30500 0.0000742 0.0025000 6.280 normal 1.0025536939029491 1.0138001143913424 -0.008176067936072524 1.010483832632092 0.9929540228242035 0.04100671616951232 -0.13502737870208678 94.72
0.304 0.022 0.32605 0.0000742 0.0025000 0.992 normal 1.0020576531549774 1.0123667797882168 -0.0068307927154222636 1.0086493119108104 0.9871055009251527 0.03035431923078777 -0.10320091680345209 61.84
0.304 0.022 0.32605 0.0000742 0.0025000 0.661 normal 1.0027732669836038 1.0123990553239481 -0.0068170572323117936 1.0090339554742895 0.9864848777534622 0.03083393157148524 -0.10443300251704393 63.60
0.304 0.022 0.30500 0.0000742 0.0025000 5.619 normal 1.00257948144032 1.0121172325453105 -0.007947428359469386 1.0100869875625755 0.9998234217879547 0.04229159096260321 -0.1334793316796127 91.69
0.304 0.022 0.32605 0.0000742 0.0025000 0.331 normal 1.002782397246369 1.0118498394808326 -0.006821632885984456 1.0091885917885197 0.9873953302789962 0.0315109384220747 -0.10661800781292981 64.75
0.304 0.022 0.32605 0.0000742 0.0025000 0.000 normal 1.0034661782805057 1.0116996916131518 -0.006560568618253456 1.0088173043195094 0.9897262500397404 0.03226056518764991 -0.1086547856708886 65.04
0.304 0.022 0.32605 0.0000742 0.0025000 1.983 normal 1.0018619390275034 1.010007636823761 -0.005996877059253418 1.0086152961464894 0.9967323481834681 0.031005274548164468 -0.10138912919633279 56.42
0.304 0.022 0.32605 0.0000742 0.0025000 2.314 normal 0.9995379186641323 1.0084404768211632 -0.006753878769282861 1.0082873737495979 0.9995544245949259 0.03187757415269985 -0.10167011216418506 54.02
0.304 0.022 0.32605 0.0000742 0.0025000 1.322 normal 1.002421498489158 1.0117523900383631 -0.0063523509559966305 1.008976141564903 0.9891992923750356 0.030191356073766253 -0.10360688461860439 59.81
0.304 0.022 0.32605 0.0000742 0.0025000 2.644 normal 1.0028754856951594 1.0092951221633575 -0.006728567152224533 1.0075045128356706 0.9980597567200113 0.03287161012433809 -0.10253042388664206 48.96
0.304 0.022 0.32605 0.0000742 0.0025000 1.653 normal 1.00244264026473 1.0111060328730928 -0.006094036922626247 1.0087708002992386 0.9925342545560338 0.030413087288795212 -0.10301075326684818 57.92
0.304 0.022 0.32605 0.0000742 0.0025000 2.975 normal 0.9998584551437513 1.0079149679473736 -0.008318081932965739 1.0066356121128532 0.9967622853322691 0.0338210604090286 -0.10422836875535338 45.25
0.304 0.022 0.32605 0.0000742 0.0025000 3.636 normal 1.0036450533938386 1.0087688539105484 -0.008179889845886244 1.0062004702384513 0.9952865835819571 0.03505311094599232 -0.1056221196017431 41.99
0.304 0.022 0.32605 0.0000742 0.0025000 3.305 normal 1.0045242923705924 1.0091024731667275 -0.007572123991458049 1.0067218384737595 0.9958017885973074 0.03457620569067631 -0.10491137656053634 42.88
0.304 0.022 0.32605 0.0000742 0.0025000 5.619 normal 1.0016454624561566 1.00914235217448 -0.006823126292139118 1.0087271721830287 0.9974874930834206 0.033615589256114 -0.1042813257191705 63.14
0.304 0.022 0.32605 0.0000742 0.0025000 5.288 normal 0.9990286280569857 1.0077251891517371 -0.007796243423055375 1.00781232178375 0.9993211387576197 0.03415002168485851 -0.10413659454321955 59.21
0.304 0.022 0.32605 0.0000742 0.0025000 5.949 normal 1.0017086345106108 1.010133875104131 -0.007033967016808263 1.0089815071140344 0.9932297698598435 0.032981021589694175 -0.10548207206895319 64.44
0.304 0.022 0.32605 0.0000742 0.0025000 4.958 normal 0.9998057790501065 1.0088221008341365 -0.008316340455415919 1.0055171440298925 0.9978590217670638 0.03459952187035082 -0.1023175984094756 52.94
0.304 0.022 0.32605 0.0000742 0.0025000 4.297 normal 1.0011113418341544 1.0085895163562173 -0.008855889971446698 1.0053026958232958 0.9957175796389761 0.03518908921769447 -0.10412662784449207 44.47
0.304 0.022 0.32605 0.0000742 0.0025000 4.627 normal 0.9994552756665279 1.0074473336262273 -0.008848113787451232 1.0069447024975262 0.9966182109391921 0.034952961671074145 -0.10578524573925976 47.95
0.304 0.022 0.32605 0.0000742 0.0025000 6.280 normal 1.0034637339609167 1.0116933839012896 -0.006555779289142147 1.0088238219027148 0.9897578641016435 0.03226864414363936 -0.10874942640680454 65.04
0.304 0.022 0.32605 0.0000742 0.0025000 3.966 normal 1.0035967644341532 1.0086745910646735 -0.008239573742967219 1.0064869949638424 0.995251593833298 0.03524657408532903 -0.10619535914476816 42.47
0.304 0.022 0.34711 0.0000742 0.0025000 2.314 normal 0.9998922202623309 1.0063362419925703 -0.005309597060266853 1.006618400335525 0.9986961853810681 0.024319204718080346 -0.07548216432077705 35.54
0.304 0.022 0.34711 0.0000742 0.0025000 1.983 normal 1.0000541772856624 1.0074654940348504 -0.005467226852789457 1.0066545412835355 0.9939963567663274 0.023371322590901276 -0.0762833604567867 36.27
0.304 0.022 0.34711 0.0000742 0.0025000 1.653 normal 0.9989838089285337 1.0080358801569669 -0.006019604138017749 1.006862837943214 0.9897084486733022 0.022700842877542433 -0.07761402051310952 37.44
0.304 0.022 0.34711 0.0000742 0.0025000 0.000 normal 1.0015982667076142 1.0088624458599753 -0.006134784917160716 1.0072538060745009 0.9867950774847204 0.024378721455430227 -0.07995639463242854 43.10
0.304 0.022 0.34711 0.0000742 0.0025000 0.331 normal 1.0023905644350737 1.0098626083282967 -0.006048701157060635 1.0071817562981011 0.9844243043919935 0.023622996535871056 -0.07813179845868468 42.90
0.304 0.022 0.34711 0.0000742 0.0025000 0.992 normal 1.0025618562068328 1.0101310490141637 -0.005523248250208136 1.0073615251022332 0.9841451599935472 0.02251560194375232 -0.0793737409407455 40.58
0.304 0.022 0.34711 0.0000742 0.0025000 1.322 normal 1.002020848939845 1.009621554487178 -0.005435454593489043 1.0071205452622487 0.9862962138984585 0.022409525264571566 -0.07803748614693358 38.95
0.304 0.022 0.34711 0.0000742 0.0025000 0.661 normal 1.002406222743602 1.0100420850369893 -0.0059638887434058955 1.0065322782576245 0.9835013958725897 0.022959403240038537 -0.07853874346806786 42.00
0.304 0.022 0.34711 0.0000742 0.0025000 4.958 normal 0.999537385380742 1.0052814841694457 -0.006574820133558864 1.006077528198136 0.9987220129421301 0.026908822239837173 -0.07819158071972676 35.63
0.304 0.022 0.34711 0.0000742 0.0025000 2.644 normal 0.9999708872777562 1.0057460128636824 -0.005869126331908179 1.0061789205241878 0.9989050018697723 0.025381594268291723 -0.0770329050306157 32.56
0.304 0.022 0.34711 0.0000742 0.0025000 2.975 normal 0.9995705768695174 1.0053802961197633 -0.006780699080863699 1.0054663815925207 0.9975827865797287 0.02637242876113955 -0.07852936580361332 29.59
0.304 0.022 0.34711 0.0000742 0.0025000 4.297 normal 0.9995541171622261 1.0051843443694077 -0.007591209036371049 1.0050140796539158 0.9965318265849799 0.027640622722955373 -0.07934053730079936 28.96
0.304 0.022 0.34711 0.0000742 0.0025000 4.627 normal 1.000429132842946 1.0054102885089813 -0.006901194097935049 1.0055392793763627 0.997453042586075 0.02733441089571298 -0.0791690554318623 31.66
0.304 0.022 0.34711 0.0000742 0.0025000 3.966 normal 1.0011889293432006 1.0054397576077234 -0.007350777562919642 1.004930578790694 0.9960535791237504 0.027758643556058903 -0.07904761577507523 27.46
0.304 0.022 0.34711 0.0000742 0.0025000 3.636 normal 1.0018741836465648 1.0058778073458507 -0.007026589710656443 1.0048966142160862 0.9960828230903298 0.027607413839834446 -0.07946126845431031 27.08
0.304 0.022 0.34711 0.0000742 0.0025000 3.305 normal 1.0029904272761314 1.006393926775495 -0.006304875425921823 1.0050228673715471 0.9966095642528596 0.027142278129210672 -0.07953987796016573 27.77
0.304 0.022 0.34711 0.0000742 0.0025000 5.949 normal 1.0009824011475263 1.007921707674396 -0.006176758936794832 1.0071705674553466 0.9903748871551848 0.025125948381749797 -0.07939084733853242 42.56
0.304 0.022 0.34711 0.0000742 0.0025000 5.619 normal 0.9996433763394603 1.0065626990490917 -0.0062860557861161605 1.0070076935189207 0.9947307680359533 0.025806759019946456 -0.0788495103273371 41.50
0.304 0.022 0.34711 0.0000742 0.0025000 5.288 normal 1.000336523951351 1.0058339265105658 -0.005787081235134633 1.0068047222029446 0.9993501875484948 0.02639040268911637 -0.07729518013204942 40.19
0.304 0.022 0.36816 0.0000742 0.0025000 0.000 normal 1.0016499868773052 1.0074679767062567 -0.005184729936421009 1.0055527518201464 0.9841362058643933 0.017367503561038174 -0.05632327624560324 27.46
0.304 0.022 0.36816 0.0000742 0.0025000 0.331 normal 1.0020767277627967 1.0082013432407084 -0.005059103019816709 1.0056775461713412 0.9817363638206816 0.01661319981586373 -0.05652553224628132 27.37
0.304 0.022 0.36816 0.0000742 0.0025000 0.992 normal 1.0014711468478175 1.0082374900902646 -0.0048725428865911795 1.0055723404719163 0.9814770177244813 0.015562609455614981 -0.05696970424100433 25.55
0.304 0.022 0.36816 0.0000742 0.0025000 0.661 normal 1.0023002231048515 1.00851003973299 -0.0048583689689527245 1.005757244331517 0.9808037359626064 0.015965557017497134 -0.057173557042559206 26.68
0.304 0.022 0.34711 0.0000742 0.0025000 6.280 normal 1.0015724143911522 1.008861005730227 -0.006148597616592815 1.0072508965848856 0.9868242940012671 0.024385964627854664 -0.07994874743509908 43.10
0.304 0.022 0.36816 0.0000742 0.0025000 1.322 normal 1.0007413284181956 1.0082527293416215 -0.0048685776531822616 1.004597853737265 0.9836582931224136 0.015510698988526191 -0.055448762570475395 24.26
0.304 0.022 0.36816 0.0000742 0.0025000 3.636 normal 1.0010513231109832 1.0034592952455959 -0.005854137352552489 1.003564091290508 0.9968090458143444 0.02104046973584919 -0.05719643618895403 16.66
0.304 0.022 0.36816 0.0000742 0.0025000 2.644 normal 0.9984452866595154 1.0032325228344399 -0.004811100370987412 1.004855947932471 0.9996735599345052 0.01877306226704212 -0.05475810513838102 20.78
0.304 0.022 0.36816 0.0000742 0.0025000 1.983 normal 0.9992442517580071 1.0054665725359553 -0.00471169382456049 1.0051647544785496 0.9915296432768181 0.01662672553563859 -0.05504782738759495 22.12
0.304 0.022 0.36816 0.0000742 0.0025000 2.314 normal 0.9991926484964817 1.0049279543498568 -0.004643966652448102 1.0045982250641015 0.9963201388101398 0.01765210389414257 -0.05396112060032109 21.59
0.304 0.022 0.36816 0.0000742 0.0025000 2.975 normal 1.001048082264962 1.0038377897253556 -0.004879118047446539 1.0043903887037162 0.9983287513092896 0.019807513949724853 -0.05499591653806993 18.49
0.304 0.022 0.36816 0.0000742 0.0025000 3.305 normal 1.0007651488866256 1.0032920276834656 -0.005598218330189493 1.0036342234401099 0.997338869557278 0.020592133416043774 -0.056724864563220456 17.14
0.304 0.022 0.36816 0.0000742 0.0025000 1.653 normal 1.000816893798447 1.006978839333061 -0.004512885174175885 1.0054293065843039 0.9871417913624391 0.01587389011200853 -0.05555314221752208 23.04
0.304 0.022 0.36816 0.0000742 0.0025000 5.619 normal 0.9995743646301728 1.0049092080590634 -0.005294051624797218 1.0054076574509567 0.9921811906522635 0.018853979493831864 -0.05655523538350305 26.10
0.304 0.022 0.36816 0.0000742 0.0025000 4.627 normal 1.0000519750596601 1.0032750420374286 -0.005524638904510608 1.00415466094087 0.9982039617411411 0.020598807580035645 -0.055577920143750986 20.03
0.304 0.022 0.36816 0.0000742 0.0025000 5.288 normal 0.9987078203398396 1.003599710517373 -0.005251665847057008 1.0053284138363405 0.9969188262592449 0.019505401954637548 -0.05552463960373515 25.07
0.304 0.022 0.36816 0.0000742 0.0025000 4.958 normal 0.9986587591952737 1.0028897745278558 -0.005491511319795619 1.0043933790449133 0.9995054253236191 0.019934582601224472 -0.0536337688736952 23.13
0.304 0.022 0.36816 0.0000742 0.0025000 3.966 normal 1.0008038391143068 1.0033281504213025 -0.005978695888126382 1.0034792958651024 0.9967813496463245 0.0211511367128345 -0.05699730785765585 16.93
0.304 0.022 0.36816 0.0000742 0.0025000 6.280 normal 1.001647208408651 1.007459426024791 -0.005185349643197403 1.005553616519839 0.984170311193339 0.01737679840160518 -0.05631912409101659 27.46
0.304 0.022 0.36816 0.0000742 0.0025000 5.949 normal 1.0005755778901522 1.0061675425632424 -0.005298410633401871 1.0055005353103368 0.9877804415510351 0.01814085164886879 -0.056546828253546434 26.98
0.304 0.022 0.36816 0.0000742 0.0025000 4.297 normal 0.9999550990306401 1.003025015873891 -0.00598062652310505 1.0036169731585267 0.997264105731339 0.02097652723540569 -0.057286192659495694 18.02
0.304 0.022 0.38921 0.0000742 0.0025000 1.322 normal 1.001372956807995 1.0068793491635188 -0.00376158744227016 1.0034149850975176 0.9813137710765931 0.009512409549693181 -0.038032759317909864 14.40
0.304 0.022 0.38921 0.0000742 0.0025000 0.331 normal 1.0011585267566459 1.006304145854915 -0.004194804683624005 1.0034272566196294 0.9793247828640367 0.010489565556967449 -0.04269398407214594 16.85
0.304 0.022 0.38921 0.0000742 0.0025000 1.983 normal 0.9999927204921292 1.0045685834878693 -0.0036017804380420715 1.0038856145791093 0.9893106075715284 0.010779820904575165 -0.037290024725192175 12.68
0.304 0.022 0.38921 0.0000742 0.0025000 1.653 normal 0.9995884728428518 1.0050985255461125 -0.0039788985166685775 1.0042265797281198 0.9848531906052659 0.009947846188931473 -0.03755449508426639 13.42
0.304 0.022 0.38921 0.0000742 0.0025000 0.661 normal 1.00215171147699 1.0069133802425119 -0.003876995997486551 1.0052841482382384 0.978385828990736 0.009862497584959067 -0.04086961049146633 16.33
0.304 0.022 0.38921 0.0000742 0.0025000 2.314 normal 0.9985979443130865 1.0028955454429307 -0.0038306250538636686 1.0038747934006718 0.9941792900593129 0.011881050124978783 -0.03687994314690387 12.27
0.304 0.022 0.38921 0.0000742 0.0025000 0.992 normal 1.0018141570284402 1.006753300769184 -0.00376442786369383 1.0052597360500484 0.9790751317845401 0.009501152925025683 -0.04058117711443935 15.45
0.304 0.022 0.38921 0.0000742 0.0025000 0.000 normal 1.0011718732975097 1.0059825057169145 -0.0043217538293004835 1.004501614557123 0.9817559007166313 0.011245097668632627 -0.0391686919334489 16.83
0.304 0.022 0.38921 0.0000742 0.0025000 4.958 normal 0.9977223775170595 1.0011453306750655 -0.0042934922601808746 1.0036756324019795 0.9993662406305575 0.014161975526949254 -0.036072117542848496 14.10
0.304 0.022 0.38921 0.0000742 0.0025000 4.627 normal 0.9989006445154 1.001214992694803 -0.00447804086113513 1.0031985430362695 0.9988910952171903 0.01474151095551787 -0.03665968233121704 12.09
0.304 0.022 0.38921 0.0000742 0.0025000 2.975 normal 0.9994787761505526 1.0016506469414956 -0.00401470046357591 1.0031635658917275 0.9989971415339298 0.014138650090026371 -0.03713216842848029 10.94
0.304 0.022 0.38921 0.0000742 0.0025000 4.297 normal 0.9992567777968296 1.0012006921965857 -0.004856080854895212 1.0027439070678712 0.9979298819495523 0.015195598708942396 -0.037781564590916514 10.64
0.304 0.022 0.38921 0.0000742 0.0025000 2.644 normal 0.9974459668597783 1.0013954679699468 -0.003994848626224406 1.003807736421319 0.9989196692135008 0.013067846074097632 -0.03705119103565635 12.16
0.304 0.022 0.38921 0.0000742 0.0025000 3.966 normal 0.9989471037525257 1.0010563863823907 -0.005191655893698559 1.002448430682177 0.9974343773708536 0.015433330430627215 -0.038668289631710075 9.89
0.304 0.022 0.38921 0.0000742 0.0025000 3.305 normal 0.9997313640914705 1.0014502136711259 -0.004604334329346737 1.0026529121274395 0.997994781222977 0.014934094730119972 -0.03785767733396297 10.00
0.304 0.022 0.38921 0.0000742 0.0025000 3.636 normal 0.9993978979978262 1.0011893405554144 -0.005040356657288152 1.0024180340553335 0.9974541625056046 0.015368126058088835 -0.03860189071998781 9.68
0.304 0.022 0.41026 0.0000742 0.0025000 0.661 normal 1.002281322377428 1.0058243470824344 -0.0012931124237216963 1.0065690029334768 0.9762604829766063 -0.004022993954850624 -0.03550839946663663 10.02
0.304 0.022 0.41026 0.0000742 0.0025000 0.331 normal 1.0034807541540567 1.0065203434097405 -0.0016025807986782396 1.0057592411167124 0.9771973465733353 0.0026157698297204547 -0.031920099233451356 10.25
0.304 0.022 0.41026 0.0000742 0.0025000 0.992 normal 1.0019102627299377 1.0059219648056636 -0.0011993178625865615 1.0064424264937464 0.9769679037738742 -0.0034471682391920048 -0.03471662850842662 9.34
0.304 0.022 0.38921 0.0000742 0.0025000 5.288 normal 0.9979984005338187 1.002913013680229 -0.004712914935606146 1.0027075173559097 0.9947437767223983 0.013464063775063494 -0.03549085655556624 14.82
0.304 0.022 0.38921 0.0000742 0.0025000 6.280 normal 1.0011839388984876 1.0059528412640857 -0.004325883128784204 1.0044918549303878 0.9817857085575629 0.011252813311783837 -0.039196325306448614 16.83
0.304 0.022 0.38921 0.0000742 0.0025000 5.949 normal 1.000940478158466 1.0051350103691332 -0.004315929224594417 1.0041545605549744 0.9854577631669252 0.01204399900054621 -0.03777578001369105 16.37
0.304 0.022 0.38921 0.0000742 0.0025000 5.619 normal 0.9996081961790747 1.0037749584472897 -0.0044413545055005076 1.0040363490081012 0.9899307761551298 0.012800206393673677 -0.03696162624044976 15.62
0.304 0.022 0.41026 0.0000742 0.0025000 0.000 normal 1.0050092769522796 1.006287505222205 -0.0020646103720252896 1.004894728689941 0.9796534154647317 0.0056212282297286855 -0.02610648402692979 10.05
0.304 0.022 0.41026 0.0000742 0.0025000 1.322 normal 1.0025304698989084 1.0062474245826276 -0.00136289190648598 1.0056626367551909 0.9792465038682386 0.002454843427080474 -0.030532383488638633 8.36
0.304 0.022 0.41026 0.0000742 0.0025000 2.975 normal 0.9984294841946479 1.0000216804723168 -0.003166886385520558 1.0022032175210487 0.9995862706057406 0.00937365815062581 -0.02207543104651744 6.06
0.304 0.022 0.41026 0.0000742 0.0025000 2.644 normal 0.9987711581581968 1.0009403689431662 -0.002857703066117722 1.0025922702888665 0.9970951047492963 0.008263785326904102 -0.022168722193867074 6.34
0.304 0.022 0.41026 0.0000742 0.0025000 1.983 normal 1.0013289596529922 1.0039986559739775 -0.002436010776355799 1.0024341317624827 0.9873660117796358 0.0058440915314738155 -0.02334480026203741 6.78
0.304 0.022 0.41026 0.0000742 0.0025000 2.314 normal 0.9995706949886967 1.0022250778817579 -0.002802849003843184 1.0026917685285632 0.9922941653892856 0.007016821857809355 -0.022460346472345516 6.42
0.304 0.022 0.41026 0.0000742 0.0025000 3.636 normal 0.9988585060542403 0.9997870432101953 -0.004003067403729052 1.0016282259432894 0.9980302955136766 0.010595243405441828 -0.023826917138162065 5.27
0.304 0.022 0.41026 0.0000742 0.0025000 3.305 normal 0.9987830378150137 0.9999767121598064 -0.0036764861848094174 1.0017988307480366 0.9985709791848485 0.010179689285015468 -0.023382523874728018 5.44
0.304 0.022 0.41026 0.0000742 0.0025000 1.653 normal 1.0039367991931825 1.005596499821781 -0.0017857603309047439 1.0034598080776087 0.9828315128383548 0.004931284956272185 -0.024985314138620957 7.42
0.304 0.022 0.41026 0.0000742 0.0025000 4.297 normal 0.9985891224670231 0.9996842728414619 -0.0038504518172267415 1.0019104699669992 0.9985199747202478 0.010314604099963428 -0.02256335472342183 5.91
0.304 0.022 0.41026 0.0000742 0.0025000 5.619 normal 1.0005276105242111 1.0028480434403193 -0.00323099297367848 1.003012243067652 0.9879423329840767 0.007643165965198832 -0.02407542483081167 8.90
0.304 0.022 0.41026 0.0000742 0.0025000 4.958 normal 0.9978897527014472 1.0001223506191093 -0.0034618525797166606 1.0026540252801293 0.9975014523078415 0.009133009121147496 -0.021159444023288405 7.70
0.304 0.022 0.41026 0.0000742 0.0025000 3.966 normal 0.9997294300740899 1.000378440101609 -0.0037639969165748927 1.000856559423951 0.9980095267914193 0.010618926903419786 -0.023721948599275032 5.42
0.304 0.022 0.41026 0.0000742 0.0025000 5.288 normal 0.9984985914145038 1.0012483735437054 -0.0035822280926409472 1.0028088729482698 0.9928163527610626 0.008410470672810512 -0.022148798325302792 8.23
0.304 0.022 0.41026 0.0000742 0.0025000 4.627 normal 0.9978103307915102 0.9995348385530612 -0.0036535135299105136 1.002007442659582 0.9994925989615837 0.009788535926809002 -0.021515131235760123 6.88
0.304 0.022 0.41026 0.0000742 0.0025000 5.949 normal 1.0031700147131233 1.0044293155465762 -0.002630363974073699 1.004148916303696 0.9834087963885627 0.006845383804016675 -0.02573899947567018 9.58
0.304 0.022 0.41026 0.0000742 0.0025000 6.280 normal 1.0050407649216706 1.0063124385935982 -0.0020697831175264447 1.0047414246945872 0.9796845427679627 0.0057799668246237106 -0.02617260056964726 10.05
0.304 0.022 0.43132 0.0000742 0.0025000 1.983 normal 1.0002277445126972 1.0029764146023552 -0.000413421779994072 1.0055039912638397 0.9856893606476301 -0.005484153851080392 -0.013976843187206503 3.66
0.304 0.022 0.43132 0.0000742 0.0025000 0.992 normal 1.0016327451293927 1.0019820682607303 -0.00031116691987560574 1.0028884382966938 0.9800240757493823 -0.00033614078197312017 -0.0002957436253502519 6.97
0.304 0.022 0.43132 0.0000742 0.0025000 0.331 normal 1.0011419851421501 1.0021863619180695 -0.00018649279767151707 1.0039337639991315 0.9798043835459321 -0.002873315597695543 -0.0029101747782509157 7.78
0.304 0.022 0.43132 0.0000742 0.0025000 1.322 normal 1.0013913690934801 1.0021335340092705 -0.00024665030952948923 1.003162470189489 0.9815299780619348 -0.0007490150740306456 -0.0012739683942714947 5.95
0.304 0.022 0.43132 0.0000742 0.0025000 0.000 normal 1.0005422819317695 1.0024568526460615 -3.1212734945450274e-05 1.0049508093415234 0.98097889880877 -0.005133468032515101 -0.007652442999143474 7.35
0.304 0.022 0.43132 0.0000742 0.0025000 1.653 normal 1.0008032745265711 1.0024753280351562 -9.213455207932438e-05 1.0040595828570478 0.9834814328852025 -0.002511870348458709 -0.00638514649501438 4.80
0.304 0.022 0.43132 0.0000742 0.0025000 0.661 normal 1.0015312979039588 1.0020135682050901 -0.0002864068077293182 1.003192034891471 0.9795120322405713 -0.0011503567831437573 -5.1222808121977964e-05 7.67
0.304 0.022 0.43132 0.0000742 0.0025000 2.314 normal 1.002255950524899 1.0026136030297386 -0.0012336318991191667 1.0019213467238304 0.990674670003291 0.0030735727999887407 -0.012916389365596302 3.08
0.304 0.022 0.43132 0.0000742 0.0025000 4.627 normal 0.997200323514005 0.9985593429561477 -0.0027088654654434394 1.001580608506263 0.9999486052069367 0.0057436850478383705 -0.009285685325924123 3.65
0.304 0.022 0.43132 0.0000742 0.0025000 2.975 normal 0.9981693991089488 0.9991592123162838 -0.0022745037327538075 1.0014865786951972 0.9997125065731304 0.005522033659445536 -0.011281449822142756 3.04
0.304 0.022 0.43132 0.0000742 0.0025000 2.644 normal 0.9992392189367792 1.000520320347123 -0.0020697269112777868 1.0013987000627897 0.9955268780895082 0.004376312166612004 -0.011731565606966046 2.97
0.304 0.022 0.43132 0.0000742 0.0025000 3.305 normal 0.998675262991423 0.999104538367203 -0.0027004307646904644 1.0007037720725769 0.9990731428948194 0.006336049293115041 -0.012793780426840528 2.72
0.304 0.022 0.43132 0.0000742 0.0025000 4.958 normal 0.9987196994838874 0.9998927314207179 -0.002363879673061349 1.0021117606460415 0.9958764553163764 0.004360473896592547 -0.010279304672972936 3.90
0.304 0.022 0.43132 0.0000742 0.0025000 4.297 normal 0.9979346673187013 0.9987858156925866 -0.003032229317726071 1.000737410577844 0.9990285076856971 0.0063451565185170455 -0.010549009395856348 3.05
0.304 0.022 0.43132 0.0000742 0.0025000 3.636 normal 0.999520007613828 0.9992843732412777 -0.0028415609107028572 1.000562864890319 0.9985297763303367 0.006731894444154572 -0.011819598868611631 2.66
0.304 0.022 0.43132 0.0000742 0.0025000 3.966 normal 0.9990174163293932 0.9992035289234433 -0.0029634261546396617 1.0007546102317249 0.9985158101567488 0.0067087859071016664 -0.0107355290942974 2.77
0.304 0.022 0.43132 0.0000742 0.0025000 5.949 normal 1.000595751500635 1.0027879685148076 -0.0004845362444108102 1.0061167667286721 0.981614978737764 -0.007651398957110287 -0.013485378683180942 6.04
0.304 0.022 0.45237 0.0000742 0.0025000 0.661 normal 1.0033860772968397 1.0005024587139193 -0.0008558543695451055 1.0011631795006322 0.9760736042409208 -0.002974232706030177 -0.00915764915563811 4.56
0.304 0.022 0.45237 0.0000742 0.0025000 0.331 normal 1.0030082443969093 1.0004538776297291 -0.0007594582094473651 1.0009305688940136 0.9774055980842131 -0.002427705652988563 -0.008205002061292226 4.74
0.304 0.022 0.45237 0.0000742 0.0025000 0.000 normal 1.0024070263478082 1.0003661947767957 -0.0006039645955392653 1.00059464678491 0.9801700671763883 -0.001680171672115457 -0.006632552374535449 4.57
0.304 0.022 0.43132 0.0000742 0.0025000 6.280 normal 1.000534587670845 1.0024591412716608 -2.923394354366755e-05 1.0049626736651807 0.9809975671521058 -0.005161754513445884 -0.007703180270971732 7.34
0.304 0.022 0.45237 0.0000742 0.0025000 0.992 normal 1.0034640485367539 1.000497982317654 -0.0008736955041765284 1.0012394751715767 0.9763949556345223 -0.0031978601956811014 -0.009278951721945145 4.05
0.304 0.022 0.43132 0.0000742 0.0025000 5.619 normal 1.002988857779571 1.0031490211520195 -0.0011092923223533409 1.0034481741476373 0.9861967476400795 0.0019159240846539929 -0.01624224119710323 4.96
0.304 0.022 0.43132 0.0000742 0.0025000 5.288 normal 1.001747659357516 1.0015969181233337 -0.0017465668450366584 1.0023408427865461 0.9911184851302529 0.004113032257362993 -0.012382522045458113 4.33
0.304 0.022 0.45237 0.0000742 0.0025000 1.653 normal 1.0025565094069853 1.0002924610843493 -0.0006322094604730248 1.0007765167461549 0.9821037274056424 -0.0023317069348299828 -0.006487280657885449 2.63
0.304 0.022 0.45237 0.0000742 0.0025000 1.322 normal 1.0031868541232498 1.0004275622094994 -0.000798768653742242 1.0011135110633065 0.9784597760490747 -0.00299356235582287 -0.008383968947548465 3.35
0.304 0.022 0.45237 0.0000742 0.0025000 2.314 normal 1.0005394428763017 1.0003340374635605 -0.00010343654334277876 1.0011213077855352 0.9917781317032962 -0.00016280031034462893 -0.0005707739896022332 1.72
0.304 0.022 0.45237 0.0000742 0.0025000 1.983 normal 1.0016344636953813 1.000104259295746 -0.00039008344907969883 1.000256981144608 0.9869473118577986 -0.001266047935479933 -0.0037652342237893227 2.09
0.304 0.022 0.45237 0.0000742 0.0025000 2.644 normal 1.0016866680669827 1.000959289605926 -0.0005529942151120819 1.001319407468773 0.9941998957868642 0.0007732012713524203 -0.006110325201601214 1.23
0.304 0.022 0.45237 0.0000742 0.0025000 2.975 normal 0.9995313265773623 0.9995121330299177 -0.0013018453498946391 1.0010103366748098 0.9984157120980508 0.002587078362586723 -0.003159328669777633 1.25
0.304 0.022 0.45237 0.0000742 0.0025000 3.305 normal 1.000281779848267 0.999409048780507 -0.001380037588579174 1.0003236065085417 0.9994985603275022 0.0034074462388842186 -0.0033725757471370667 1.21
0.304 0.022 0.45237 0.0000742 0.0025000 3.636 normal 1.0004911766300009 0.9993830470208003 -0.0016691728831947326 0.9999972241690935 0.998950573021882 0.003784151954095334 -0.0035009095561395437 1.22
0.304 0.022 0.45237 0.0000742 0.0025000 5.949 normal 1.0016527357834815 1.0002512394424143 -0.0004075333507644043 1.0001975125003275 0.9840793726348003 -0.0008249688212437533 -0.0046360282876449855 4.09
0.304 0.022 0.45237 0.0000742 0.0025000 5.288 normal 1.000063748778113 1.0000728847927822 -9.398947603778558e-05 1.001952873378688 0.9919729693700898 -0.0028139690879108205 -9.050399477925285e-05 2.65
0.304 0.022 0.45237 0.0000742 0.0025000 6.280 normal 1.0024012146199774 1.0003650226280945 -0.0006024312105880632 1.0005912539742607 0.9801996840359135 -0.00167356596934367 -0.00661501236808883 4.56
0.304 0.022 0.45237 0.0000742 0.0025000 5.619 normal 1.00082773401969 1.0001194814951786 -0.0001915954975104246 1.0006667191064877 0.9884007642904151 -0.00016613930147534438 -0.002418727882010698 3.43
0.304 0.022 0.45237 0.0000742 0.0025000 4.958 normal 1.0023276486706025 1.0005318688021727 -0.0007454145100440924 1.0013423579447454 0.994494216634133 0.0018049339689783798 -0.002208761896017345 1.85
0.304 0.022 0.45237 0.0000742 0.0025000 4.297 normal 0.999573478437309 0.9995319024240583 -0.0017452945163391436 0.9993442329843865 0.9994623286490083 0.0027048575138909404 0.0021951938216847166 1.45
0.304 0.022 0.45237 0.0000742 0.0025000 4.627 normal 0.99985793883741 0.9996695505427078 -0.0013305921561375794 1.0007268669944387 0.9986082354498328 0.0026132458729091167 0.0004482643128676026 1.64
0.304 0.022 0.45237 0.0000742 0.0025000 3.966 normal 1.0002001591911933 0.9994293540849244 -0.0017397260840546352 0.9999681820405618 0.9989457747098487 0.00371364755933409 -0.0029353144295475144 1.30
0.304 0.022 0.47342 0.0000742 0.0025000 2.314 normal 1.0006389407934564 1.000518775206233 -0.00047067185818200797 1.0009809747441474 0.9893934250233336 -0.002041906693751098 -0.004002719232529419 0.69
0.304 0.022 0.47342 0.0000742 0.0025000 0.000 normal 1.0007797905839653 1.0011043222410745 -0.0010276317910378968 1.0021387017493493 0.978104997954121 -0.004145570109976004 -0.007596650476563791 3.07
0.304 0.022 0.47342 0.0000742 0.0025000 0.331 normal 1.0001361303732026 1.0011891954741534 -0.001182959501922078 1.0024710276957487 0.976331514779988 -0.004886729868607932 -0.006518512772300111 3.36
0.304 0.022 0.47342 0.0000742 0.0025000 0.661 normal 0.9992302226194347 1.0012289369088463 -0.0012756377143660728 1.0026887527215411 0.9759225593255888 -0.005403101604881011 -0.006230380160437163 3.30
0.304 0.022 0.47342 0.0000742 0.0025000 1.322 normal 0.9982318175962096 1.001119434027812 -0.0012008104970328067 1.0025787092590566 0.9790030227958917 -0.005305444387290622 -0.0046516857789298035 2.28
0.304 0.022 0.47342 0.0000742 0.0025000 1.653 normal 0.9985251609444467 1.0009627279448836 -0.001022394942233025 1.0022033694038073 0.9820373393883786 -0.004568632956259593 -0.00400984475612109 1.63
0.304 0.022 0.47342 0.0000742 0.0025000 0.992 normal 0.998519036892102 1.0012090234280455 -0.0012857069081048161 1.0027382614010243 0.976868969452698 -0.005574845670378393 -0.005484077514171183 2.89
0.304 0.022 0.47342 0.0000742 0.0025000 1.983 normal 0.9994162338449123 1.0007523852965456 -0.000767381246621726 1.0016436106696478 0.9856230254435613 -0.0034252144822610893 -0.0036860959490207074 1.07
0.304 0.022 0.47342 0.0000742 0.0025000 2.644 normal 1.0006372742830179 1.000296692071104 -0.000174349072235989 1.0003173563237482 0.9940016700020213 -0.0006361938667039221 -0.002595299129334915 0.50
0.304 0.022 0.47342 0.0000742 0.0025000 4.627 normal 1.000926448066255 0.999566763572652 -0.0001873488180287629 1.0002038228625263 0.9974957976052597 -0.0012074193393291034 -0.0010871355519615803 0.67
0.304 0.022 0.47342 0.0000742 0.0025000 2.975 normal 1.001027910182092 1.0000420406681043 -0.00024486050960940834 1.0003605799423538 0.9973554142673657 -0.0006916304503978885 -0.000525582738117971 0.43
0.304 0.022 0.47342 0.0000742 0.0025000 4.958 normal 1.00047183264246 1.0005090796560667 -0.00014453825380693528 1.0003732496773416 0.9943236804994576 -0.0004814830454678854 -0.0017397691110345051 0.90
0.304 0.022 0.47342 0.0000742 0.0025000 3.636 normal 1.0017166294023476 0.9999953561552177 -0.0005932034422202836 0.9994185860403323 0.9993794501981706 0.001753741403209839 0.0014330025938171433 0.49
0.304 0.022 0.47342 0.0000742 0.0025000 3.305 normal 1.0013588553694888 0.9999523400043919 -0.0003730374750411606 0.9997401065344941 0.9998473745606156 0.001399919916986956 0.0012971810011627018 0.46
0.304 0.022 0.47342 0.0000742 0.0025000 4.297 normal 1.0005382282190396 0.9994730975461491 -0.0005619224857536946 0.9997429989359209 0.9998228766964024 0.0011505431090201932 0.0008898660741284896 0.58
0.304 0.022 0.47342 0.0000742 0.0025000 3.966 normal 1.0014612243276029 0.9998361041731915 -0.0006120750608573099 0.9994027868789775 0.9996023986400632 0.0016439693442748722 0.0017206814417672217 0.53
0.304 0.022 0.47342 0.0000742 0.0025000 5.949 normal 1.0013077198061255 1.0009847901152984 -0.0008278509709522174 1.0017331771547975 0.9811144148319749 -0.0032746971127359647 -0.006852344031973993 2.49
0.304 0.022 0.47342 0.0000742 0.0025000 6.280 normal 1.0007860005463238 1.001102939824187 -0.0010260764068318103 1.0021351454335483 0.9781262809777945 -0.004139084634390654 -0.007590529920238989 3.06
0.304 0.022 0.47342 0.0000742 0.0025000 5.288 normal 1.0013333308362293 1.0006817592096202 -0.0003723525336409938 1.0008349422679679 0.9896859618990773 -0.001415210422018084 -0.002097875699104307 1.25
0.304 0.022 0.47342 0.0000742 0.0025000 5.619 normal 1.0021529342572941 1.0008422661326795 -0.0006049357671065762 1.0012935206532032 0.9848914007074112 -0.0023549067127736 -0.0029251828740940408 1.82
0.304 0.022 0.49447 0.0000742 0.0025000 0.992 normal 0.9953348994194555 1.0014679677718394 -0.0015449697525315956 1.003528065968943 0.9774320648390601 -0.0070139832445925 -0.0012121806004440096 2.65
0.304 0.022 0.49447 0.0000742 0.0025000 0.331 normal 0.9968686341005973 1.001473822468908 -0.0014548109194029923 1.003305235353459 0.9770274534105926 -0.006411769084772949 -0.0007341007751346856 3.02
0.304 0.022 0.49447 0.0000742 0.0025000 0.661 normal 0.9962869821290634 1.0015033031774423 -0.0014289005984517544 1.0035057337175237 0.9764790203800798 -0.006895588528782697 -0.00158671395454967 3.01
0.304 0.022 0.49447 0.0000742 0.0025000 0.000 normal 0.9977485436825386 1.0013915168799867 -0.0013004129217507655 1.0029776401756894 0.9787467994279446 -0.005680762996947276 -0.0004779301467327881 2.69
0.304 0.022 0.49447 0.0000742 0.0025000 3.305 normal 1.0002897866225071 0.9998261554806455 -5.6558949235726754e-05 1.0000147076128643 0.9998802370483857 -0.000314170369610401 0.00014196242222816506 0.13
0.304 0.022 0.49447 0.0000742 0.0025000 3.636 normal 1.000733944547958 0.9995203063760764 -0.0001223790388029771 0.9998464550982713 1.0005344883246738 0.0006463209174384748 0.0004975509707430357 0.13
0.304 0.022 0.49447 0.0000742 0.0025000 2.975 normal 1.0004008532229691 1.0002784345847022 -0.00012302141611982134 1.0002675653192286 0.9968349387396395 -0.0005150317868215556 -0.00010602189087717069 0.14
0.304 0.022 0.49447 0.0000742 0.0025000 1.322 normal 0.9956528952624792 1.0013583276727944 -0.0013189409452538739 1.0024411223484813 0.979555628361815 -0.00667595381903906 -0.0015718322258062994 2.08
0.304 0.022 0.49447 0.0000742 0.0025000 2.314 normal 0.9982215397622571 1.000699754594022 -0.000672731554451391 1.0011155428391174 0.98986842058998 -0.0029565800361823808 -0.0005218489410645673 0.49
0.304 0.022 0.49447 0.0000742 0.0025000 1.653 normal 0.9961128375662869 1.0011817638028395 -0.0011548503622859946 1.002073553349565 0.9825568257161987 -0.0055468540061206885 -0.0009217725700346836 1.45
0.304 0.022 0.49447 0.0000742 0.0025000 1.983 normal 0.9970365752235166 1.0009498853024532 -0.0009204256595130134 1.00160088606282 0.9861258980873936 -0.004282305584550421 -0.0007340337327938014 0.89
0.304 0.022 0.49447 0.0000742 0.0025000 2.644 normal 0.9995259875202746 1.0004619456014643 -0.0003824602547136645 1.00088628611368 0.9934915834363353 -0.0016533084633567412 -0.00015965300264639845 0.24
0.304 0.022 0.49447 0.0000742 0.0025000 4.297 normal 1.0003840679722935 0.9993700959450397 -1.7830965649802074e-05 1.000132795176241 1.0001056818636758 -6.337901907825919e-05 0.0030247157695505737 0.15
0.304 0.022 0.49447 0.0000742 0.0025000 3.966 normal 1.0005912860702226 0.9993040533090495 -2.6384471937746583e-05 0.9999427846116398 1.0007545578931014 -0.0003687567144749537 0.0001326583237363438 0.14
0.304 0.022 0.49447 0.0000742 0.0025000 4.958 normal 1.0001845533781006 1.0006141923866205 -0.0003877516362632396 1.0009691959595668 0.993990970892482 0.0005728628529501584 0.005440546775906369 0.42
0.304 0.022 0.49447 0.0000742 0.0025000 4.627 normal 1.0004275153499207 0.9998858375424456 -0.00017013854282518044 1.000362555729684 0.9974592508188613 0.00019914632185130828 0.004022604710338555 0.22
0.304 0.022 0.49447 0.0000742 0.0025000 5.619 normal 0.9990027320378372 1.0011144325329 -0.0008682944469787302 1.0020868071768938 0.9855913004719421 -0.003293456257628056 0.002215144969660238 1.40
0.304 0.022 0.49447 0.0000742 0.0025000 5.949 normal 0.9983945412612787 1.0012680092359663 -0.0010976620761522023 1.00256443224084 0.9817651201373752 -0.004794391236585297 0.000635751756286624 2.08
0.304 0.022 0.49447 0.0000742 0.0025000 6.280 normal 0.9977560421698946 1.0013902726450485 -0.001298541808841576 1.0029736425812654 0.9787714744362014 -0.005672487157280148 -0.00047505872976012976 2.68
0.304 0.022 0.49447 0.0000742 0.0025000 5.288 normal 0.9996397442285897 1.0009384281866907 -0.0006269310861791768 1.0013401866039442 0.9898232185113867 -0.0013354739958483092 0.003869143484875867 0.81
0.304 0.022 0.51553 0.0000742 0.0025000 1.653 normal 0.9941901769138111 1.0009484457650917 -0.0013457704281913238 1.002932001687637 0.9825185525265487 -0.006231120261083339 -0.003129319094070232 1.74
0.304 0.022 0.51553 0.0000742 0.0025000 1.983 normal 0.9953236299645634 1.0006972615063874 -0.0010690891746067625 1.0022998002745327 0.9859156117385028 -0.004946030385321725 -0.004302364583979357 1.14
0.304 0.022 0.51553 0.0000742 0.0025000 2.314 normal 0.9967956248508182 1.0004284354956805 -0.0007533844853132366 1.001574242755423 0.9897146777920468 -0.003438915991346018 -0.004261129165092946 0.68
0.304 0.022 0.51553 0.0000742 0.0025000 0.331 normal 0.9950291520078726 1.001305014691781 -0.0015728264576637604 1.003428694941487 0.9771520722942584 -0.006997397895430255 -0.003001092374472337 3.26
0.304 0.022 0.51553 0.0000742 0.0025000 0.661 normal 0.9942228821916336 1.001325410883374 -0.001656324804336896 1.003612995520284 0.9766866945984057 -0.007448584517350822 -0.0031320666965372205 3.28
0.304 0.022 0.51553 0.0000742 0.0025000 0.000 normal 0.9958194812066101 1.0012261288997677 -0.001419984172538962 1.0031071904789925 0.9789338405817472 -0.006277810535960866 -0.002405117938946437 2.87
0.304 0.022 0.51553 0.0000742 0.0025000 1.322 normal 0.9936343520667776 1.001146548593022 -0.0015459111375671919 1.0033807422307541 0.979592636041966 -0.007112503783358687 -0.002931454958498031 2.39
0.304 0.022 0.51553 0.0000742 0.0025000 0.992 normal 0.9936842089493135 1.0012744325039513 -0.0016507737600397838 1.0036081290434058 0.9776044080717416 -0.007514606682674454 -0.002731478769927733 2.95
0.304 0.022 0.51553 0.0000742 0.0025000 3.305 normal 1.000012724119725 1.0003506705848129 -5.351168131698871e-06 1.0003217582648871 0.9990557015595688 -0.00045508754688745493 -0.0020414487720852572 0.09
0.304 0.022 0.51553 0.0000742 0.0025000 3.966 normal 1.0001088359156414 1.0000215571673081 -2.8090366272708984e-05 1.0000637011699616 1.0001254483710091 -0.00014353126027822662 -0.0003357918377937975 0.01
0.304 0.022 0.51553 0.0000742 0.0025000 2.975 normal 0.999889562207094 1.0000367719710141 -0.00017724737854168948 1.0002701779031615 0.9966007758802051 -0.0006748760542637499 -0.0011422611177372085 0.19
0.304 0.022 0.51553 0.0000742 0.0025000 3.636 normal 1.0005943509327737 1.0001190879549555 7.892337981115227e-05 0.9998193447804029 1.0000884695199164 -0.00014904829761810444 -0.001795524760053728 0.04
0.304 0.022 0.51553 0.0000742 0.0025000 4.297 normal 0.9997744731507044 1.0000729917722162 -6.672571343258158e-05 0.999991933066464 0.9994697119369708 0.00022417660645714376 0.0009743498695676134 0.01
0.304 0.022 0.51553 0.0000742 0.0025000 4.958 normal 0.9984573081089576 1.0005320571316632 -0.0004822477101414235 1.0008334314792584 0.9937794573655502 -0.001257227083084145 0.001779098874469624 0.33
0.304 0.022 0.51553 0.0000742 0.0025000 4.627 normal 0.9991819950317689 1.0003152839725462 -0.00023259476869617987 1.000332022557223 0.9971574481712511 -0.00034906149787827725 0.0020309020644340794 0.09
0.304 0.022 0.51553 0.0000742 0.0025000 2.644 normal 0.9983992816756722 1.0001785778219716 -0.00044096454309937934 1.0008597107550572 0.9933409832555461 -0.0019347830511985032 -0.004026598983199964 0.37
0.304 0.022 0.51553 0.0000742 0.0025000 5.619 normal 0.997165373367394 1.0009354970225084 -0.0008933941135591082 1.0022094356662377 0.9855831778927652 -0.004384896763197853 -0.0008248764863565305 1.44
0.304 0.022 0.53658 0.0000742 0.0025000 0.331 normal 0.9945488404554089 1.0006844899563583 -0.001537002720407575 1.0028427190628597 0.9766731857972892 -0.006644337516971917 -0.013342132711131823 4.07
0.304 0.022 0.53658 0.0000742 0.0025000 0.661 normal 0.9938201835327791 1.0006952263224496 -0.001615491084365087 1.003009546016444 0.9761861605311731 -0.0070609393106646715 -0.013645548453801205 4.14
0.304 0.022 0.53658 0.0000742 0.0025000 0.000 normal 0.9953613490792723 1.0006088047854846 -0.0013858307797272582 1.0025268084258752 0.9784602143590373 -0.005936347579935762 -0.012649906233201811 3.60
0.304 0.022 0.51553 0.0000742 0.0025000 5.288 normal 0.9977720716058303 1.0007437863887576 -0.0007303193484664682 1.0015853086848043 0.9898045084430084 -0.002860844089120276 0.0010727079505175978 0.78
0.304 0.022 0.51553 0.0000742 0.0025000 6.280 normal 0.995830628473049 1.001225244962661 -0.0014179565589778152 1.0031030425589713 0.9789582130775929 -0.006268400860632442 -0.0023902699635466695 2.86
0.304 0.022 0.51553 0.0000742 0.0025000 5.949 normal 0.9965540505589291 1.001098696327443 -0.0012148093286138974 1.0026866144956426 0.9819078960786066 -0.005377563400785182 -0.0012710325934913599 2.19
0.304 0.022 0.53658 0.0000742 0.0025000 0.992 normal 0.9933750641049122 1.0006289352345958 -0.0016016548067972537 1.0029764531740053 0.9770179899911114 -0.00707156530093284 -0.013844973494221651 3.82
0.304 0.022 0.53658 0.0000742 0.0025000 2.975 normal 1.0005668348046748 1.0022495737340629 0.00020093344349368498 1.0007793536206422 0.9956032206437319 -4.3546622359814745e-05 -0.007868819609567855 0.52
0.304 0.022 0.53658 0.0000742 0.0025000 3.305 normal 1.0003088442821553 1.0015810217029013 9.587545861167636e-05 1.0000836249902636 0.9987082130544008 0.0006376633390447013 -0.008492110477230063 0.36
0.304 0.022 0.53658 0.0000742 0.0025000 3.636 normal 1.0002692393870187 1.0011334154832674 0.00016941541137623935 0.9998900582051163 0.9998879939834684 -0.0005322536947451672 -0.008415720001287553 0.22
0.304 0.022 0.53658 0.0000742 0.0025000 2.314 normal 0.9980010765255949 1.0008747300404304 -0.0006664248144916428 1.0008098352749246 0.9890886479676738 -0.0027347129878396775 -0.003923333497467805 1.30
0.304 0.022 0.53658 0.0000742 0.0025000 2.644 normal 1.000119213870052 1.0016603075507338 -0.00034852161464616406 1.0000748872254046 0.9922634739378356 -0.0011907903462044245 -0.0002891675573200614 0.87
0.304 0.022 0.53658 0.0000742 0.0025000 1.983 normal 0.995873975673085 1.0000176184578995 -0.0009906720540856508 1.0015654529718185 0.9858366879311253 -0.004300458528704634 -0.0077167540583439045 1.91
0.304 0.022 0.53658 0.0000742 0.0025000 1.653 normal 0.9942226991902621 1.0002640609892341 -0.0012767672189942115 1.0022309715833897 0.9821770455979847 -0.00565205921259627 -0.011020227691624938 2.55
0.304 0.022 0.53658 0.0000742 0.0025000 1.322 normal 0.9934821852179186 1.0004832257829346 -0.0014880040261969066 1.0027178777788777 0.9790149328390926 -0.006607092008917105 -0.013778649930009546 3.24
0.304 0.022 0.53658 0.0000742 0.0025000 4.297 normal 0.9997557913550579 1.0012495781174588 9.666364743242149e-06 1.0001276692859788 0.9986978033051169 0.00022377390574437043 -0.005212530235043848 0.13
0.304 0.022 0.53658 0.0000742 0.0025000 4.627 normal 0.9998488360614769 1.0011041661719082 -0.00018586982547775523 1.0001469779402639 0.9960542570702484 -0.0003104398912948413 -9.878946808463538e-05 0.26
0.304 0.022 0.53658 0.0000742 0.0025000 4.958 normal 0.9986139477043897 1.000394969741923 -0.0004242892775004442 1.0005010288710516 0.993200917064269 -0.0017622842231380237 -0.003008168817496179 0.60
0.304 0.022 0.53658 0.0000742 0.0025000 6.280 normal 0.9953705506358642 1.0006078632730344 -0.0013840299820754127 1.0025229920599896 0.978482775040666 -0.0059281061514538805 -0.012638834868044391 3.59
0.304 0.022 0.53658 0.0000742 0.0025000 5.949 normal 0.9961319928405695 1.0004781430910086 -0.0011790049183249883 1.0021004463536944 0.9814282940612498 -0.005024357695447185 -0.011478095504046187 2.82
0.304 0.022 0.53658 0.0000742 0.0025000 5.288 normal 0.9976600574289666 1.0000985513999012 -0.0006826271521847443 1.0010657863884633 0.9894626061480606 -0.00289819357720586 -0.006020057022295752 1.17
0.304 0.022 0.53658 0.0000742 0.0025000 5.619 normal 0.9968736483483982 1.0003055504859 -0.0009400812315482811 1.0016075822323018 0.9852588493215026 -0.0040010637772974625 -0.008903008302646905 1.95
0.304 0.022 0.53658 0.0000742 0.0025000 3.966 normal 1.0004043567024004 1.0012747695705067 0.00013620249888885282 0.9999649393120474 0.9998884438082272 0.0009581435674949512 -0.006161724091106237 0.14
0.304 0.022 0.55763 0.0000742 0.0025000 0.000 normal 0.9980335281375129 1.0013734954913438 -0.0011981024234954277 1.0012386392152663 0.9779146511886319 -0.004657946637488729 -0.00785186673817179 5.06
0.304 0.022 0.55763 0.0000742 0.0025000 2.314 normal 1.000580726890156 1.0043708218004563 -0.00042936333108445953 1.0019660574652243 0.9862875324394594 -0.000657130235762199 -0.007961745413784322 2.21
0.304 0.022 0.55763 0.0000742 0.0025000 0.331 normal 0.9972907993376636 1.0011565396668771 -0.001346717916516913 1.0015471259740014 0.9760355544778 -0.005350352333306204 -0.009292337850329437 5.67
0.304 0.022 0.55763 0.0000742 0.0025000 1.983 normal 0.9999609736733203 1.0034653625117602 -0.0007609495783550393 1.0001282832209621 0.983152759611625 -0.002401351436734141 -0.0012629923608771106 3.16
0.304 0.022 0.55763 0.0000742 0.0025000 1.322 normal 0.9968166378748788 1.0018889817083447 -0.00127468270906277 1.0013432489509206 0.9779781580523221 -0.005156737786525938 -0.007597436627931221 4.76
0.304 0.022 0.55763 0.0000742 0.0025000 0.661 normal 0.9965383119048866 1.001153208612027 -0.001419721808681352 1.0016959965509291 0.9756618039051248 -0.005730578103088775 -0.009842437186421839 5.79
0.304 0.022 0.55763 0.0000742 0.0025000 0.992 normal 0.9963205721026174 1.0013965480225864 -0.0013984568157424106 1.0016365995434433 0.9763197268223452 -0.005689576033810789 -0.009298205908595652 5.44
0.304 0.022 0.55763 0.0000742 0.0025000 1.653 normal 0.9980256445555046 1.0026024284138162 -0.001054590616979987 1.000823680138978 0.9804585196109351 -0.004136328617863906 -0.004823012156834959 3.94
0.304 0.022 0.55763 0.0000742 0.0025000 4.958 normal 1.000159073117294 1.00372427159381 -0.00021736889369349837 1.001982447126116 0.9912639429622541 0.0010006633911808745 -0.009229821905463256 1.16
0.304 0.022 0.55763 0.0000742 0.0025000 2.975 normal 1.0000259194246233 1.0039398609313392 4.630849465081428e-05 1.0007031956536268 0.9954999660552356 0.0011013246663181407 -0.018867634812300554 1.36
0.304 0.022 0.55763 0.0000742 0.0025000 4.627 normal 1.0000512925015563 1.0035677351979435 3.067515333007386e-05 1.000707664954265 0.9954701401055893 0.0008319055319747209 -0.013161374915530167 0.80
0.304 0.022 0.55763 0.0000742 0.0025000 3.305 normal 1.0012759017116235 1.0036684859021583 0.0003386546072873179 1.0002079412346854 0.9985897106455272 0.002594008120624248 -0.01714794287354203 1.11
0.304 0.022 0.55763 0.0000742 0.0025000 2.644 normal 1.0010120533288238 1.0051868840913867 0.0002774284511947432 1.00110992218872 0.9912451735248164 0.00047427999998436325 -0.019053044642774006 1.66
0.304 0.022 0.55763 0.0000742 0.0025000 3.966 normal 1.0010712225837952 1.0031045757160426 0.0003692185805984958 1.0003071990839332 0.9999341839588907 0.002574903184813295 -0.015413100384890356 0.74
0.304 0.022 0.55763 0.0000742 0.0025000 3.636 normal 1.0013875883848509 1.0032600154654092 0.0004084734775672902 1.0002579940726133 0.9999303086411975 0.00285697154729497 -0.016501659972402948 0.89
0.304 0.022 0.55763 0.0000742 0.0025000 4.297 normal 1.000447038510359 1.003113690863313 0.00023495458682359634 1.0005217078209052 0.9985528360705452 0.0018493763940577452 -0.014340428024954204 0.69
0.304 0.022 0.57868 0.0000742 0.0025000 0.992 normal 1.002011012840411 1.0060129511335256 -0.0010411735408190762 1.0012288742733622 0.9729089509142618 -0.0033677284199725957 -0.0003365000564653368 7.70
0.304 0.022 0.57868 0.0000742 0.0025000 0.661 normal 1.0021536341492525 1.0057300111616971 -0.0010693981498703935 1.0009770686359925 0.9723660238690107 -0.0034593360411746456 -0.0009880471203717398 8.04
0.304 0.022 0.57868 0.0000742 0.0025000 0.331 normal 1.0026783600249394 1.0057039123445548 -0.0010021850046367732 1.0013664188368698 0.9727585792607297 -0.0031168274734114827 -0.0005285057739381956 7.82
0.304 0.022 0.57868 0.0000742 0.0025000 0.000 normal 1.003069768250473 1.0059056791919943 -0.0008570872565171523 1.0022628711804176 0.9740376482136195 -0.0024419923836063065 -0.002551393160196241 6.94
0.304 0.022 0.55763 0.0000742 0.0025000 5.949 normal 0.9990611672430729 1.001773634641587 -0.0009911554564435846 1.0008091612063441 0.9805013192304375 -0.003740021847727999 -0.0057015033540004974 4.10
0.304 0.022 0.55763 0.0000742 0.0025000 6.280 normal 0.9980394312360376 1.0013762102143555 -0.0011965427881001475 1.0012355025126842 0.977936870975449 -0.004650834101788999 -0.0078363234999965 5.06
0.304 0.022 0.55763 0.0000742 0.0025000 5.619 normal 1.0000476602491464 1.0023186050269721 -0.0007474693733069045 1.0002989208177442 0.983843927999853 -0.0026812930287792285 -0.003055772627175516 3.02
0.304 0.022 0.55763 0.0000742 0.0025000 5.288 normal 1.0009061573470743 1.0029819593024432 -0.00048411990522801356 1.0007997878539225 0.9872784255635124 -0.0015316781281080121 -6.986285615178827e-05 2.01
0.304 0.022 0.57868 0.0000742 0.0025000 1.322 normal 1.0021104243728003 1.0065551110510094 -0.0009094947560139632 1.0021976190062019 0.9739425284829405 -0.0024623719060328907 -0.004477334347599612 6.75
0.304 0.022 0.57868 0.0000742 0.0025000 2.314 normal 1.0012372025289857 1.0085848394148476 0.0001269565057876651 1.0017311538461988 0.9864464832622833 0.0014490017464866545 -0.030232730666163273 3.90
0.304 0.022 0.57868 0.0000742 0.0025000 1.653 normal 1.0014051610833608 1.0073240743115641 -0.0006803494429882349 1.0038579529065599 0.9766371049668535 -0.0010129047281334652 -0.013235413325712014 5.51
0.304 0.022 0.57868 0.0000742 0.0025000 1.983 normal 1.0007619263702954 1.0082383469042953 -0.00037065101444571226 1.0032836625840487 0.98134459173115 0.0006544788809219946 -0.024293269582944425 4.53
0.304 0.022 0.57868 0.0000742 0.0025000 2.644 normal 1.000003914478567 1.0069276193924124 -9.16041816789815e-05 1.001498186113226 0.9913964317591014 0.002174103122224202 -0.032078617916944864 3.46
0.304 0.022 0.57868 0.0000742 0.0025000 2.975 normal 1.0025756274729691 1.0067813217644621 0.000551619893254115 1.0009909162793276 0.9956285003531861 0.00436925756885556 -0.030824192971078985 3.07
0.304 0.022 0.57868 0.0000742 0.0025000 3.305 normal 1.0026122943534137 1.0059905691985036 0.0007278105140551683 1.0012687215198004 0.9986995671075972 0.00518685099835449 -0.03105520818602741 2.76
0.304 0.022 0.57868 0.0000742 0.0025000 3.636 normal 1.0028918725690317 1.0057582955695457 0.0007939770000647676 1.0010663971765315 0.9998994188842931 0.005427242564820342 -0.030000438403974018 2.40
0.304 0.022 0.57868 0.0000742 0.0025000 6.280 normal 1.0030734867362197 1.005909486564967 -0.0008550276031070059 1.0022762543103136 0.974051583764218 -0.0024326857625925125 -0.0026170990759323606 6.93
0.304 0.022 0.57868 0.0000742 0.0025000 5.949 normal 1.0026127292581808 1.0063130193111676 -0.0006497067800139643 1.003563987467986 0.9767796341948856 -0.0013686310627428738 -0.009018331198998683 5.56
0.304 0.022 0.57868 0.0000742 0.0025000 5.619 normal 1.0013728788269902 1.006884288774731 -0.00040309159876982187 1.0046129012999763 0.9814449193607672 0.001286937811511474 -0.017126533283993536 4.23
0.304 0.022 0.57868 0.0000742 0.0025000 4.958 normal 1.0004315133040005 1.006570297229099 0.00011833825835954165 1.00165601597943 0.9913693237838442 0.0020261728165958887 -0.027071438441261104 2.53
0.304 0.022 0.57868 0.0000742 0.0025000 5.288 normal 1.0014558990433562 1.0075882887512402 0.00017609121511000833 1.0015338840113024 0.986475019552026 -0.00015221938338964811 -0.026370812975169862 3.22
0.304 0.022 0.57868 0.0000742 0.0025000 4.297 normal 1.001895986663545 1.0055574344214333 0.0006078521635729403 1.0011944217847222 0.9986349636165591 0.0043285145232676275 -0.027099868528441186 2.07
0.304 0.022 0.57868 0.0000742 0.0025000 3.966 normal 1.0025336968573668 1.00552320427781 0.0007495397811940587 1.0011628494801323 0.9999056877070529 0.005108329154033141 -0.028734930918716997 2.15
0.304 0.022 0.57868 0.0000742 0.0025000 4.627 normal 1.0015377916687698 1.0060179847748616 0.00039491478006683037 1.0011573483333518 0.995541805288395 0.003247493904291804 -0.025565033349753453 2.16
0.304 0.022 0.59974 0.0000742 0.0025000 0.000 normal 1.0028819838544618 1.0117529712948883 -0.0002938074211615366 1.0049423592086186 0.9734102997778076 0.000709059064997338 -0.03724223270712795 9.13
0.304 0.022 0.59974 0.0000742 0.0025000 0.992 normal 1.0019694885811818 1.0119438942683272 -0.0005304818570452203 1.0061557053732375 0.970909474670541 0.00032251807077778217 -0.03448554132731018 9.75
0.304 0.022 0.59974 0.0000742 0.0025000 0.661 normal 1.0023716849301165 1.0116212160949003 -0.0005662114694874627 1.0068450316213349 0.9701005720420643 0.0007568177115637089 -0.032197842355207326 10.05
0.304 0.022 0.59974 0.0000742 0.0025000 1.322 normal 1.0028458515798695 1.012533140665756 -3.238792945217856e-05 1.0047693595642826 0.9733221325941509 0.0005421757004594717 -0.04031825681790154 9.11
0.304 0.022 0.59974 0.0000742 0.0025000 0.331 normal 1.0022114285626267 1.011564234965239 -0.0005055206815202989 1.006712397459642 0.9709689638202933 5.09622515203125e-05 -0.03326489881753173 9.84
0.304 0.022 0.59974 0.0000742 0.0025000 1.653 normal 1.0022296224126626 1.0132284574019241 0.000163387140812451 1.0030489411137522 0.9771081002913774 0.0016915806836571418 -0.046321903300654964 8.37
0.304 0.022 0.59974 0.0000742 0.0025000 2.314 normal 1.0005985566272426 1.0106697970021832 -0.0001499107097838223 1.0026739092364478 0.9868741523411975 0.004921827033209745 -0.04792594131602254 7.17
0.304 0.022 0.59974 0.0000742 0.0025000 1.983 normal 1.0010821667853604 1.011884467232126 -8.474994199942815e-05 1.002823980715143 0.9817919275001501 0.003159206396823209 -0.04735789390854783 7.72
0.304 0.022 0.59974 0.0000742 0.0025000 3.636 normal 1.0059334240587636 1.009459503884074 0.00132545214895818 1.0010728774695765 0.999790579200438 0.008908561656607375 -0.04503427646813612 5.27
0.304 0.022 0.59974 0.0000742 0.0025000 2.644 normal 1.0043147246143707 1.010911516121405 0.0008205693649781529 1.0015433555927697 0.9917846207564935 0.006560021559063384 -0.04699354732022609 6.69
0.304 0.022 0.59974 0.0000742 0.0025000 4.958 normal 1.0026922212883844 1.009581950333132 0.0005986571822920196 1.0025416808859204 0.9916927369100178 0.0053013426691298875 -0.041511055176938455 5.24
0.304 0.022 0.59974 0.0000742 0.0025000 4.297 normal 1.0045433290407606 1.008945530702249 0.001127798761357899 1.0012427030584818 0.9989567417329103 0.006027146896571149 -0.04255325794367563 4.86
0.304 0.022 0.59974 0.0000742 0.0025000 3.305 normal 1.0053388142653408 1.009370770047573 0.0012635930810376552 1.001664875861485 0.9990487550196923 0.00869274401387199 -0.04645489397371722 5.88
0.304 0.022 0.59974 0.0000742 0.0025000 2.975 normal 1.0050269716539295 1.0100260485440467 0.0010887049199618283 1.0017234555345953 0.9959952295214529 0.007877938342251648 -0.046819303343830235 6.29
0.304 0.022 0.59974 0.0000742 0.0025000 3.966 normal 1.0049837148121434 1.0087855859147346 0.0012351508143517121 1.002294468131645 0.9997992648627498 0.00855069655881667 -0.0452058669817999 4.90
0.304 0.022 0.59974 0.0000742 0.0025000 4.627 normal 1.0036006863087679 1.0089489116215289 0.0009076766550421569 1.0023822695712687 0.9958670313151137 0.0065858208291419 -0.04183297088712745 4.87
0.304 0.022 0.59974 0.0000742 0.0025000 6.280 normal 1.0028752353950348 1.011758410922421 -0.00028698865859119667 1.0049505903303337 0.9734470768033504 0.0007188515111941625 -0.0373263964241588 9.12
0.304 0.022 0.62079 0.0000742 0.0025000 0.661 normal 1.0019367955697513 1.0163829178625137 -0.00026155272177872735 1.0051201274885544 0.9708698404286059 0.0038830728206688636 -0.0679470040467807 15.06
0.304 0.022 0.62079 0.0000742 0.0025000 0.000 normal 1.0011600966136887 1.0156301587931935 -0.0007008944641285705 1.0045335619298272 0.974144960143084 0.00478973490210529 -0.060726574280874794 14.14
0.304 0.022 0.62079 0.0000742 0.0025000 0.331 normal 1.0017021496652254 1.0164998425426666 -0.0004265031740960847 1.0050606002934594 0.9717235553398558 0.004149780054353491 -0.061687597397390534 14.83
0.304 0.022 0.62079 0.0000742 0.0025000 0.992 normal 1.001798977115826 1.016899563036871 -0.0003947579530897073 1.004573704989745 0.9717059161706506 0.004084396025759558 -0.062647177885045 14.83
0.304 0.022 0.59974 0.0000742 0.0025000 5.619 normal 1.0011716116065097 1.0110551258183602 -0.0002239572795716892 1.0031320239578416 0.9818269226355483 0.0027494179005071204 -0.04095120629511113 7.00
0.304 0.022 0.59974 0.0000742 0.0025000 5.288 normal 1.0001444712805287 1.0095915969732037 -0.00018773638727132767 1.0036517331777346 0.9868397731351162 0.003992170252643561 -0.04334900494494237 6.00
0.304 0.022 0.59974 0.0000742 0.0025000 5.949 normal 1.0021072751933748 1.012167814541147 -0.00012478759033308944 1.0033542074720343 0.9772031147110632 0.0016425305700088675 -0.042472281409280915 8.10
0.304 0.022 0.62079 0.0000742 0.0025000 1.322 normal 1.0012775209486442 1.0163968033398467 -0.0004580646903114941 1.004393514910181 0.9741016077683606 0.0047889061797746855 -0.06345828354355283 14.35
0.304 0.022 0.62079 0.0000742 0.0025000 2.975 normal 1.0085716962442135 1.0139449218755274 0.001769390949684781 1.0022838018037477 0.9965886061371653 0.012288219709436568 -0.06575930404681228 11.77
0.304 0.022 0.62079 0.0000742 0.0025000 2.314 normal 1.0051742403284452 1.0135204363372732 0.0011751217095794116 1.0043921813615615 0.9875517504247896 0.004233273387231488 -0.0745387765620483 12.67
0.304 0.022 0.62079 0.0000742 0.0025000 3.305 normal 1.0086401207672064 1.0130028544798653 0.0019414728882068814 1.0028656702043004 0.9996175018807637 0.013093780641807436 -0.06620897751181622 11.29
0.304 0.022 0.62079 0.0000742 0.0025000 1.653 normal 1.0003837484898495 1.015372671922661 -0.0006062330852287571 1.0042292795111598 0.9778540746679859 0.005991692558865016 -0.06520881126078014 13.75
0.304 0.022 0.62079 0.0000742 0.0025000 1.983 normal 1.0023316992355868 1.0148691348737113 0.0001164769448928348 1.0045874740420189 0.9824953083970828 0.007561558643217899 -0.06667170616323433 13.14
0.304 0.022 0.62079 0.0000742 0.0025000 3.636 normal 1.0093096797322738 1.013128506502586 0.0020000358437346037 1.0027433186903472 0.999604435078197 0.013289667130380767 -0.06590913924189934 10.17
0.304 0.022 0.62079 0.0000742 0.0025000 2.644 normal 1.0075339589395367 1.0143177679010715 0.0015031597629998165 1.0031645394050082 0.9924269263761715 0.010966957072889503 -0.0671280485058724 12.19
0.304 0.022 0.62079 0.0000742 0.0025000 6.280 normal 1.0011545439696508 1.0156243751544807 -0.0006977583909480077 1.0045567943890519 0.9741724221017465 0.004796182256363149 -0.060517585447722344 14.13
0.304 0.022 0.62079 0.0000742 0.0025000 5.949 normal 1.0003728048255267 1.0144023458419469 -0.0006947981941467589 1.0056602309155938 0.977901104500409 0.0051518725776162335 -0.062403165774768454 13.11
0.304 0.022 0.62079 0.0000742 0.0025000 4.627 normal 1.0065125845839062 1.0125248712123918 0.0015657796473838976 1.0039017641256818 0.9964320737683835 0.010835028963052119 -0.06335496417402575 9.72
0.304 0.022 0.62079 0.0000742 0.0025000 5.619 normal 1.0017039000936645 1.013909527595404 -0.0002530786978024253 1.0042445581562216 0.9824902034538683 0.0068565988784865155 -0.059851307675389244 11.89
0.304 0.022 0.62079 0.0000742 0.0025000 3.966 normal 1.0083478562957422 1.0125734223628895 0.0019451180000597868 1.00340742411257 0.9996186635374698 0.012897488326489846 -0.06656191415227083 9.67
0.304 0.022 0.62079 0.0000742 0.0025000 4.958 normal 1.0062519615884746 1.0133593845154767 0.0012973522452623093 1.003363772398784 0.9922793531338369 0.009495842556949489 -0.05993031161726121 10.03
0.304 0.022 0.62079 0.0000742 0.0025000 4.297 normal 1.0070813374452323 1.0122966622908869 0.0017917054489747077 1.003337920460753 0.9994968530523288 0.012025312949002664 -0.06330442484566974 9.80
0.304 0.022 0.62079 0.0000742 0.0025000 5.288 normal 1.0048166169143118 1.013958210097571 0.0008416042471014771 1.0038875833663965 0.9874652018678224 0.008137118717513553 -0.05988018779929621 10.79
0.304 0.022 0.64184 0.0000742 0.0025000 0.331 normal 1.001482577250941 1.018291919804186 -0.0009164552453559424 1.0076661125632507 0.9727689503551652 0.009172230311176458 -0.0871341195375556 22.90
0.304 0.022 0.64184 0.0000742 0.0025000 0.661 normal 1.0008492262647763 1.0189280607713276 -0.0009163090083137471 1.0067542768640845 0.9719399227260967 0.008945597422164301 -0.08844501154270663 23.20
0.304 0.022 0.64184 0.0000742 0.0025000 0.992 normal 1.001322319023415 1.018860238188138 -0.0006247802669700922 1.007342843128305 0.9727619094892749 0.009191940278096907 -0.09127799228384559 23.07
0.304 0.022 0.64184 0.0000742 0.0025000 2.314 normal 1.0101250874393353 1.0190503966412825 0.0019998245689461106 1.0051705191273348 0.9884755584054982 0.014592009267940518 -0.09105817301335949 21.25
0.304 0.022 0.64184 0.0000742 0.0025000 1.653 normal 1.0057002308787948 1.0203253707548148 0.0006765678704132725 1.005320454079963 0.9788799186654656 0.011208893109055432 -0.08787091581241874 22.09
0.304 0.022 0.64184 0.0000742 0.0025000 1.983 normal 1.009231413470862 1.020399510833683 0.0016571455457137852 1.0044314230161984 0.9835077149729597 0.012826982966872175 -0.08877526614718062 21.60
0.304 0.022 0.64184 0.0000742 0.0025000 1.322 normal 1.0029632230421488 1.0201537830808574 -0.00023570918265548597 1.0054911255912702 0.9751566068284413 0.00995365534927071 -0.08629355511307131 22.63
0.304 0.022 0.64184 0.0000742 0.0025000 0.000 normal 1.003067316926791 1.0192748918297956 -0.0004087025162490958 1.0059010059466125 0.9751684592669141 0.009793893723888579 -0.08231169154501645 22.09
0.304 0.022 0.64184 0.0000742 0.0025000 2.644 normal 1.0115697220984798 1.019143784882391 0.002327252465562603 1.0038853256534814 0.9933059664057816 0.016268174817732347 -0.08917767977553635 20.90
0.304 0.022 0.64184 0.0000742 0.0025000 3.966 normal 1.0133978163583888 1.017742048511392 0.0027550465901015958 1.0038667101526324 0.9993622962377622 0.018134694735134693 -0.08779408785961468 17.25
0.304 0.022 0.64184 0.0000742 0.0025000 4.958 normal 1.0101766962024028 1.0178171567222667 0.002093048075821527 1.0043263750910831 0.9931110433893932 0.014596492962835475 -0.08205715650525407 17.86
0.304 0.022 0.64184 0.0000742 0.0025000 3.636 normal 1.013868036676975 1.018043985994736 0.002814658552213172 1.003809096087351 0.999344438602711 0.01856033395171444 -0.08923243730807026 17.93
0.304 0.022 0.64184 0.0000742 0.0025000 3.305 normal 1.012710156127604 1.017497628593775 0.002760969483163456 1.0043904058684452 0.9998574232610664 0.018390897572688823 -0.09088429346194606 19.63
0.304 0.022 0.64184 0.0000742 0.0025000 4.627 normal 1.0106728420101652 1.0172205416302758 0.0023668222853906948 1.0042619897702816 0.997240218466283 0.015987918974948234 -0.08335644517549386 17.63
0.304 0.022 0.64184 0.0000742 0.0025000 4.297 normal 1.0116835913000437 1.0168076684678313 0.002597070174324383 1.0042458612849707 0.9999085946475874 0.017222711595865667 -0.08587778699752285 17.70
0.304 0.022 0.64184 0.0000742 0.0025000 2.975 normal 1.0127276600126003 1.0183270019161912 0.0025928574315459666 1.0034493603644967 0.9974417388284944 0.017599181348097473 -0.0889933212947807 20.48
0.304 0.022 0.64184 0.0000742 0.0025000 5.949 normal 1.0053985010475046 1.0191704204813172 0.0003785308396603557 1.0056330795608435 0.9788741491876288 0.010727210080124554 -0.08192353514801776 20.94
0.304 0.022 0.66289 0.0000742 0.0025000 0.992 normal 1.009361792121412 1.0257000017624065 0.0010641795279174757 1.0069834923031762 0.9741381229432072 0.015219627233456197 -0.11055258668167663 35.18
0.304 0.022 0.64184 0.0000742 0.0025000 6.280 normal 1.0030841059060325 1.0182855491818628 -0.00011691706008328982 1.0074148961537235 0.9751962009309361 0.009801162866453252 -0.0895609592113563 22.11
0.304 0.022 0.64184 0.0000742 0.0025000 5.619 normal 1.0082292048852908 1.0190023448381729 0.0013883669212869608 1.0055923369101947 0.983420182060106 0.011880620183206804 -0.08174314184650448 19.66
0.304 0.022 0.64184 0.0000742 0.0025000 5.288 normal 1.0074878441325201 1.019668859252033 0.001272112909282974 1.002956395837801 0.9883459319102792 0.012038768638648957 -0.08078058658263162 18.64
0.304 0.022 0.66289 0.0000742 0.0025000 0.661 normal 1.0088074412213837 1.025648682289812 0.0007466980687322948 1.0074436043982185 0.973298835813431 0.01476052628293223 -0.10793106437493438 35.21
0.304 0.022 0.66289 0.0000742 0.0025000 0.331 normal 1.0093790686096205 1.0253721964280245 0.0010222077934250824 1.0072375605154729 0.9741153730077196 0.015111031812721686 -0.10811168536336883 34.82
0.304 0.022 0.66289 0.0000742 0.0025000 0.000 normal 1.010910439037779 1.0254805677033672 0.001378034305497444 1.0062048193589785 0.9764744350912894 0.01571097322880688 -0.1058054786554231 33.97
0.304 0.022 0.66289 0.0000742 0.0025000 2.314 normal 1.0156348738693366 1.0248296887953245 0.002966208828443679 1.0054209110163381 0.9896816558132443 0.020775424973288995 -0.11412905196977065 34.16
0.304 0.022 0.66289 0.0000742 0.0025000 1.653 normal 1.0137028421503815 1.0261189173216014 0.0023044753254654344 1.0061141123325694 0.9801804760071261 0.01732780922455334 -0.11168299578031174 34.60
0.304 0.022 0.66289 0.0000742 0.0025000 2.975 normal 1.016752018163402 1.0234316336837215 0.0034222876586885906 1.0055568341364707 0.9985088764388282 0.023781974490760707 -0.1155016316406922 33.55
0.304 0.022 0.66289 0.0000742 0.0025000 2.644 normal 1.0161704217025973 1.0238714010268113 0.003291373727552611 1.0060618201331457 0.994451798914549 0.022460728361294573 -0.11622014269980385 33.94
0.304 0.022 0.66289 0.0000742 0.0025000 3.636 normal 1.0191142098930335 1.0231705794254504 0.0037670342969509806 1.0062217533979847 0.9990098019695866 0.024715202061334554 -0.11793413952747185 29.49
0.304 0.022 0.66289 0.0000742 0.0025000 1.983 normal 1.0143926541497632 1.025310034318281 0.002621741961310255 1.0060753932026656 0.984741797032208 0.018978249927345498 -0.11332467970024299 34.36
0.304 0.022 0.66289 0.0000742 0.0025000 3.305 normal 1.0187485852673137 1.023504358246687 0.003716355179124017 1.005054755584874 0.9995141584037903 0.024561348275765737 -0.11565894306169226 31.63
0.304 0.022 0.66289 0.0000742 0.0025000 1.322 normal 1.0110560312633134 1.0260211386237819 0.0016721038483642977 1.0067093177102153 0.9764987619808162 0.016029816965163316 -0.1113459627071709 34.93
0.304 0.022 0.66289 0.0000742 0.0025000 4.958 normal 1.0136800775382484 1.0230190038546987 0.002853947251273692 1.0055125779195042 0.9941960501952302 0.020599862689657383 -0.10752208450583887 29.82
0.304 0.022 0.66289 0.0000742 0.0025000 5.949 normal 1.0132110509368475 1.0252777909866657 0.0021722225795658247 1.006350029831131 0.9801289790893027 0.016641478252648518 -0.10551020116469517 32.77
0.304 0.022 0.66289 0.0000742 0.0025000 4.627 normal 1.0146114168950024 1.0216399413633697 0.003188271814687248 1.0070777538214273 0.9982701183427097 0.022031190911373278 -0.11160482907940021 29.74
0.304 0.022 0.66289 0.0000742 0.0025000 5.619 normal 1.0137249906584012 1.0241998881380592 0.002458987601062214 1.006473017993299 0.9846213389736904 0.017810224490006542 -0.10665298725652995 31.52
0.304 0.022 0.66289 0.0000742 0.0025000 4.297 normal 1.015022602775577 1.0215230965073714 0.0029086855142731283 1.0062598718091869 0.9995737661519735 0.023308384406978248 -0.11421368901307932 29.15
0.304 0.022 0.66289 0.0000742 0.0025000 3.966 normal 1.018738166457768 1.0226881218858028 0.0037027919182772277 1.0056937524054037 0.9990304733378135 0.02425629370808318 -0.11664379720662162 28.61
0.304 0.022 0.66289 0.0000742 0.0025000 6.280 normal 1.0109328074184194 1.0253159127700318 0.0014527359903654417 1.0062599228961935 0.9765063825432697 0.015719955608235622 -0.10694189226046369 33.96
0.304 0.022 0.66289 0.0000742 0.0025000 5.288 normal 1.0139593087404488 1.0227072918772169 0.002626668385331617 1.0069033819428554 0.9894844992326668 0.019159400232328566 -0.10829369499512739 30.45
0.304 0.022 0.68395 0.0000742 0.0025000 0.331 normal 1.0183601936741062 1.0323435650217951 0.0029648148089910548 1.0074166920654217 0.975770956309422 0.021959862980629467 -0.13446774699046682 52.03
0.304 0.022 0.68395 0.0000742 0.0025000 1.983 normal 1.0204157658155137 1.031150692858008 0.0037257826358056897 1.0069823120896757 0.9862733514902553 0.02602303908833424 -0.14184994517161198 52.61
0.304 0.022 0.68395 0.0000742 0.0025000 0.661 normal 1.0180531000049884 1.0327855806473256 0.0029277446098777554 1.0071285197830393 0.974967578497215 0.02180554109958849 -0.13511477694754276 52.53
0.304 0.022 0.68395 0.0000742 0.0025000 0.992 normal 1.018309766748062 1.0324865044613805 0.002989892099365768 1.0076059291719086 0.9757863574776117 0.02214399074257091 -0.13668695103873255 52.69
0.304 0.022 0.68395 0.0000742 0.0025000 2.314 normal 1.0192013607565404 1.0295911718112418 0.003082306433817485 1.0059752913197995 0.9911199270035757 0.027484755639766694 -0.15046727181048597 52.74
0.304 0.022 0.68395 0.0000742 0.0025000 1.322 normal 1.0186670944193337 1.0318970198912318 0.0031539989420471173 1.0077822206716152 0.9781431795985011 0.023005491663469217 -0.13931162785645776 52.65
0.304 0.022 0.68395 0.0000742 0.0025000 0.000 normal 1.0185877627221551 1.0314363271530813 0.0030884245198781095 1.008033383573939 0.978071632570526 0.02253451926953944 -0.1345777531212829 51.12
0.304 0.022 0.68395 0.0000742 0.0025000 1.653 normal 1.019207732005063 1.0317834325151425 0.003407901032232497 1.007554395281747 0.9817699033202824 0.02434224566485686 -0.1404680025214754 52.59
0.304 0.022 0.68395 0.0000742 0.0025000 2.975 normal 1.0199597591775853 1.0275540567341712 0.003920242327600498 1.0081085633986164 0.9998158433007166 0.030837649456759503 -0.14792764845265619 52.25
0.304 0.022 0.68395 0.0000742 0.0025000 4.627 normal 1.0183391108270627 1.0267280671417363 0.0037608981145753 1.0079730350633356 0.9995486296936787 0.028958453340004495 -0.14019039289396223 47.29
0.304 0.022 0.68395 0.0000742 0.0025000 3.305 normal 1.0240150759376765 1.0283258824002295 0.0045729017245118245 1.0079284184230386 0.9990969558240186 0.0316000295557449 -0.15083816295051766 48.54
0.304 0.022 0.68395 0.0000742 0.0025000 2.644 normal 1.0219503154598928 1.029835440084709 0.004388570586965923 1.0069647752953728 0.9958095395721126 0.029519646466629062 -0.14626365489838047 52.58
0.304 0.022 0.68395 0.0000742 0.0025000 4.297 normal 1.023766923560783 1.0286931804619641 0.004620028199178222 1.0064673026679545 0.9991594764138674 0.030271180809471908 -0.14197196631519252 45.34
0.304 0.022 0.68395 0.0000742 0.0025000 3.636 normal 1.0244437521718028 1.029672605956751 0.004068493114898751 1.0056993408898167 0.9985995443063633 0.03173228808740467 -0.142191982886066 45.90
0.304 0.022 0.68395 0.0000742 0.0025000 3.966 normal 1.0233022670542726 1.0296473279308636 0.003912993147926289 1.0053707872932245 0.9986239798116487 0.031249794091607656 -0.14480893735024916 44.79
0.304 0.022 0.68395 0.0000742 0.0025000 4.958 normal 1.020459838661542 1.0292711537154962 0.00410461545023419 1.0055462606842407 0.9955180849213908 0.027487736093005158 -0.13669896155975567 47.16
0.304 0.022 0.68395 0.0000742 0.0025000 5.288 normal 1.0193929966453403 1.0291115784592817 0.003812880513981123 1.0078056001663334 0.9908778826882868 0.026011412050776245 -0.13607772471308058 47.65
0.304 0.022 0.70500 0.0000742 0.0025000 0.661 normal 1.0220247562488316 1.036885395108776 0.003682082317156055 1.011248549836329 0.9769220270862821 0.029580739694453455 -0.1718803038813706 76.60
0.304 0.022 0.70500 0.0000742 0.0025000 0.992 normal 1.0182480519700037 1.035402217188586 0.0026892218094906554 1.0116680092869497 0.9777605981924921 0.029968057363777677 -0.17582355018743678 77.02
0.304 0.022 0.68395 0.0000742 0.0025000 5.949 normal 1.0191259875734828 1.030957645383348 0.003284967145266101 1.0073356291641409 0.9816651484327196 0.023458379471528734 -0.13350778222353799 49.92
0.304 0.022 0.70500 0.0000742 0.0025000 0.331 normal 1.0235050020521237 1.0370995077899752 0.0038824014618867044 1.0112720268487967 0.9777056812976328 0.02970089532095773 -0.16884462121952643 75.94
0.304 0.022 0.68395 0.0000742 0.0025000 5.619 normal 1.014238055477458 1.0311775229215432 0.0018554820487841008 1.003556814924207 0.9860835219413523 0.022463549910390856 -0.13434215382500173 48.88
0.304 0.022 0.68395 0.0000742 0.0025000 6.280 normal 1.0185544562679825 1.0313856054930588 0.00308966381099813 1.0080879015635855 0.9780984776468192 0.02254025939909031 -0.13473115158563376 51.12
0.304 0.022 0.70500 0.0000742 0.0025000 0.000 normal 1.0241702497187337 1.0379507658656435 0.004304772166370972 1.0089743633532235 0.9799627459705337 0.030251217952585566 -0.1684427787046528 74.94
0.304 0.022 0.70500 0.0000742 0.0025000 1.983 normal 1.021546301175489 1.0356808041162868 0.0037348063250526972 1.0103765010767634 0.9880584495113153 0.0339412061229055 -0.17738741379869707 77.79
0.304 0.022 0.70500 0.0000742 0.0025000 2.314 normal 1.0269807693451567 1.0365118225805339 0.005284502373589733 1.0099780687752802 0.9928310514213295 0.0357578538224268 -0.17603096613747052 78.07
0.304 0.022 0.70500 0.0000742 0.0025000 1.653 normal 1.025508184980065 1.0376769693283798 0.004646248679222134 1.009630829611584 0.983633789591031 0.032237894290272094 -0.173284890755744 77.41
0.304 0.022 0.70500 0.0000742 0.0025000 3.305 normal 1.017719477025808 1.0305887045062718 0.001933283803218976 1.0117323255115271 0.9986015178389731 0.03949286101876519 -0.18626570239343618 71.63
0.304 0.022 0.70500 0.0000742 0.0025000 3.636 normal 1.0166586244638562 1.029992884541956 0.0014608506230959285 1.011759889982835 0.9981175570503134 0.03960215659370085 -0.18565306185620895 68.51
0.304 0.022 0.70500 0.0000742 0.0025000 2.644 normal 1.0282603797066607 1.035252614714216 0.005616672162724169 1.0107804113331302 0.9974251442195562 0.03743870384373627 -0.17797578233518072 78.19
0.304 0.022 0.70500 0.0000742 0.0025000 2.975 normal 1.030246563278778 1.0347198758212672 0.005868809564124019 1.0113944629882408 0.9995466773295874 0.03874741183666725 -0.17753363239660383 76.05
0.304 0.022 0.70500 0.0000742 0.0025000 1.322 normal 1.0244675145804099 1.0382496364415217 0.004392240226848426 1.0098248440625215 0.9800884957103679 0.03087269101004291 -0.17165719713740488 77.15
0.304 0.022 0.70500 0.0000742 0.0025000 4.958 normal 1.0233571540017434 1.0332050434134872 0.00454880317817554 1.0103164536842533 0.997094817202236 0.03525046820399404 -0.17204639023974455 71.27
0.304 0.022 0.70500 0.0000742 0.0025000 5.619 normal 1.0229000375178854 1.0352617492415381 0.004158082864085254 1.0099597966936962 0.9878222842824853 0.032356511673888616 -0.1686931827487758 72.50
0.304 0.022 0.70500 0.0000742 0.0025000 5.288 normal 1.0228561567888057 1.0338126162872414 0.004325290427605624 1.010647492269592 0.9925244809687676 0.03374811048618767 -0.17106623014397054 71.60
0.304 0.022 0.70500 0.0000742 0.0025000 4.297 normal 1.0194074970602054 1.0311226937679063 0.0026531467509219595 1.0109776257787675 0.9986732028233833 0.038089676429750474 -0.1798446910358377 67.63
0.304 0.022 0.70500 0.0000742 0.0025000 4.627 normal 1.0111362386013407 1.0284680520584533 0.0006883911362161732 1.0103057761112635 0.999649931975912 0.036751368533495164 -0.17695818536037947 70.51
0.304 0.022 0.70500 0.0000742 0.0025000 5.949 normal 1.0250300582294103 1.0368021659704163 0.0044965510341227425 1.0090281209518464 0.9834832347529406 0.031165760930931083 -0.1660979148363338 73.70
0.304 0.022 0.70500 0.0000742 0.0025000 3.966 normal 1.031857530915459 1.0350169309808528 0.005874301752710557 1.011491358233739 0.9981426388585215 0.03909993022066162 -0.17854559290901112 66.94
0.304 0.022 0.70500 0.0000742 0.0025000 6.280 normal 1.0240362972588701 1.0359723232068814 0.00430611710129736 1.0146080019095065 0.9799869330137131 0.030257816133047344 -0.17220475707194052 75.02
