Sin2Theta12 Sin2Theta13 Sin2Theta23 Dm221 Dm231 dCP Ordering X2 
0.304 0.022 0.305 7.42e-05 0.0025 2.9747368421052633 normal 119.82910267173577
0.304 0.022 0.305 7.42e-05 0.0025 5.28842105263158 normal 134.83247275139053
0.304 0.022 0.305 7.42e-05 0.0025 0.0 normal 147.7647653899842
0.304 0.022 0.305 7.42e-05 0.0025 0.3305263157894737 normal 148.5920837347889
0.304 0.022 0.305 7.42e-05 0.0025 1.6526315789473687 normal 133.10872833850402
0.304 0.022 0.32605263157894737 7.42e-05 0.0025 0.9915789473684211 normal 98.5099433004929
0.304 0.022 0.305 7.42e-05 0.0025 0.9915789473684211 normal 143.3928642354914
0.304 0.022 0.305 7.42e-05 0.0025 2.64421052631579 normal 121.44125921746465
0.304 0.022 0.305 7.42e-05 0.0025 0.6610526315789474 normal 147.02179268194274
0.304 0.022 0.305 7.42e-05 0.0025 5.618947368421053 normal 140.0740936843073
0.304 0.022 0.305 7.42e-05 0.0025 3.635789473684211 normal 119.44990360251046
0.304 0.022 0.32605263157894737 7.42e-05 0.0025 0.0 normal 101.81362271735266
0.304 0.022 0.305 7.42e-05 0.0025 3.9663157894736845 normal 120.53319521710844
0.304 0.022 0.305 7.42e-05 0.0025 1.9831578947368422 normal 128.19637836705118
0.304 0.022 0.305 7.42e-05 0.0025 4.6273684210526325 normal 125.65889932008194
0.304 0.022 0.305 7.42e-05 0.0025 1.322105263157895 normal 138.44761313647209
0.304 0.022 0.32605263157894737 7.42e-05 0.0025 0.6610526315789474 normal 101.4978302550916
0.304 0.022 0.32605263157894737 7.42e-05 0.0025 0.3305263157894737 normal 102.69039646357865
0.304 0.022 0.305 7.42e-05 0.0025 4.296842105263158 normal 122.56360264312278
0.304 0.022 0.305 7.42e-05 0.0025 5.949473684210527 normal 144.67785754155003
0.304 0.022 0.305 7.42e-05 0.0025 3.3052631578947373 normal 119.19213674732538
0.304 0.022 0.305 7.42e-05 0.0025 6.28 normal 147.74633581897547
0.304 0.022 0.305 7.42e-05 0.0025 4.957894736842106 normal 129.83356651283663
0.304 0.022 0.305 7.42e-05 0.0025 2.3136842105263162 normal 124.22387450027813
0.304 0.022 0.32605263157894737 7.42e-05 0.0025 1.9831578947368422 normal 85.77194678916237
0.304 0.022 0.34710526315789475 7.42e-05 0.0025 0.0 normal 68.13232585566837
0.304 0.022 0.32605263157894737 7.42e-05 0.0025 2.3136842105263162 normal 82.51663086525484
0.304 0.022 0.32605263157894737 7.42e-05 0.0025 6.28 normal 101.79305047315763
0.304 0.022 0.34710526315789475 7.42e-05 0.0025 0.3305263157894737 normal 69.04568428070058
0.304 0.022 0.32605263157894737 7.42e-05 0.0025 3.635789473684211 normal 78.79482207293444
0.304 0.022 0.32605263157894737 7.42e-05 0.0025 2.9747368421052633 normal 79.05420653083729
0.304 0.022 0.32605263157894737 7.42e-05 0.0025 1.322105263157895 normal 94.36821802364062
0.304 0.022 0.34710526315789475 7.42e-05 0.0025 1.9831578947368422 normal 55.13415773054164
0.304 0.022 0.32605263157894737 7.42e-05 0.0025 5.618947368421053 normal 95.0785022506684
0.304 0.022 0.32605263157894737 7.42e-05 0.0025 3.3052631578947373 normal 78.59556540066937
0.304 0.022 0.34710526315789475 7.42e-05 0.0025 0.6610526315789474 normal 68.18747982875448
0.304 0.022 0.32605263157894737 7.42e-05 0.0025 1.6526315789473687 normal 89.88412481515425
0.304 0.022 0.32605263157894737 7.42e-05 0.0025 4.6273684210526325 normal 83.39640877646953
0.304 0.022 0.32605263157894737 7.42e-05 0.0025 5.28842105263158 normal 90.707332911994
0.304 0.022 0.32605263157894737 7.42e-05 0.0025 2.64421052631579 normal 80.29607584858095
0.304 0.022 0.32605263157894737 7.42e-05 0.0025 5.949473684210527 normal 99.05440258599268
0.304 0.022 0.34710526315789475 7.42e-05 0.0025 1.322105263157895 normal 62.31508977260874
0.304 0.022 0.32605263157894737 7.42e-05 0.0025 4.296842105263158 normal 81.07389820883316
0.304 0.022 0.32605263157894737 7.42e-05 0.0025 4.957894736842106 normal 86.6500077249811
0.304 0.022 0.32605263157894737 7.42e-05 0.0025 3.9663157894736845 normal 79.57546040415826
0.304 0.022 0.34710526315789475 7.42e-05 0.0025 0.9915789473684211 normal 65.75872883427708
0.304 0.022 0.34710526315789475 7.42e-05 0.0025 2.3136842105263162 normal 52.46080868262764
0.304 0.022 0.34710526315789475 7.42e-05 0.0025 1.6526315789473687 normal 58.5550120082498
0.304 0.022 0.34710526315789475 7.42e-05 0.0025 2.9747368421052633 normal 49.769392239367846
0.304 0.022 0.34710526315789475 7.42e-05 0.0025 3.9663157894736845 normal 50.18531866185257
0.304 0.022 0.36815789473684213 7.42e-05 0.0025 0.0 normal 44.33731141617502
0.304 0.022 0.34710526315789475 7.42e-05 0.0025 5.28842105263158 normal 58.609150198175854
0.304 0.022 0.36815789473684213 7.42e-05 0.0025 3.635789473684211 normal 29.588388708554866
0.304 0.022 0.36815789473684213 7.42e-05 0.0025 0.6610526315789474 normal 44.71655369691127
0.304 0.022 0.34710526315789475 7.42e-05 0.0025 5.618947368421053 normal 62.224604941681044
0.304 0.022 0.36815789473684213 7.42e-05 0.0025 0.9915789473684211 normal 42.76129870622439
0.304 0.022 0.34710526315789475 7.42e-05 0.0025 4.957894736842106 normal 55.38301874122816
0.304 0.022 0.34710526315789475 7.42e-05 0.0025 4.6273684210526325 normal 52.90610823982186
0.304 0.022 0.34710526315789475 7.42e-05 0.0025 3.3052631578947373 normal 49.477674874575754
0.304 0.022 0.36815789473684213 7.42e-05 0.0025 3.3052631578947373 normal 29.439543456676997
0.304 0.022 0.36815789473684213 7.42e-05 0.0025 2.64421052631579 normal 30.281445585609227
0.304 0.022 0.36815789473684213 7.42e-05 0.0025 2.9747368421052633 normal 29.609472911776024
0.304 0.022 0.34710526315789475 7.42e-05 0.0025 5.949473684210527 normal 65.64585701893432
0.304 0.022 0.34710526315789475 7.42e-05 0.0025 4.296842105263158 normal 51.225015454194576
0.304 0.022 0.36815789473684213 7.42e-05 0.0025 0.3305263157894737 normal 45.28897394670312
0.304 0.022 0.36815789473684213 7.42e-05 0.0025 2.3136842105263162 normal 31.68399234137863
0.304 0.022 0.34710526315789475 7.42e-05 0.0025 2.64421052631579 normal 50.7049067379129
0.304 0.022 0.34710526315789475 7.42e-05 0.0025 3.635789473684211 normal 49.63731906838454
0.304 0.022 0.34710526315789475 7.42e-05 0.0025 6.28 normal 68.1139720645796
0.304 0.022 0.36815789473684213 7.42e-05 0.0025 1.9831578947368422 normal 33.88290311175737
0.304 0.022 0.36815789473684213 7.42e-05 0.0025 1.6526315789473687 normal 36.750524693152855
0.304 0.022 0.36815789473684213 7.42e-05 0.0025 1.322105263157895 normal 39.9085995754817
0.304 0.022 0.38921052631578945 7.42e-05 0.0025 3.9663157894736845 normal 16.733324828588856
0.304 0.022 0.36815789473684213 7.42e-05 0.0025 4.6273684210526325 normal 31.7935027865055
0.304 0.022 0.38921052631578945 7.42e-05 0.0025 0.6610526315789474 normal 28.946985698643168
0.304 0.022 0.38921052631578945 7.42e-05 0.0025 0.3305263157894737 normal 29.276027284054994
0.304 0.022 0.38921052631578945 7.42e-05 0.0025 0.0 normal 28.28969013767972
0.304 0.022 0.36815789473684213 7.42e-05 0.0025 5.618947368421053 normal 39.153465640472604
0.304 0.022 0.38921052631578945 7.42e-05 0.0025 2.9747368421052633 normal 16.428438022374806
0.304 0.022 0.38921052631578945 7.42e-05 0.0025 1.9831578947368422 normal 19.887042293858578
0.304 0.022 0.36815789473684213 7.42e-05 0.0025 4.957894736842106 normal 33.62637644309033
0.304 0.022 0.36815789473684213 7.42e-05 0.0025 5.28842105263158 normal 36.15939921360183
0.304 0.022 0.36815789473684213 7.42e-05 0.0025 3.9663157894736845 normal 29.95630037326841
0.304 0.022 0.38921052631578945 7.42e-05 0.0025 4.957894736842106 normal 19.225060069990775
0.304 0.022 0.36815789473684213 7.42e-05 0.0025 4.296842105263158 normal 30.633888172268094
0.304 0.022 0.36815789473684213 7.42e-05 0.0025 5.949473684210527 normal 42.08917838198856
0.304 0.022 0.38921052631578945 7.42e-05 0.0025 3.3052631578947373 normal 16.354038694966015
0.304 0.022 0.38921052631578945 7.42e-05 0.0025 2.3136842105263162 normal 18.047438384832784
0.304 0.022 0.38921052631578945 7.42e-05 0.0025 4.6273684210526325 normal 17.904238119540345
0.304 0.022 0.38921052631578945 7.42e-05 0.0025 2.64421052631579 normal 16.92565255662253
0.304 0.022 0.38921052631578945 7.42e-05 0.0025 3.635789473684211 normal 16.487760759955975
0.304 0.022 0.38921052631578945 7.42e-05 0.0025 4.296842105263158 normal 17.145769912964564
0.304 0.022 0.38921052631578945 7.42e-05 0.0025 1.6526315789473687 normal 22.318320011364342
0.304 0.022 0.38921052631578945 7.42e-05 0.0025 1.322105263157895 normal 24.995174203702135
0.304 0.022 0.38921052631578945 7.42e-05 0.0025 0.9915789473684211 normal 27.385331012904555
0.304 0.022 0.36815789473684213 7.42e-05 0.0025 6.28 normal 44.31917522136326
0.304 0.022 0.41026315789473683 7.42e-05 0.0025 1.9831578947368422 normal 11.251732658716405
0.304 0.022 0.41026315789473683 7.42e-05 0.0025 3.9663157894736845 normal 8.63533721900399
0.304 0.022 0.41026315789473683 7.42e-05 0.0025 4.296842105263158 normal 8.859915273338466
0.304 0.022 0.41026315789473683 7.42e-05 0.0025 4.6273684210526325 normal 9.319501026907025
0.304 0.022 0.41026315789473683 7.42e-05 0.0025 2.9747368421052633 normal 8.355803981430785
0.304 0.022 0.41026315789473683 7.42e-05 0.0025 4.957894736842106 normal 10.261743259844515
0.304 0.022 0.38921052631578945 7.42e-05 0.0025 6.28 normal 28.274511676249798
0.304 0.022 0.41026315789473683 7.42e-05 0.0025 1.322105263157895 normal 15.688814334028905
0.304 0.022 0.41026315789473683 7.42e-05 0.0025 1.6526315789473687 normal 13.37699126372161
0.304 0.022 0.41026315789473683 7.42e-05 0.0025 0.6610526315789474 normal 18.96858211018094
0.304 0.022 0.41026315789473683 7.42e-05 0.0025 0.3305263157894737 normal 19.104946868118027
0.304 0.022 0.38921052631578945 7.42e-05 0.0025 5.949473684210527 normal 26.230453372754734
0.304 0.022 0.38921052631578945 7.42e-05 0.0025 5.618947368421053 normal 23.677774186889764
0.304 0.022 0.41026315789473683 7.42e-05 0.0025 0.9915789473684211 normal 17.716164642916088
0.304 0.022 0.41026315789473683 7.42e-05 0.0025 0.0 normal 18.080798096957782
0.304 0.022 0.38921052631578945 7.42e-05 0.0025 5.28842105263158 normal 21.198011201909516
0.304 0.022 0.41026315789473683 7.42e-05 0.0025 2.64421052631579 normal 8.726041494542292
0.304 0.022 0.41026315789473683 7.42e-05 0.0025 6.28 normal 18.066171553590053
0.304 0.022 0.41026315789473683 7.42e-05 0.0025 2.3136842105263162 normal 9.661083822865574
0.304 0.022 0.41026315789473683 7.42e-05 0.0025 3.3052631578947373 normal 8.343163596349008
0.304 0.022 0.41026315789473683 7.42e-05 0.0025 5.949473684210527 normal 16.15864870103541
0.304 0.022 0.41026315789473683 7.42e-05 0.0025 5.28842105263158 normal 11.813222392684178
0.304 0.022 0.41026315789473683 7.42e-05 0.0025 3.635789473684211 normal 8.480207136796023
0.304 0.022 0.41026315789473683 7.42e-05 0.0025 5.618947368421053 normal 13.898860731948469
0.304 0.022 0.4313157894736842 7.42e-05 0.0025 4.6273684210526325 normal 4.430401580729702
0.304 0.022 0.4313157894736842 7.42e-05 0.0025 3.9663157894736845 normal 4.062567592476254
0.304 0.022 0.4313157894736842 7.42e-05 0.0025 0.6610526315789474 normal 13.159823432423067
0.304 0.022 0.4313157894736842 7.42e-05 0.0025 5.28842105263158 normal 6.377079987919622
0.304 0.022 0.4313157894736842 7.42e-05 0.0025 0.0 normal 12.07359280224229
0.304 0.022 0.4313157894736842 7.42e-05 0.0025 3.3052631578947373 normal 3.8337300267843997
0.304 0.022 0.4313157894736842 7.42e-05 0.0025 1.9831578947368422 normal 6.388223134166344
0.304 0.022 0.4313157894736842 7.42e-05 0.0025 2.9747368421052633 normal 3.8140960404861173
0.304 0.022 0.4313157894736842 7.42e-05 0.0025 6.28 normal 12.057964340486516
0.304 0.022 0.4313157894736842 7.42e-05 0.0025 1.322105263157895 normal 10.381004621930753
0.304 0.022 0.4313157894736842 7.42e-05 0.0025 2.64421052631579 normal 4.117029342275349
0.304 0.022 0.4313157894736842 7.42e-05 0.0025 0.9915789473684211 normal 12.14953372985762
0.304 0.022 0.45236842105263153 7.42e-05 0.0025 0.3305263157894737 normal 10.031677033511446
0.304 0.022 0.4313157894736842 7.42e-05 0.0025 1.6526315789473687 normal 8.308879887103583
0.304 0.022 0.4313157894736842 7.42e-05 0.0025 0.3305263157894737 normal 13.138772290942825
0.304 0.022 0.4313157894736842 7.42e-05 0.0025 5.949473684210527 normal 10.244877174668233
0.304 0.022 0.4313157894736842 7.42e-05 0.0025 5.618947368421053 normal 8.189178851357678
0.304 0.022 0.4313157894736842 7.42e-05 0.0025 2.3136842105263162 normal 4.952598472453574
0.304 0.022 0.45236842105263153 7.42e-05 0.0025 0.9915789473684211 normal 9.331862669245876
0.304 0.022 0.4313157894736842 7.42e-05 0.0025 3.635789473684211 normal 3.9629052032619665
0.304 0.022 0.45236842105263153 7.42e-05 0.0025 0.0 normal 8.919137879211988
0.304 0.022 0.4313157894736842 7.42e-05 0.0025 4.957894736842106 normal 5.112265053907055
0.304 0.022 0.4313157894736842 7.42e-05 0.0025 4.296842105263158 normal 4.162446255368688
0.304 0.022 0.45236842105263153 7.42e-05 0.0025 0.6610526315789474 normal 10.175527504989581
0.304 0.022 0.45236842105263153 7.42e-05 0.0025 1.6526315789473687 normal 5.8126527500251655
0.304 0.022 0.47342105263157896 7.42e-05 0.0025 0.3305263157894737 normal 8.741186352565743
0.304 0.022 0.45236842105263153 7.42e-05 0.0025 2.64421052631579 normal 1.822006354882867
0.304 0.022 0.45236842105263153 7.42e-05 0.0025 3.3052631578947373 normal 1.5422603676420923
0.304 0.022 0.47342105263157896 7.42e-05 0.0025 1.322105263157895 normal 6.749636969968728
0.304 0.022 0.45236842105263153 7.42e-05 0.0025 6.28 normal 8.906207300031056
0.304 0.022 0.45236842105263153 7.42e-05 0.0025 3.9663157894736845 normal 1.7201267298895933
0.304 0.022 0.45236842105263153 7.42e-05 0.0025 1.9831578947368422 normal 4.003460389951687
0.304 0.022 0.47342105263157896 7.42e-05 0.0025 0.6610526315789474 normal 8.986050701014852
0.304 0.022 0.47342105263157896 7.42e-05 0.0025 0.0 normal 7.571379711801237
0.304 0.022 0.45236842105263153 7.42e-05 0.0025 3.635789473684211 normal 1.6555741604819574
0.304 0.022 0.47342105263157896 7.42e-05 0.0025 1.9831578947368422 normal 3.100634871139449
0.304 0.022 0.45236842105263153 7.42e-05 0.0025 2.9747368421052633 normal 1.5284390322297712
0.304 0.022 0.47342105263157896 7.42e-05 0.0025 1.6526315789473687 normal 4.889820965621833
0.304 0.022 0.45236842105263153 7.42e-05 0.0025 5.618947368421053 normal 5.190275881096838
0.304 0.022 0.45236842105263153 7.42e-05 0.0025 4.957894736842106 normal 2.445622522249465
0.304 0.022 0.45236842105263153 7.42e-05 0.0025 1.322105263157895 normal 7.737162434165415
0.304 0.022 0.45236842105263153 7.42e-05 0.0025 2.3136842105263162 normal 2.625968215219178
0.304 0.022 0.45236842105263153 7.42e-05 0.0025 4.6273684210526325 normal 1.9116524365621093
0.304 0.022 0.45236842105263153 7.42e-05 0.0025 4.296842105263158 normal 1.7523185694934607
0.304 0.022 0.47342105263157896 7.42e-05 0.0025 0.9915789473684211 normal 8.246697986253036
0.304 0.022 0.45236842105263153 7.42e-05 0.0025 5.28842105263158 normal 3.5391871214455355
0.304 0.022 0.47342105263157896 7.42e-05 0.0025 2.3136842105263162 normal 1.7172510983422242
0.304 0.022 0.45236842105263153 7.42e-05 0.0025 5.949473684210527 normal 7.131294469929438
0.304 0.022 0.4944736842105263 7.42e-05 0.0025 2.64421052631579 normal 0.6595861402472973
0.304 0.022 0.47342105263157896 7.42e-05 0.0025 2.9747368421052633 normal 0.543541447291779
0.304 0.022 0.47342105263157896 7.42e-05 0.0025 3.635789473684211 normal 0.5965972245192219
0.304 0.022 0.47342105263157896 7.42e-05 0.0025 5.28842105263158 normal 2.271528603383473
0.304 0.022 0.47342105263157896 7.42e-05 0.0025 4.957894736842106 normal 1.2418232667725215
0.304 0.022 0.47342105263157896 7.42e-05 0.0025 4.6273684210526325 normal 0.7628595170859831
0.304 0.022 0.4944736842105263 7.42e-05 0.0025 3.3052631578947373 normal 0.1339778236693147
0.304 0.022 0.47342105263157896 7.42e-05 0.0025 4.296842105263158 normal 0.6391035286991406
0.304 0.022 0.4944736842105263 7.42e-05 0.0025 0.0 normal 7.304912175053179
0.304 0.022 0.4944736842105263 7.42e-05 0.0025 1.322105263157895 normal 6.71405056147443
0.304 0.022 0.47342105263157896 7.42e-05 0.0025 2.64421052631579 normal 0.8823723699236637
0.304 0.022 0.47342105263157896 7.42e-05 0.0025 5.949473684210527 normal 5.774131266972753
0.304 0.022 0.47342105263157896 7.42e-05 0.0025 6.28 normal 7.5566731261911535
0.304 0.022 0.4944736842105263 7.42e-05 0.0025 0.6610526315789474 normal 8.861720764207135
0.304 0.022 0.47342105263157896 7.42e-05 0.0025 5.618947368421053 normal 3.863750942058466
0.304 0.022 0.4944736842105263 7.42e-05 0.0025 1.6526315789473687 normal 4.866517806238583
0.304 0.022 0.4944736842105263 7.42e-05 0.0025 0.3305263157894737 normal 8.546854047113253
0.304 0.022 0.4944736842105263 7.42e-05 0.0025 1.9831578947368422 normal 3.0330136722870336
0.304 0.022 0.4944736842105263 7.42e-05 0.0025 2.9747368421052633 normal 0.23411178410287445
0.304 0.022 0.4944736842105263 7.42e-05 0.0025 2.3136842105263162 normal 1.5854341445826439
0.304 0.022 0.47342105263157896 7.42e-05 0.0025 3.3052631578947373 normal 0.5192714571529318
0.304 0.022 0.47342105263157896 7.42e-05 0.0025 3.9663157894736845 normal 0.6360502506015997
0.304 0.022 0.4944736842105263 7.42e-05 0.0025 3.635789473684211 normal 0.1562693493677496
0.304 0.022 0.4944736842105263 7.42e-05 0.0025 0.9915789473684211 normal 8.183281033108258
0.304 0.022 0.5155263157894736 7.42e-05 0.0025 2.64421052631579 normal 0.8650376396343803
0.304 0.022 0.4944736842105263 7.42e-05 0.0025 5.618947368421053 normal 3.4926112802711224
0.304 0.022 0.4944736842105263 7.42e-05 0.0025 5.28842105263158 normal 1.8661776553116876
0.304 0.022 0.5155263157894736 7.42e-05 0.0025 0.0 normal 7.714144130705813
0.304 0.022 0.5155263157894736 7.42e-05 0.0025 4.957894736842106 normal 0.7863894202994042
0.304 0.022 0.5155263157894736 7.42e-05 0.0025 1.322105263157895 normal 7.298171026354339
0.304 0.022 0.5155263157894736 7.42e-05 0.0025 2.9747368421052633 normal 0.31384249405735787
0.304 0.022 0.5155263157894736 7.42e-05 0.0025 3.635789473684211 normal 0.04284136687070013
0.304 0.022 0.4944736842105263 7.42e-05 0.0025 6.28 normal 7.288296894373267
0.304 0.022 0.4944736842105263 7.42e-05 0.0025 4.296842105263158 normal 0.1666013633246109
0.304 0.022 0.5155263157894736 7.42e-05 0.0025 0.3305263157894737 normal 9.040787562583649
0.304 0.022 0.5155263157894736 7.42e-05 0.0025 0.9915789473684211 normal 8.773249276961375
0.304 0.022 0.5155263157894736 7.42e-05 0.0025 4.6273684210526325 normal 0.1985359967868613
0.304 0.022 0.4944736842105263 7.42e-05 0.0025 4.6273684210526325 normal 0.3044231658840275
0.304 0.022 0.4944736842105263 7.42e-05 0.0025 4.957894736842106 normal 0.8071840522898002
0.304 0.022 0.4944736842105263 7.42e-05 0.0025 5.949473684210527 normal 5.447796164845986
0.304 0.022 0.5155263157894736 7.42e-05 0.0025 2.3136842105263162 normal 1.913805854926965
0.304 0.022 0.5155263157894736 7.42e-05 0.0025 1.6526315789473687 normal 5.389776066689738
0.304 0.022 0.5155263157894736 7.42e-05 0.0025 3.3052631578947373 normal 0.10394538198996076
0.304 0.022 0.5155263157894736 7.42e-05 0.0025 4.296842105263158 normal 0.013492717011547384
0.304 0.022 0.5155263157894736 7.42e-05 0.0025 3.9663157894736845 normal 0.009608669729247517
0.304 0.022 0.4944736842105263 7.42e-05 0.0025 3.9663157894736845 normal 0.1664447311561732
0.304 0.022 0.5155263157894736 7.42e-05 0.0025 0.6610526315789474 normal 9.421971715537133
0.304 0.022 0.5155263157894736 7.42e-05 0.0025 1.9831578947368422 normal 3.475460380167862
0.304 0.022 0.536578947368421 7.42e-05 0.0025 2.3136842105263162 normal 2.739748522490034
0.304 0.022 0.5155263157894736 7.42e-05 0.0025 5.949473684210527 normal 5.752232379895753
0.304 0.022 0.536578947368421 7.42e-05 0.0025 0.3305263157894737 normal 10.169855879845352
0.304 0.022 0.536578947368421 7.42e-05 0.0025 0.6610526315789474 normal 10.612999291045035
0.304 0.022 0.536578947368421 7.42e-05 0.0025 5.28842105263158 normal 2.4803760766026723
0.304 0.022 0.5155263157894736 7.42e-05 0.0025 5.618947368421053 normal 3.6854596812998053
0.304 0.022 0.5155263157894736 7.42e-05 0.0025 5.28842105263158 normal 1.946401476677392
0.304 0.022 0.536578947368421 7.42e-05 0.0025 0.0 normal 8.735949310337736
0.304 0.022 0.536578947368421 7.42e-05 0.0025 1.6526315789473687 normal 6.465013843878437
0.304 0.022 0.5155263157894736 7.42e-05 0.0025 6.28 normal 7.696408510972114
0.304 0.022 0.536578947368421 7.42e-05 0.0025 4.957894736842106 normal 1.1566318980576584
0.304 0.022 0.536578947368421 7.42e-05 0.0025 4.6273684210526325 normal 0.45060531003333837
0.304 0.022 0.536578947368421 7.42e-05 0.0025 0.9915789473684211 normal 9.96837921608191
0.304 0.022 0.536578947368421 7.42e-05 0.0025 3.635789473684211 normal 0.3062088881765466
0.304 0.022 0.536578947368421 7.42e-05 0.0025 3.9663157894736845 normal 0.20484923150641626
0.304 0.022 0.536578947368421 7.42e-05 0.0025 5.949473684210527 normal 6.628572626875496
0.304 0.022 0.536578947368421 7.42e-05 0.0025 2.64421052631579 normal 1.54305716423212
0.304 0.022 0.536578947368421 7.42e-05 0.0025 4.296842105263158 normal 0.20326592587832737
0.304 0.022 0.536578947368421 7.42e-05 0.0025 1.9831578947368422 normal 4.439505369873568
0.304 0.022 0.536578947368421 7.42e-05 0.0025 1.322105263157895 normal 8.461700671003227
0.304 0.022 0.536578947368421 7.42e-05 0.0025 3.3052631578947373 normal 0.4849004271401745
0.304 0.022 0.536578947368421 7.42e-05 0.0025 2.9747368421052633 normal 0.840601188532065
0.304 0.022 0.536578947368421 7.42e-05 0.0025 5.618947368421053 normal 4.396517563576054
0.304 0.022 0.536578947368421 7.42e-05 0.0025 6.28 normal 8.717808035351101
0.304 0.022 0.5576315789473685 7.42e-05 0.0025 1.9831578947368422 normal 6.2931659071386346
0.304 0.022 0.5576315789473685 7.42e-05 0.0025 1.322105263157895 normal 10.51058069953934
0.304 0.022 0.5576315789473685 7.42e-05 0.0025 4.957894736842106 normal 2.25326024197917
0.304 0.022 0.5576315789473685 7.42e-05 0.0025 0.3305263157894737 normal 12.203126252098482
0.304 0.022 0.5576315789473685 7.42e-05 0.0025 5.949473684210527 normal 8.362618828881196
0.304 0.022 0.5576315789473685 7.42e-05 0.0025 4.296842105263158 normal 1.1003212097800592
0.304 0.022 0.5576315789473685 7.42e-05 0.0025 0.0 normal 10.643508573333763
0.304 0.022 0.5576315789473685 7.42e-05 0.0025 5.28842105263158 normal 3.777119846982515
0.304 0.022 0.5576315789473685 7.42e-05 0.0025 3.9663157894736845 normal 1.1322364409835415
0.304 0.022 0.5576315789473685 7.42e-05 0.0025 1.6526315789473687 normal 8.42989578785291
0.304 0.022 0.5576315789473685 7.42e-05 0.0025 0.9915789473684211 normal 12.075309064227243
0.304 0.022 0.5576315789473685 7.42e-05 0.0025 2.64421052631579 normal 3.0874456107508235
0.304 0.022 0.5576315789473685 7.42e-05 0.0025 0.6610526315789474 normal 12.711659689077067
0.304 0.022 0.5576315789473685 7.42e-05 0.0025 2.3136842105263162 normal 4.446756051318905
0.304 0.022 0.5576315789473685 7.42e-05 0.0025 3.635789473684211 normal 1.339389671318541
0.304 0.022 0.5576315789473685 7.42e-05 0.0025 4.6273684210526325 normal 1.4056737784858961
0.304 0.022 0.5786842105263158 7.42e-05 0.0025 0.6610526315789474 normal 16.334324795429694
0.304 0.022 0.5576315789473685 7.42e-05 0.0025 3.3052631578947373 normal 1.6733225432713956
0.304 0.022 0.5576315789473685 7.42e-05 0.0025 5.618947368421053 normal 5.910811561312673
0.304 0.022 0.5786842105263158 7.42e-05 0.0025 0.0 normal 14.045347960973682
0.304 0.022 0.5786842105263158 7.42e-05 0.0025 0.3305263157894737 normal 15.745822244698637
0.304 0.022 0.5576315789473685 7.42e-05 0.0025 2.9747368421052633 normal 2.2056788665157647
0.304 0.022 0.5576315789473685 7.42e-05 0.0025 6.28 normal 10.62640176284184
0.304 0.022 0.5786842105263158 7.42e-05 0.0025 0.9915789473684211 normal 15.720073996489923
0.304 0.022 0.5786842105263158 7.42e-05 0.0025 5.618947368421053 normal 8.854110549332272
0.304 0.022 0.5786842105263158 7.42e-05 0.0025 1.322105263157895 normal 14.12457983202211
0.304 0.022 0.5786842105263158 7.42e-05 0.0025 2.9747368421052633 normal 5.139673016815958
0.304 0.022 0.5997368421052631 7.42e-05 0.0025 0.9915789473684211 normal 21.85615150232188
0.304 0.022 0.5786842105263158 7.42e-05 0.0025 4.6273684210526325 normal 3.7524499358373253
0.304 0.022 0.5786842105263158 7.42e-05 0.0025 1.6526315789473687 normal 11.961545578831842
0.304 0.022 0.5786842105263158 7.42e-05 0.0025 1.9831578947368422 normal 9.715978870765408
0.304 0.022 0.5786842105263158 7.42e-05 0.0025 2.3136842105263162 normal 7.735970232461063
0.304 0.022 0.5786842105263158 7.42e-05 0.0025 4.957894736842106 normal 4.728606282664863
0.304 0.022 0.5786842105263158 7.42e-05 0.0025 4.296842105263158 normal 3.4116970223320067
0.304 0.022 0.5786842105263158 7.42e-05 0.0025 5.949473684210527 normal 11.55152875247871
0.304 0.022 0.5786842105263158 7.42e-05 0.0025 2.64421052631579 normal 6.213780870937092
0.304 0.022 0.5786842105263158 7.42e-05 0.0025 3.635789473684211 normal 3.8698364469723536
0.304 0.022 0.5786842105263158 7.42e-05 0.0025 3.3052631578947373 normal 4.400942011411285
0.304 0.022 0.5997368421052631 7.42e-05 0.0025 0.0 normal 19.875627660780818
0.304 0.022 0.5997368421052631 7.42e-05 0.0025 2.3136842105263162 normal 13.642573025702664
0.304 0.022 0.5997368421052631 7.42e-05 0.0025 0.6610526315789474 normal 22.430409811734698
0.304 0.022 0.5997368421052631 7.42e-05 0.0025 0.3305263157894737 normal 21.752591722755678
0.304 0.022 0.5786842105263158 7.42e-05 0.0025 3.9663157894736845 normal 3.509127975730549
0.304 0.022 0.5786842105263158 7.42e-05 0.0025 6.28 normal 14.021386634439388
0.304 0.022 0.5997368421052631 7.42e-05 0.0025 1.322105263157895 normal 20.262916427306877
0.304 0.022 0.5997368421052631 7.42e-05 0.0025 1.6526315789473687 normal 18.046093139447663
0.304 0.022 0.5786842105263158 7.42e-05 0.0025 5.28842105263158 normal 6.471698470491406
0.304 0.022 0.5997368421052631 7.42e-05 0.0025 1.9831578947368422 normal 15.728707235613722
0.304 0.022 0.5997368421052631 7.42e-05 0.0025 3.9663157894736845 normal 8.384960776002629
0.304 0.022 0.5997368421052631 7.42e-05 0.0025 2.9747368421052633 normal 10.701166081435312
0.304 0.022 0.5997368421052631 7.42e-05 0.0025 5.949473684210527 normal 17.14523245834684
0.304 0.022 0.6207894736842106 7.42e-05 0.0025 1.322105263157895 normal 30.209412020521928
0.304 0.022 0.5997368421052631 7.42e-05 0.0025 4.296842105263158 normal 8.162212941109956
0.304 0.022 0.6207894736842106 7.42e-05 0.0025 2.64421052631579 normal 21.713989293255374
0.304 0.022 0.6207894736842106 7.42e-05 0.0025 0.6610526315789474 normal 32.275454440183424
0.304 0.022 0.5997368421052631 7.42e-05 0.0025 3.3052631578947373 normal 9.725686924071315
0.304 0.022 0.6207894736842106 7.42e-05 0.0025 3.3052631578947373 normal 19.01634849247388
0.304 0.022 0.6207894736842106 7.42e-05 0.0025 1.9831578947368422 normal 25.668440637033903
0.304 0.022 0.5997368421052631 7.42e-05 0.0025 2.64421052631579 normal 11.970119344935654
0.304 0.022 0.5997368421052631 7.42e-05 0.0025 4.6273684210526325 normal 8.498280155546325
0.304 0.022 0.6207894736842106 7.42e-05 0.0025 1.6526315789473687 normal 28.00526119243589
0.304 0.022 0.5997368421052631 7.42e-05 0.0025 4.957894736842106 normal 9.593819538543482
0.304 0.022 0.5997368421052631 7.42e-05 0.0025 5.618947368421053 normal 14.189690603437796
0.304 0.022 0.6207894736842106 7.42e-05 0.0025 2.3136842105263162 normal 23.51289418934529
0.304 0.022 0.6207894736842106 7.42e-05 0.0025 0.9915789473684211 normal 31.757210496389497
0.304 0.022 0.6207894736842106 7.42e-05 0.0025 2.9747368421052633 normal 20.252389216258713
0.304 0.022 0.5997368421052631 7.42e-05 0.0025 3.635789473684211 normal 8.950829255164706
0.304 0.022 0.6207894736842106 7.42e-05 0.0025 3.635789473684211 normal 17.95232798045032
0.304 0.022 0.5997368421052631 7.42e-05 0.0025 6.28 normal 19.850382342965837
0.304 0.022 0.6207894736842106 7.42e-05 0.0025 0.3305263157894737 normal 31.462122417873545
0.304 0.022 0.5997368421052631 7.42e-05 0.0025 5.28842105263158 normal 11.537006915969863
0.304 0.022 0.6207894736842106 7.42e-05 0.0025 0.0 normal 29.391719925809078
0.304 0.022 0.6207894736842106 7.42e-05 0.0025 5.618947368421053 normal 23.177607428468967
0.304 0.022 0.6418421052631579 7.42e-05 0.0025 3.9663157894736845 normal 31.36952756884652
0.304 0.022 0.6418421052631579 7.42e-05 0.0025 4.296842105263158 normal 30.70096064404766
0.304 0.022 0.6207894736842106 7.42e-05 0.0025 4.296842105263158 normal 16.713174722888812
0.304 0.022 0.6207894736842106 7.42e-05 0.0025 5.949473684210527 normal 26.408494969843233
0.304 0.022 0.6418421052631579 7.42e-05 0.0025 1.322105263157895 normal 45.576019159839234
0.304 0.022 0.6207894736842106 7.42e-05 0.0025 5.28842105263158 normal 20.26996702610703
0.304 0.022 0.6418421052631579 7.42e-05 0.0025 3.3052631578947373 normal 33.93023347454588
0.304 0.022 0.6418421052631579 7.42e-05 0.0025 0.9915789473684211 normal 47.0370074109612
0.304 0.022 0.6207894736842106 7.42e-05 0.0025 4.6273684210526325 normal 16.981841194613573
0.304 0.022 0.6418421052631579 7.42e-05 0.0025 0.3305263157894737 normal 46.44010151270095
0.304 0.022 0.6418421052631579 7.42e-05 0.0025 0.0 normal 44.1455172249195
0.304 0.022 0.6207894736842106 7.42e-05 0.0025 6.28 normal 29.36829049800132
0.304 0.022 0.6207894736842106 7.42e-05 0.0025 4.957894736842106 normal 18.14333968356551
0.304 0.022 0.6207894736842106 7.42e-05 0.0025 3.9663157894736845 normal 17.11905797377084
0.304 0.022 0.6418421052631579 7.42e-05 0.0025 0.6610526315789474 normal 47.41596128041147
0.304 0.022 0.6418421052631579 7.42e-05 0.0025 1.9831578947368422 normal 41.13037016166038
0.304 0.022 0.6418421052631579 7.42e-05 0.0025 2.9747368421052633 normal 35.43910334326672
0.304 0.022 0.6418421052631579 7.42e-05 0.0025 4.957894736842106 normal 32.01262453425015
0.304 0.022 0.6418421052631579 7.42e-05 0.0025 1.6526315789473687 normal 43.44270449451696
0.304 0.022 0.6418421052631579 7.42e-05 0.0025 4.6273684210526325 normal 30.82874368964278
0.304 0.022 0.6418421052631579 7.42e-05 0.0025 2.3136842105263162 normal 38.99190506203135
0.304 0.022 0.6418421052631579 7.42e-05 0.0025 2.64421052631579 normal 37.10033983206705
0.304 0.022 0.6418421052631579 7.42e-05 0.0025 3.635789473684211 normal 32.535030846746096
0.304 0.022 0.6418421052631579 7.42e-05 0.0025 5.618947368421053 normal 37.40745733136303
0.304 0.022 0.6628947368421052 7.42e-05 0.0025 0.3305263157894737 normal 68.52998614080434
0.304 0.022 0.6628947368421052 7.42e-05 0.0025 4.6273684210526325 normal 51.971009240751215
0.304 0.022 0.6628947368421052 7.42e-05 0.0025 1.9831578947368422 normal 64.07827857028013
0.304 0.022 0.6628947368421052 7.42e-05 0.0025 0.6610526315789474 normal 69.72230046375466
0.304 0.022 0.6628947368421052 7.42e-05 0.0025 2.64421052631579 normal 60.03691888659907
0.304 0.022 0.6628947368421052 7.42e-05 0.0025 1.322105263157895 normal 68.23314085386994
0.304 0.022 0.6418421052631579 7.42e-05 0.0025 5.949473684210527 normal 40.91494600348653
0.304 0.022 0.6628947368421052 7.42e-05 0.0025 4.296842105263158 normal 52.06830632377077
0.304 0.022 0.6418421052631579 7.42e-05 0.0025 5.28842105263158 normal 34.27691582755571
0.304 0.022 0.6418421052631579 7.42e-05 0.0025 6.28 normal 44.12131966386147
0.304 0.022 0.6628947368421052 7.42e-05 0.0025 0.9915789473684211 normal 69.51485837744983
0.304 0.022 0.6628947368421052 7.42e-05 0.0025 0.0 normal 65.99668662017265
0.304 0.022 0.6628947368421052 7.42e-05 0.0025 5.618947368421053 normal 58.749617905884406
0.304 0.022 0.6628947368421052 7.42e-05 0.0025 1.6526315789473687 normal 66.25555555357859
0.304 0.022 0.6628947368421052 7.42e-05 0.0025 2.3136842105263162 normal 61.967294180030294
0.304 0.022 0.6628947368421052 7.42e-05 0.0025 3.3052631578947373 normal 56.414653354147674
0.304 0.022 0.6628947368421052 7.42e-05 0.0025 4.957894736842106 normal 53.08192067569714
0.304 0.022 0.6628947368421052 7.42e-05 0.0025 3.9663157894736845 normal 53.077222210442145
0.304 0.022 0.6628947368421052 7.42e-05 0.0025 5.949473684210527 normal 62.49633247472325
0.304 0.022 0.6628947368421052 7.42e-05 0.0025 3.635789473684211 normal 54.63344178747322
0.304 0.022 0.6628947368421052 7.42e-05 0.0025 2.9747368421052633 normal 58.22150342398719
0.304 0.022 0.6628947368421052 7.42e-05 0.0025 5.28842105263158 normal 55.42495395289075
0.304 0.022 0.6628947368421052 7.42e-05 0.0025 6.28 normal 65.96631650230125
0.304 0.022 0.6839473684210526 7.42e-05 0.0025 0.3305263157894737 normal 99.8373614799693
0.304 0.022 0.6839473684210526 7.42e-05 0.0025 1.6526315789473687 normal 98.58549200597074
0.304 0.022 0.6839473684210526 7.42e-05 0.0025 1.9831578947368422 normal 96.61834517132003
0.304 0.022 0.6839473684210526 7.42e-05 0.0025 5.618947368421053 normal 89.33793742591985
0.304 0.022 0.705 7.42e-05 0.0025 0.3305263157894737 normal 142.73971966934045
0.304 0.022 0.6839473684210526 7.42e-05 0.0025 2.9747368421052633 normal 90.75880215952628
0.304 0.022 0.6839473684210526 7.42e-05 0.0025 0.6610526315789474 normal 101.29267615755028
0.304 0.022 0.6839473684210526 7.42e-05 0.0025 1.322105263157895 normal 100.31066548247743
0.304 0.022 0.6839473684210526 7.42e-05 0.0025 0.0 normal 97.05055776789426
0.304 0.022 0.705 7.42e-05 0.0025 0.0 normal 139.67900154867607
0.304 0.022 0.6839473684210526 7.42e-05 0.0025 4.296842105263158 normal 82.98088042575804
0.304 0.022 0.705 7.42e-05 0.0025 0.6610526315789474 normal 144.51624309644103
0.304 0.022 0.6839473684210526 7.42e-05 0.0025 2.3136842105263162 normal 94.65894381776677
0.304 0.022 0.6839473684210526 7.42e-05 0.0025 6.28 normal 97.02353291259402
0.304 0.022 0.6839473684210526 7.42e-05 0.0025 2.64421052631579 normal 92.73299689557359
0.304 0.022 0.6839473684210526 7.42e-05 0.0025 3.635789473684211 normal 86.44422782939314
0.304 0.022 0.6839473684210526 7.42e-05 0.0025 3.9663157894736845 normal 84.42082033742048
0.304 0.022 0.6839473684210526 7.42e-05 0.0025 0.9915789473684211 normal 101.36327041019318
0.304 0.022 0.6839473684210526 7.42e-05 0.0025 4.6273684210526325 normal 82.57464671158473
0.304 0.022 0.6839473684210526 7.42e-05 0.0025 3.3052631578947373 normal 88.65383035835853
0.304 0.022 0.705 7.42e-05 0.0025 0.9915789473684211 normal 144.88876082908095
0.304 0.022 0.6839473684210526 7.42e-05 0.0025 4.957894736842106 normal 83.5369838333419
0.304 0.022 0.6839473684210526 7.42e-05 0.0025 5.949473684210527 normal 93.30704099563032
0.304 0.022 0.6839473684210526 7.42e-05 0.0025 5.28842105263158 normal 85.88286138727418
0.304 0.022 0.705 7.42e-05 0.0025 1.322105263157895 normal 144.18015669198607
0.304 0.022 0.705 7.42e-05 0.0025 2.64421052631579 normal 137.57417840778317
0.304 0.022 0.705 7.42e-05 0.0025 2.3136842105263162 normal 139.41791345333712
0.304 0.022 0.705 7.42e-05 0.0025 3.9663157894736845 normal 127.84217577575347
0.304 0.022 0.705 7.42e-05 0.0025 3.635789473684211 normal 130.39965581269047
0.304 0.022 0.705 7.42e-05 0.0025 1.9831578947368422 normal 141.16529071101374
0.304 0.022 0.705 7.42e-05 0.0025 3.3052631578947373 normal 133.06348782939773
0.304 0.022 0.705 7.42e-05 0.0025 5.618947368421053 normal 131.56776516497527
0.304 0.022 0.705 7.42e-05 0.0025 4.296842105263158 normal 125.88566869840332
0.304 0.022 0.705 7.42e-05 0.0025 1.6526315789473687 normal 142.829472444448
0.304 0.022 0.705 7.42e-05 0.0025 5.949473684210527 normal 135.69463308249158
0.304 0.022 0.705 7.42e-05 0.0025 4.6273684210526325 normal 125.08295728253611
0.304 0.022 0.705 7.42e-05 0.0025 2.9747368421052633 normal 135.47587885076825
0.304 0.022 0.705 7.42e-05 0.0025 4.957894736842106 normal 125.77900314663925
0.304 0.022 0.705 7.42e-05 0.0025 6.28 normal 139.65014534216135
0.304 0.022 0.705 7.42e-05 0.0025 5.28842105263158 normal 128.05050708438532
