1
0.597972494054292
0.00242
80.303813128312
0.597972494054292
0.00244
78.431235469275887
0.597972494054292
0.00254
68.139653057164760
0.597972494054292
0.0024
81.882726360294579
0.597972494054292
0.0025800000000000003
65.786105016333473
0.597972494054292
0.00246
76.349449179000264
0.597972494054292
0.00248
74.154980791993925
0.597972494054292
0.0025
71.964566925456946
0.597972494054292
0.00252
69.914273112721628
0.597972494054292
0.00256
66.7458602161890216
0.613680457322241
0.00248
49.4747059368873514
0.613680457322241
0.00244
53.23502629665275511
0.597972494054292
0.0026200000000000004
65.1157152150416910
0.597972494054292
0.0026000000000000003
65.2585046185043617
0.613680457322241
0.0025
47.6026926039765212
0.613680457322241
0.0024
56.41262762030767415
0.613680457322241
0.00246
51.38488978292781418
0.613680457322241
0.00252
45.8801270429652319
0.613680457322241
0.00254
44.4150880437079513
0.613680457322241
0.00242
54.9386570792422324
0.62938842059019
0.0024
37.43575814030917620
0.613680457322241
0.00256
43.2871485566488125
0.62938842059019
0.00242
36.07190494566875627
0.62938842059019
0.00246
32.92330871001759423
0.613680457322241
0.0026200000000000004
42.06302548522105421
0.613680457322241
0.0025800000000000003
42.5308284101533928
0.62938842059019
0.00248
31.296831258032122
0.613680457322241
0.0026000000000000003
42.1367019274392929
0.62938842059019
0.0025
29.74115373228027426
0.62938842059019
0.00244
34.5405072435308336
0.6450963838581389
0.0024
23.9041222511979839
0.6450963838581389
0.00246
19.90359329093807637
0.6450963838581389
0.00242
22.65211312805360331
0.62938842059019
0.00254
27.18477864662008535
0.62938842059019
0.0026200000000000004
25.50391999488403630
0.62938842059019
0.00252
28.34335587220601538
0.6450963838581389
0.00244
21.29184233848168633
0.62938842059019
0.0025800000000000003
25.76614075651978232
0.62938842059019
0.00256
26.32019972379614434
0.62938842059019
0.0026000000000000003
25.5060726093803149
0.6608043471260879
0.00242
13.65814927182444540
0.6450963838581389
0.00248
18.55427143850332848
0.6608043471260879
0.0024
14.79996207379650441
0.6450963838581389
0.0025
17.30650468575901644
0.6450963838581389
0.00256
14.75411752877071347
0.6450963838581389
0.0026200000000000004
14.33827355177453343
0.6450963838581389
0.00254
15.3629838500595546
0.6450963838581389
0.0026000000000000003
14.2685583750474942
0.6450963838581389
0.00252
16.22415721525054645
0.6450963838581389
0.0025800000000000003
14.39701770085929850
0.6608043471260879
0.00244
12.46361950170905854
0.6608043471260879
0.00252
8.47389633110236753
0.6608043471260879
0.0025
9.25625851836209451
0.6608043471260879
0.00246
11.2952050688050455
0.6608043471260879
0.00254
7.89532942270378252
0.6608043471260879
0.00248
10.21069722715240756
0.6608043471260879
0.00256
7.52954647999906466
0.6765123103940369
0.00252
4.09730021523357859
0.6608043471260879
0.0026200000000000004
7.49778726633879258
0.6608043471260879
0.0026000000000000003
7.3578730681954757
0.6608043471260879
0.0025800000000000003
7.3601125328937862
0.6765123103940369
0.00244
7.08267906255836860
0.6765123103940369
0.0024
9.15746378725897468
0.6765123103940369
0.00256
3.641032916153001567
0.6765123103940369
0.00254
3.781091549794421564
0.6765123103940369
0.00248
5.28253658844988261
0.6765123103940369
0.00242
8.12095257164457865
0.6765123103940369
0.0025
4.60098484016879269
0.6765123103940369
0.0025800000000000003
3.64617928092819963
0.6765123103940369
0.00246
6.12008959236432574
0.6922202736619859
0.00244
4.24867748830943372
0.6922202736619859
0.0024
6.08320534832795175
0.6922202736619859
0.00246
3.47331713633260973
0.6922202736619859
0.00242
5.14403281386974677
0.6922202736619859
0.0025
2.42512850356843371
0.6765123103940369
0.0026200000000000004
3.96848836401545570
0.6765123103940369
0.0026000000000000003
3.76197131770144179
0.6922202736619859
0.00254
2.094191052443740476
0.6922202736619859
0.00248
2.859701895598109378
0.6922202736619859
0.00252
2.1733672349676576144
0.7864680532696798
0.0024
4.972026898552354149
0.7864680532696798
0.0025
3.866180447177369146
0.7864680532696798
0.00244
3.8225905191804674135
0.7707600900017308
0.00246
3.834545707350894148
0.7864680532696798
0.00248
3.6003291604391183142
0.7707600900017308
0.0026000000000000003
6.905335684779214137
0.7707600900017308
0.0025
4.107122884735602147
0.7864680532696798
0.00246
3.57867281765032145
0.7864680532696798
0.00242
4.311464607056064143
0.7707600900017308
0.0026200000000000004
7.3456685354007245138
0.7707600900017308
0.00252
4.5606747040189884
0.7079282369299349
0.0024
4.774999509143029136
0.7707600900017308
0.00248
3.849459140624458386
0.7079282369299349
0.00244
3.153038379905146139
0.7707600900017308
0.00254
5.14439150101012385
0.7079282369299349
0.00242
3.922361214965013140
0.7707600900017308
0.00256
5.778114795622836587
0.7079282369299349
0.00246
2.542105211046129382
0.6922202736619859
0.0026000000000000003
2.544217356096395781
0.6922202736619859
0.0025800000000000003
2.32119855881171480
0.6922202736619859
0.00256
2.15809239106265783
0.6922202736619859
0.0026200000000000004
2.811928409130738117
0.7393441634658329
0.0025800000000000003
4.862911029366715141
0.7707600900017308
0.0025800000000000003
6.382352406108795588
0.7079282369299349
0.00248
2.1246926859521884119
0.7393441634658329
0.0026200000000000004
5.72315703185562889
0.7079282369299349
0.0025
1.906197197246597118
0.7393441634658329
0.0026000000000000003
5.320169952281306150
0.7864680532696798
0.00252
4.328457457152790590
0.7079282369299349
0.00252
1.874638996148166291
0.7079282369299349
0.00254
2.002543573671355594
0.7079282369299349
0.0026000000000000003
2.862896696904344695
0.7079282369299349
0.0026200000000000004
3.184722188007677792
0.7079282369299349
0.00256
2.2446275594852196
0.7236362001978839
0.0024
4.5388128202461555120
0.7550521267337819
0.0024
5.1329159811930393
0.7079282369299349
0.0025800000000000003
2.5458495148462745121
0.7550521267337819
0.00242
4.45091838900957125
0.7550521267337819
0.0025
3.80785246906561399
0.7236362001978839
0.00246
2.62290078520303297
0.7236362001978839
0.00242
3.759333009817316698
0.7236362001978839
0.00244
3.095969763502496100
0.7236362001978839
0.00248
2.3697506626922187101
0.7236362001978839
0.0025
2.331993320602419126
0.7550521267337819
0.00252
4.20566404544703127
0.7550521267337819
0.00254
4.7370415866602105
0.7236362001978839
0.0025800000000000003
3.592998876563377102
0.7236362001978839
0.00252
2.484508512317595108
0.7393441634658329
0.0024
4.803473287544183104
0.7236362001978839
0.00256
3.1763683854487104103
0.7236362001978839
0.00254
2.7854385938462225106
0.7236362001978839
0.0026000000000000003
3.988741061390876110
0.7393441634658329
0.00244
3.5012588536013127109
0.7393441634658329
0.00242
4.081513801201906111
0.7393441634658329
0.00246
3.1362324023344494107
0.7236362001978839
0.0026200000000000004
4.356097234393263116
0.7393441634658329
0.00256
4.356039354204069112
0.7393441634658329
0.00248
3.0117760044192807115
0.7393441634658329
0.00254
3.848652893681723114
0.7393441634658329
0.00252
3.412271381774801113
0.7393441634658329
0.0025
3.115598017654137132
0.7707600900017308
0.0024
5.2357565759171125129
0.7550521267337819
0.0025800000000000003
5.895920786879229131
0.7550521267337819
0.0026200000000000004
6.823598766891007130
0.7550521267337819
0.0026000000000000003
6.395990062911772133
0.7707600900017308
0.00242
4.574611571958149134
0.7707600900017308
0.00244
4.083190617451156128
0.7550521267337819
0.00256
5.32599599313967152
0.7864680532696798
0.00256
5.560765934008602164
0.8021760165376288
0.00256
4.6827462181308634151
0.7864680532696798
0.00254
4.920366839635694203
0.8492999063414758
0.0026200000000000004
1.5331632766223915180
0.8335919430735268
0.0024
2.9111112617009174155
0.7864680532696798
0.0026200000000000004
7.135182451734213185
0.8335919430735268
0.0025
0.8056442508256045170
0.8178839798055778
0.00244
2.267337825706166181
0.8335919430735268
0.00242
2.125178772098951172
0.8178839798055778
0.00248
1.8265433246603042154
0.7864680532696798
0.0026000000000000003
6.69467876510272189
0.8335919430735268
0.0025800000000000003
2.224225682080716168
0.8178839798055778
0.0024
3.5617079377183973179
0.8178839798055778
0.0026200000000000004
4.708309942960648178
0.8178839798055778
0.0026000000000000003
4.306547034177266162
0.8021760165376288
0.00252
3.5192279748139748171
0.8178839798055778
0.00246
1.9216829659418249159
0.8021760165376288
0.00246
2.8842684169356674165
0.8021760165376288
0.0025800000000000003
5.26564314362117169
0.8178839798055778
0.00242
2.838889537168746166
0.8021760165376288
0.0026000000000000003
5.771785547665067176
0.8178839798055778
0.00256
3.314099843796133163
0.8021760165376288
0.00254
4.074424966965351173
0.8178839798055778
0.0025
1.9669309615259807177
0.8178839798055778
0.0025800000000000003
3.8407350982633566174
0.8178839798055778
0.00252
2.303068759720743186
0.8335919430735268
0.00252
1.007623021763359192
0.8492999063414758
0.0024
2.878317846513294175
0.8178839798055778
0.00254
2.7766301025792317191
0.8335919430735268
0.0026200000000000004
2.99140806522869196
0.8492999063414758
0.00248
0.2613442609427444158
0.8021760165376288
0.00244
3.160454504453918123
0.7550521267337819
0.00246
3.6390793051723653167
0.8021760165376288
0.0026200000000000004
6.199490451027492193
0.8492999063414758
0.00242
2.0084451687892626122
0.7550521267337819
0.00244
3.9285922748332727194
0.8492999063414758
0.00244
1.2380333977902138124
0.7550521267337819
0.00248
3.6047511168886732187
0.8335919430735268
0.00254
1.3553438465016039195
0.8492999063414758
0.00246
0.6442520932827297202
0.8492999063414758
0.0026000000000000003
1.2222034674540998201
0.8492999063414758
0.0025800000000000003
0.8995661850603147200
0.8492999063414758
0.00256
0.5743623552044091190
0.8335919430735268
0.0026000000000000003
2.628662029999132188
0.8335919430735268
0.00256
1.7838057806854644199
0.8492999063414758
0.00254
0.2918230068001191197
0.8492999063414758
0.0025
0.09051108174981942184
0.8335919430735268
0.00248
0.7982891622207897153
0.7864680532696798
0.0025800000000000003
6.169513806666261161
0.8021760165376288
0.0025
3.096075016244708157
0.8021760165376288
0.00242
3.6759479201760907160
0.8021760165376288
0.00248
2.8692874348332778156
0.8021760165376288
0.0024
4.356953362526763183
0.8335919430735268
0.00246
1.0165115945497392182
0.8335919430735268
0.00244
1.4683917578678438198
0.8492999063414758
0.00252
0.11270754267364087