Sin2Theta12 Sin2Theta13 Sin2Theta23 Dm221 Dm231 dCP Ordering X2 
0.304 0.022 0.305 7.42e-05 0.0025 0.0 inverted 168.91726864921753
0.304 0.022 0.305 7.42e-05 0.0025 1.256 normal 171.5336141440805
0.304 0.022 0.305 7.42e-05 0.0025 0.628 inverted 168.11561258200396
0.304 0.022 0.305 7.42e-05 0.0025 0.314 normal 183.6696955384575
0.304 0.022 0.305 7.42e-05 0.0025 0.942 inverted 165.39283622700304
0.304 0.022 0.305 7.42e-05 0.0025 3.14 inverted 152.6381607273224
0.304 0.022 0.305 7.42e-05 0.0025 0.314 inverted 169.38053208654753
0.304 0.022 0.305 7.42e-05 0.0025 0.0 normal 182.77046003228133
0.304 0.022 0.305 7.42e-05 0.0025 1.884 inverted 155.0695301175015
0.304 0.022 0.305 7.42e-05 0.0025 0.628 normal 181.78183520723573
0.304 0.022 0.305 7.42e-05 0.0025 2.198 inverted 153.05205872825826
0.304 0.022 0.305 7.42e-05 0.0025 1.884 normal 159.02662798393067
0.304 0.022 0.305 7.42e-05 0.0025 2.826 normal 148.7347770501588
0.304 0.022 0.305 7.42e-05 0.0025 3.14 normal 148.0134723308871
0.304 0.022 0.305 7.42e-05 0.0025 1.256 inverted 161.8141790624138
0.304 0.022 0.305 7.42e-05 0.0025 2.826 inverted 152.113839962675
0.304 0.022 0.305 7.42e-05 0.0025 1.57 normal 165.0579964647335
0.304 0.022 0.305 7.42e-05 0.0025 2.512 normal 150.7016839210797
0.304 0.022 0.305 7.42e-05 0.0025 0.942 normal 177.46130032140448
0.304 0.022 0.305 7.42e-05 0.0025 1.57 inverted 158.13541011378777
0.304 0.022 0.305 7.42e-05 0.0025 2.512 inverted 152.11438894117262
0.304 0.022 0.305 7.42e-05 0.0025 3.454 inverted 153.29001816824933
0.304 0.022 0.305 7.42e-05 0.0025 3.454 normal 148.2187205198318
0.304 0.022 0.305 7.42e-05 0.0025 2.198 normal 154.13047809985926
0.304 0.022 0.305 7.42e-05 0.0025 4.71 normal 157.3612181675048
0.304 0.022 0.305 7.42e-05 0.0025 4.082 normal 150.93580952253953
0.304 0.022 0.305 7.42e-05 0.0025 5.966 normal 179.28401875935364
0.304 0.022 0.305 7.42e-05 0.0025 5.652 inverted 164.0015579480982
0.304 0.022 0.305 7.42e-05 0.0025 3.768 normal 149.19759193345772
0.304 0.022 0.32166666666666666 7.42e-05 0.0025 0.314 inverted 124.28723204877265
0.304 0.022 0.305 7.42e-05 0.0025 4.082 inverted 154.40985359606847
0.304 0.022 0.305 7.42e-05 0.0025 6.28 normal 182.74892319400834
0.304 0.022 0.32166666666666666 7.42e-05 0.0025 0.314 normal 135.47956948914108
0.304 0.022 0.305 7.42e-05 0.0025 5.338 normal 168.03915269665092
0.304 0.022 0.305 7.42e-05 0.0025 4.396 inverted 155.1137612603746
0.304 0.022 0.32166666666666666 7.42e-05 0.0025 0.628 inverted 123.26442653881148
0.304 0.022 0.305 7.42e-05 0.0025 4.396 normal 153.6070015123564
0.304 0.022 0.305 7.42e-05 0.0025 3.768 inverted 153.89412549320417
0.304 0.022 0.32166666666666666 7.42e-05 0.0025 0.0 inverted 123.78033267229576
0.304 0.022 0.305 7.42e-05 0.0025 5.024 normal 162.26277405817805
0.304 0.022 0.305 7.42e-05 0.0025 5.024 inverted 158.19619634632
0.304 0.022 0.305 7.42e-05 0.0025 5.966 inverted 166.91730630566954
0.304 0.022 0.305 7.42e-05 0.0025 5.338 inverted 160.88058100557137
0.304 0.022 0.32166666666666666 7.42e-05 0.0025 0.628 normal 133.9742102770726
0.304 0.022 0.32166666666666666 7.42e-05 0.0025 0.0 normal 134.54230525664394
0.304 0.022 0.305 7.42e-05 0.0025 6.28 inverted 168.9022372877106
0.304 0.022 0.305 7.42e-05 0.0025 4.71 inverted 156.2813797832075
0.304 0.022 0.305 7.42e-05 0.0025 5.652 normal 174.0366932988257
0.304 0.022 0.32166666666666666 7.42e-05 0.0025 0.942 inverted 120.90437225158881
0.304 0.022 0.32166666666666666 7.42e-05 0.0025 0.942 normal 130.30298612861554
0.304 0.022 0.32166666666666666 7.42e-05 0.0025 1.884 inverted 111.92464709290644
0.304 0.022 0.32166666666666666 7.42e-05 0.0025 1.57 inverted 114.57938751984277
0.304 0.022 0.32166666666666666 7.42e-05 0.0025 4.396 normal 110.12441049044199
0.304 0.022 0.32166666666666666 7.42e-05 0.0025 4.082 inverted 112.1685442244799
0.304 0.022 0.32166666666666666 7.42e-05 0.0025 2.826 normal 106.09404542871467
0.304 0.022 0.32166666666666666 7.42e-05 0.0025 3.454 normal 105.94358134896204
0.304 0.022 0.32166666666666666 7.42e-05 0.0025 1.256 inverted 117.78205114599868
0.304 0.022 0.32166666666666666 7.42e-05 0.0025 4.082 normal 108.1169444329281
0.304 0.022 0.32166666666666666 7.42e-05 0.0025 1.256 normal 125.20471441063003
0.304 0.022 0.32166666666666666 7.42e-05 0.0025 3.14 inverted 110.48874649342932
0.304 0.022 0.32166666666666666 7.42e-05 0.0025 1.884 normal 114.4630186884518
0.304 0.022 0.32166666666666666 7.42e-05 0.0025 3.454 inverted 111.22517196724964
0.304 0.022 0.32166666666666666 7.42e-05 0.0025 2.198 inverted 110.2394662872185
0.304 0.022 0.32166666666666666 7.42e-05 0.0025 2.512 inverted 109.60948772698062
0.304 0.022 0.32166666666666666 7.42e-05 0.0025 4.396 inverted 112.56696517690395
0.304 0.022 0.32166666666666666 7.42e-05 0.0025 3.14 normal 105.64849066158123
0.304 0.022 0.32166666666666666 7.42e-05 0.0025 2.512 normal 107.56748105861294
0.304 0.022 0.32166666666666666 7.42e-05 0.0025 2.198 normal 110.34834669469905
0.304 0.022 0.32166666666666666 7.42e-05 0.0025 2.826 inverted 109.82781747930699
0.304 0.022 0.32166666666666666 7.42e-05 0.0025 3.768 inverted 111.79601861868812
0.304 0.022 0.32166666666666666 7.42e-05 0.0025 3.768 normal 106.77479250427221
0.304 0.022 0.32166666666666666 7.42e-05 0.0025 1.57 normal 119.63047599290701
0.304 0.022 0.32166666666666666 7.42e-05 0.0025 4.71 inverted 113.3076157528502
0.304 0.022 0.3383333333333333 7.42e-05 0.0025 0.0 normal 97.2274887834771
0.304 0.022 0.32166666666666666 7.42e-05 0.0025 5.338 inverted 116.80627729878131
0.304 0.022 0.32166666666666666 7.42e-05 0.0025 5.024 normal 116.9410522851004
0.304 0.022 0.32166666666666666 7.42e-05 0.0025 6.28 inverted 123.76447523805825
0.304 0.022 0.32166666666666666 7.42e-05 0.0025 4.71 normal 113.02136207092761
0.304 0.022 0.3383333333333333 7.42e-05 0.0025 0.314 inverted 89.89054341605836
0.304 0.022 0.32166666666666666 7.42e-05 0.0025 5.652 normal 126.8026020805707
0.304 0.022 0.32166666666666666 7.42e-05 0.0025 5.966 inverted 121.9631585419629
0.304 0.022 0.3383333333333333 7.42e-05 0.0025 0.314 normal 98.1950261648843
0.304 0.022 0.32166666666666666 7.42e-05 0.0025 5.338 normal 121.70441913162155
0.304 0.022 0.3383333333333333 7.42e-05 0.0025 1.256 normal 89.58601958673374
0.304 0.022 0.32166666666666666 7.42e-05 0.0025 5.966 normal 131.38929729832213
0.304 0.022 0.3383333333333333 7.42e-05 0.0025 1.256 inverted 84.34673610580644
0.304 0.022 0.3383333333333333 7.42e-05 0.0025 0.942 normal 93.93942741781072
0.304 0.022 0.3383333333333333 7.42e-05 0.0025 0.628 normal 97.03104027642408
0.304 0.022 0.32166666666666666 7.42e-05 0.0025 6.28 normal 134.52025216775866
0.304 0.022 0.32166666666666666 7.42e-05 0.0025 5.652 inverted 119.42875620211142
0.304 0.022 0.3383333333333333 7.42e-05 0.0025 1.57 inverted 81.53336592622074
0.304 0.022 0.3383333333333333 7.42e-05 0.0025 0.0 inverted 89.34749091818895
0.304 0.022 0.32166666666666666 7.42e-05 0.0025 5.024 inverted 114.6848446083249
0.304 0.022 0.3383333333333333 7.42e-05 0.0025 1.57 normal 84.80110623122656
0.304 0.022 0.3383333333333333 7.42e-05 0.0025 0.628 inverted 89.07950862188059
0.304 0.022 0.3383333333333333 7.42e-05 0.0025 0.942 inverted 87.06601537290318
0.304 0.022 0.3383333333333333 7.42e-05 0.0025 3.768 inverted 79.95090030733948
0.304 0.022 0.3383333333333333 7.42e-05 0.0025 3.454 inverted 79.39967415953673
0.304 0.022 0.3383333333333333 7.42e-05 0.0025 1.884 normal 80.39767919755344
0.304 0.022 0.3383333333333333 7.42e-05 0.0025 4.71 normal 79.19240503132652
0.304 0.022 0.3383333333333333 7.42e-05 0.0025 1.884 inverted 79.22949089218969
0.304 0.022 0.3383333333333333 7.42e-05 0.0025 2.826 normal 73.67005112167983
0.304 0.022 0.3383333333333333 7.42e-05 0.0025 4.71 inverted 80.75997523511195
0.304 0.022 0.3383333333333333 7.42e-05 0.0025 3.14 inverted 78.57461242266731
0.304 0.022 0.3383333333333333 7.42e-05 0.0025 2.198 normal 76.96401744968749
0.304 0.022 0.3383333333333333 7.42e-05 0.0025 2.512 inverted 77.42435683908619
0.304 0.022 0.3383333333333333 7.42e-05 0.0025 2.512 normal 74.73923328062743
0.304 0.022 0.3383333333333333 7.42e-05 0.0025 2.198 inverted 77.83667638794742
0.304 0.022 0.3383333333333333 7.42e-05 0.0025 3.768 normal 74.5787269764456
0.304 0.022 0.3383333333333333 7.42e-05 0.0025 5.338 inverted 83.31585245085617
0.304 0.022 0.3383333333333333 7.42e-05 0.0025 2.826 inverted 77.80973240899826
0.304 0.022 0.3383333333333333 7.42e-05 0.0025 3.454 normal 73.86027899706731
0.304 0.022 0.3383333333333333 7.42e-05 0.0025 4.396 inverted 80.37702091554488
0.304 0.022 0.3383333333333333 7.42e-05 0.0025 4.082 inverted 80.21792211912974
0.304 0.022 0.3383333333333333 7.42e-05 0.0025 4.082 normal 75.58364191504765
0.304 0.022 0.3383333333333333 7.42e-05 0.0025 5.024 normal 82.22096220224428
0.304 0.022 0.3383333333333333 7.42e-05 0.0025 4.396 normal 77.04134448499033
0.304 0.022 0.3383333333333333 7.42e-05 0.0025 5.024 inverted 81.686240267621
0.304 0.022 0.3383333333333333 7.42e-05 0.0025 3.14 normal 73.48186211703968
0.304 0.022 0.3383333333333333 7.42e-05 0.0025 5.338 normal 86.08443457792607
0.304 0.022 0.3383333333333333 7.42e-05 0.0025 5.966 inverted 87.6780711216176
0.304 0.022 0.355 7.42e-05 0.0025 0.0 normal 69.08750062393263
0.304 0.022 0.355 7.42e-05 0.0025 0.314 inverted 64.43553085004365
0.304 0.022 0.3383333333333333 7.42e-05 0.0025 5.652 inverted 85.46361692685907
0.304 0.022 0.3383333333333333 7.42e-05 0.0025 5.966 normal 94.3733479442774
0.304 0.022 0.355 7.42e-05 0.0025 1.256 normal 62.94270055004594
0.304 0.022 0.355 7.42e-05 0.0025 0.942 normal 66.6572451858979
0.304 0.022 0.355 7.42e-05 0.0025 0.628 normal 69.22753305870765
0.304 0.022 0.355 7.42e-05 0.0025 0.314 normal 70.08418800223592
0.304 0.022 0.355 7.42e-05 0.0025 0.628 inverted 63.81898340982987
0.304 0.022 0.355 7.42e-05 0.0025 2.512 normal 50.455184965015626
0.304 0.022 0.355 7.42e-05 0.0025 0.942 inverted 62.10979707326453
0.304 0.022 0.355 7.42e-05 0.0025 0.0 inverted 63.849459062371714
0.304 0.022 0.3383333333333333 7.42e-05 0.0025 5.652 normal 90.38411130450554
0.304 0.022 0.3383333333333333 7.42e-05 0.0025 6.28 inverted 89.33317450958852
0.304 0.022 0.355 7.42e-05 0.0025 2.198 inverted 54.068405019801446
0.304 0.022 0.355 7.42e-05 0.0025 1.884 normal 55.08776896123876
0.304 0.022 0.355 7.42e-05 0.0025 2.198 normal 52.22076554831829
0.304 0.022 0.355 7.42e-05 0.0025 2.512 inverted 53.82159282370166
0.304 0.022 0.355 7.42e-05 0.0025 1.884 inverted 55.2363400301232
0.304 0.022 0.355 7.42e-05 0.0025 1.57 inverted 57.258552023238494
0.304 0.022 0.3383333333333333 7.42e-05 0.0025 6.28 normal 97.20529471149001
0.304 0.022 0.355 7.42e-05 0.0025 1.57 normal 58.84604165850484
0.304 0.022 0.355 7.42e-05 0.0025 1.256 inverted 59.73129464033174
0.304 0.022 0.355 7.42e-05 0.0025 3.14 inverted 55.187744636702156
0.304 0.022 0.355 7.42e-05 0.0025 3.14 normal 49.77464055671948
0.304 0.022 0.355 7.42e-05 0.0025 2.826 normal 49.742392824649336
0.304 0.022 0.355 7.42e-05 0.0025 5.024 inverted 57.41121957142502
0.304 0.022 0.355 7.42e-05 0.0025 5.652 normal 63.04022894146982
0.304 0.022 0.355 7.42e-05 0.0025 4.71 inverted 56.86544957924922
0.304 0.022 0.355 7.42e-05 0.0025 3.768 normal 50.86221768519009
0.304 0.022 0.355 7.42e-05 0.0025 5.024 normal 56.37828277084092
0.304 0.022 0.355 7.42e-05 0.0025 4.082 normal 51.60056721787474
0.304 0.022 0.355 7.42e-05 0.0025 2.826 inverted 54.309525185108086
0.304 0.022 0.355 7.42e-05 0.0025 5.338 normal 59.45810861941719
0.304 0.022 0.355 7.42e-05 0.0025 4.396 normal 52.59592534726293
0.304 0.022 0.355 7.42e-05 0.0025 4.082 inverted 56.80615051895451
0.304 0.022 0.355 7.42e-05 0.0025 5.966 inverted 62.316471522558786
0.304 0.022 0.355 7.42e-05 0.0025 3.454 inverted 56.050846794801444
0.304 0.022 0.355 7.42e-05 0.0025 3.768 inverted 56.614998444424046
0.304 0.022 0.355 7.42e-05 0.0025 5.966 normal 66.50149865475636
0.304 0.022 0.355 7.42e-05 0.0025 4.396 inverted 56.783818290896555
0.304 0.022 0.355 7.42e-05 0.0025 4.71 normal 54.10160574412575
0.304 0.022 0.355 7.42e-05 0.0025 6.28 inverted 63.836822121234825
0.304 0.022 0.355 7.42e-05 0.0025 5.652 inverted 60.3753136355538
0.304 0.022 0.355 7.42e-05 0.0025 6.28 normal 69.07003743557615
0.304 0.022 0.355 7.42e-05 0.0025 3.454 normal 50.22419552157202
0.304 0.022 0.355 7.42e-05 0.0025 5.338 inverted 58.612602163945226
0.304 0.022 0.37166666666666665 7.42e-05 0.0025 0.0 normal 48.530135504112636
0.304 0.022 0.37166666666666665 7.42e-05 0.0025 0.628 normal 48.96576079818878
0.304 0.022 0.37166666666666665 7.42e-05 0.0025 0.628 inverted 45.85928636432163
0.304 0.022 0.37166666666666665 7.42e-05 0.0025 0.314 inverted 46.297527019218734
0.304 0.022 0.37166666666666665 7.42e-05 0.0025 3.14 inverted 38.65722577625127
0.304 0.022 0.37166666666666665 7.42e-05 0.0025 0.942 normal 46.84196899821479
0.304 0.022 0.37166666666666665 7.42e-05 0.0025 1.256 inverted 42.31476958017899
0.304 0.022 0.37166666666666665 7.42e-05 0.0025 2.826 inverted 37.72500988506922
0.304 0.022 0.37166666666666665 7.42e-05 0.0025 2.826 normal 32.70790766998524
0.304 0.022 0.37166666666666665 7.42e-05 0.0025 3.14 normal 32.920888934040846
0.304 0.022 0.37166666666666665 7.42e-05 0.0025 1.884 inverted 38.307152794370296
0.304 0.022 0.37166666666666665 7.42e-05 0.0025 3.454 normal 33.43900624723315
0.304 0.022 0.37166666666666665 7.42e-05 0.0025 2.198 normal 34.53947442805031
0.304 0.022 0.37166666666666665 7.42e-05 0.0025 0.314 normal 49.55865406395458
0.304 0.022 0.37166666666666665 7.42e-05 0.0025 2.198 inverted 37.300574057097634
0.304 0.022 0.37166666666666665 7.42e-05 0.0025 1.256 normal 43.68436293302921
0.304 0.022 0.37166666666666665 7.42e-05 0.0025 2.512 normal 33.143202707382855
0.304 0.022 0.37166666666666665 7.42e-05 0.0025 0.0 inverted 45.66341700052856
0.304 0.022 0.37166666666666665 7.42e-05 0.0025 1.884 normal 36.93208449278831
0.304 0.022 0.37166666666666665 7.42e-05 0.0025 1.57 inverted 40.106200971036905
0.304 0.022 0.37166666666666665 7.42e-05 0.0025 0.942 inverted 44.40987905660558
0.304 0.022 0.37166666666666665 7.42e-05 0.0025 3.454 inverted 39.56857331638522
0.304 0.022 0.37166666666666665 7.42e-05 0.0025 2.512 inverted 37.15040781709169
0.304 0.022 0.37166666666666665 7.42e-05 0.0025 1.57 normal 40.14721208490503
0.304 0.022 0.37166666666666665 7.42e-05 0.0025 6.28 normal 48.512468673669154
0.304 0.022 0.37166666666666665 7.42e-05 0.0025 3.768 inverted 40.1468482156833
0.304 0.022 0.3883333333333333 7.42e-05 0.0025 0.314 normal 35.132996125554435
0.304 0.022 0.37166666666666665 7.42e-05 0.0025 4.396 inverted 40.134973383739315
0.304 0.022 0.37166666666666665 7.42e-05 0.0025 4.082 normal 34.54346825188399
0.304 0.022 0.37166666666666665 7.42e-05 0.0025 4.396 normal 35.16342981816673
0.304 0.022 0.37166666666666665 7.42e-05 0.0025 6.28 inverted 45.654547970579785
0.304 0.022 0.37166666666666665 7.42e-05 0.0025 3.768 normal 34.010592384395274
0.304 0.022 0.37166666666666665 7.42e-05 0.0025 4.71 inverted 39.99374730612987
0.304 0.022 0.37166666666666665 7.42e-05 0.0025 4.082 inverted 40.29304120366358
0.304 0.022 0.37166666666666665 7.42e-05 0.0025 5.652 inverted 42.53159529630242
0.304 0.022 0.3883333333333333 7.42e-05 0.0025 0.314 inverted 33.989487866659566
0.304 0.022 0.37166666666666665 7.42e-05 0.0025 5.652 normal 43.16369022693554
0.304 0.022 0.37166666666666665 7.42e-05 0.0025 5.338 inverted 41.08290427231881
0.304 0.022 0.37166666666666665 7.42e-05 0.0025 4.71 normal 36.14269214595364
0.304 0.022 0.3883333333333333 7.42e-05 0.0025 0.0 normal 34.07850139607561
0.304 0.022 0.37166666666666665 7.42e-05 0.0025 5.966 inverted 44.22830676727423
0.304 0.022 0.3883333333333333 7.42e-05 0.0025 0.0 inverted 33.30543953012049
0.304 0.022 0.37166666666666665 7.42e-05 0.0025 5.338 normal 40.188315132261586
0.304 0.022 0.3883333333333333 7.42e-05 0.0025 0.628 normal 34.75952231225677
0.304 0.022 0.37166666666666665 7.42e-05 0.0025 5.024 inverted 40.236075947410534
0.304 0.022 0.3883333333333333 7.42e-05 0.0025 0.628 inverted 33.70627575103385
0.304 0.022 0.37166666666666665 7.42e-05 0.0025 5.024 normal 37.782968346958604
0.304 0.022 0.37166666666666665 7.42e-05 0.0025 5.966 normal 46.1694670830506
0.304 0.022 0.3883333333333333 7.42e-05 0.0025 1.256 inverted 30.612102200024655
0.304 0.022 0.3883333333333333 7.42e-05 0.0025 2.198 inverted 26.041593512039384
0.304 0.022 0.3883333333333333 7.42e-05 0.0025 2.512 inverted 25.948595319024925
0.304 0.022 0.3883333333333333 7.42e-05 0.0025 1.256 normal 30.317821294434662
0.304 0.022 0.3883333333333333 7.42e-05 0.0025 1.57 normal 27.261444717655497
0.304 0.022 0.3883333333333333 7.42e-05 0.0025 3.14 inverted 27.524763290292174
0.304 0.022 0.3883333333333333 7.42e-05 0.0025 0.942 inverted 32.476273087779774
0.304 0.022 0.3883333333333333 7.42e-05 0.0025 4.396 normal 23.273361480238417
0.304 0.022 0.3883333333333333 7.42e-05 0.0025 0.942 normal 33.01817319154341
0.304 0.022 0.3883333333333333 7.42e-05 0.0025 3.454 inverted 28.463438552813063
0.304 0.022 0.3883333333333333 7.42e-05 0.0025 1.884 normal 24.464839121594554
0.304 0.022 0.3883333333333333 7.42e-05 0.0025 1.884 inverted 26.966978434781474
0.304 0.022 0.3883333333333333 7.42e-05 0.0025 3.454 normal 22.03269489377276
0.304 0.022 0.3883333333333333 7.42e-05 0.0025 2.826 normal 21.093009414035027
0.304 0.022 0.3883333333333333 7.42e-05 0.0025 4.082 normal 22.941108446604208
0.304 0.022 0.3883333333333333 7.42e-05 0.0025 1.57 inverted 28.610279649857326
0.304 0.022 0.3883333333333333 7.42e-05 0.0025 3.14 normal 21.45633769646572
0.304 0.022 0.3883333333333333 7.42e-05 0.0025 3.768 normal 22.568031429287057
0.304 0.022 0.3883333333333333 7.42e-05 0.0025 2.826 inverted 26.555829864785785
0.304 0.022 0.3883333333333333 7.42e-05 0.0025 3.768 inverted 29.05948736008505
0.304 0.022 0.3883333333333333 7.42e-05 0.0025 4.082 inverted 29.185471198478638
0.304 0.022 0.3883333333333333 7.42e-05 0.0025 2.512 normal 21.33578671293019
0.304 0.022 0.3883333333333333 7.42e-05 0.0025 2.198 normal 22.432765144186078
0.304 0.022 0.3883333333333333 7.42e-05 0.0025 4.396 inverted 28.944494492388795
0.304 0.022 0.3883333333333333 7.42e-05 0.0025 4.71 inverted 28.642234324643884
0.304 0.022 0.405 7.42e-05 0.0025 1.256 normal 21.51990231192011
0.304 0.022 0.3883333333333333 7.42e-05 0.0025 5.338 normal 26.80473669558112
0.304 0.022 0.3883333333333333 7.42e-05 0.0025 5.024 inverted 28.6441642116383
0.304 0.022 0.3883333333333333 7.42e-05 0.0025 5.966 normal 31.90574816753805
0.304 0.022 0.405 7.42e-05 0.0025 0.628 inverted 26.019452167306724
0.304 0.022 0.3883333333333333 7.42e-05 0.0025 5.652 normal 29.271595609466548
0.304 0.022 0.405 7.42e-05 0.0025 0.628 normal 25.29154818531243
0.304 0.022 0.405 7.42e-05 0.0025 0.942 inverted 24.9682651158669
0.304 0.022 0.405 7.42e-05 0.0025 0.0 normal 24.38337893082677
0.304 0.022 0.405 7.42e-05 0.0025 0.314 inverted 26.167322504791763
0.304 0.022 0.3883333333333333 7.42e-05 0.0025 4.71 normal 23.83236387572835
0.304 0.022 0.3883333333333333 7.42e-05 0.0025 6.28 inverted 33.29562810233475
0.304 0.022 0.405 7.42e-05 0.0025 1.256 inverted 23.284689434267655
0.304 0.022 0.405 7.42e-05 0.0025 1.57 normal 18.83632628161073
0.304 0.022 0.405 7.42e-05 0.0025 1.57 inverted 21.422860014880484
0.304 0.022 0.3883333333333333 7.42e-05 0.0025 5.338 inverted 29.234660633466685
0.304 0.022 0.3883333333333333 7.42e-05 0.0025 5.966 inverted 31.93837615881293
0.304 0.022 0.405 7.42e-05 0.0025 0.0 inverted 25.429519954805123
0.304 0.022 0.405 7.42e-05 0.0025 0.314 normal 25.472636898317138
0.304 0.022 0.3883333333333333 7.42e-05 0.0025 6.28 normal 34.05802368366389
0.304 0.022 0.3883333333333333 7.42e-05 0.0025 5.652 inverted 30.42610969684059
0.304 0.022 0.405 7.42e-05 0.0025 0.942 normal 23.86284445208226
0.304 0.022 0.3883333333333333 7.42e-05 0.0025 5.024 normal 24.957661951486767
0.304 0.022 0.405 7.42e-05 0.0025 2.512 normal 13.702200080906497
0.304 0.022 0.405 7.42e-05 0.0025 3.768 normal 15.214682379664977
0.304 0.022 0.405 7.42e-05 0.0025 4.396 inverted 21.871569655728983
0.304 0.022 0.405 7.42e-05 0.0025 5.024 inverted 21.30585412411799
0.304 0.022 0.405 7.42e-05 0.0025 3.14 inverted 20.450323903902376
0.304 0.022 0.405 7.42e-05 0.0025 4.396 normal 15.596953288474042
0.304 0.022 0.405 7.42e-05 0.0025 2.198 inverted 18.973018622363547
0.304 0.022 0.405 7.42e-05 0.0025 4.082 normal 15.483136633149156
0.304 0.022 0.405 7.42e-05 0.0025 3.768 inverted 22.022087313629807
0.304 0.022 0.405 7.42e-05 0.0025 2.198 normal 14.603665123270963
0.304 0.022 0.405 7.42e-05 0.0025 3.454 inverted 21.40783313420446
0.304 0.022 0.405 7.42e-05 0.0025 2.512 inverted 18.88534998363353
0.304 0.022 0.405 7.42e-05 0.0025 5.338 normal 17.96840463336303
0.304 0.022 0.405 7.42e-05 0.0025 5.338 inverted 21.700395643319244
0.304 0.022 0.405 7.42e-05 0.0025 2.826 normal 13.621327839765963
0.304 0.022 0.405 7.42e-05 0.0025 1.884 normal 16.37874354178755
0.304 0.022 0.405 7.42e-05 0.0025 1.884 inverted 19.862686375227934
0.304 0.022 0.405 7.42e-05 0.0025 3.14 normal 14.070983334519036
0.304 0.022 0.405 7.42e-05 0.0025 3.454 normal 14.698439695478742
0.304 0.022 0.405 7.42e-05 0.0025 2.826 inverted 19.48416335078544
0.304 0.022 0.405 7.42e-05 0.0025 4.082 inverted 22.150568301437833
0.304 0.022 0.405 7.42e-05 0.0025 4.71 inverted 21.460905708814586
0.304 0.022 0.405 7.42e-05 0.0025 5.024 normal 16.558627916654817
0.304 0.022 0.405 7.42e-05 0.0025 4.71 normal 15.840638268186451
0.304 0.022 0.42166666666666663 7.42e-05 0.0025 0.314 normal 19.39737924502875
0.304 0.022 0.42166666666666663 7.42e-05 0.0025 1.57 inverted 17.36439919053712
0.304 0.022 0.42166666666666663 7.42e-05 0.0025 0.628 inverted 21.61415626280904
0.304 0.022 0.42166666666666663 7.42e-05 0.0025 0.0 normal 18.272312209311526
0.304 0.022 0.42166666666666663 7.42e-05 0.0025 0.314 inverted 21.64310109856278
0.304 0.022 0.42166666666666663 7.42e-05 0.0025 0.0 inverted 20.83898250984863
0.304 0.022 0.42166666666666663 7.42e-05 0.0025 2.198 inverted 14.93258460132423
0.304 0.022 0.42166666666666663 7.42e-05 0.0025 0.628 normal 19.382276165519958
0.304 0.022 0.405 7.42e-05 0.0025 5.966 normal 22.361460881627043
0.304 0.022 0.42166666666666663 7.42e-05 0.0025 2.512 normal 9.120396154082757
0.304 0.022 0.42166666666666663 7.42e-05 0.0025 0.942 inverted 20.702221055051986
0.304 0.022 0.405 7.42e-05 0.0025 5.652 normal 20.032240235875687
0.304 0.022 0.42166666666666663 7.42e-05 0.0025 1.884 inverted 15.836402212665792
0.304 0.022 0.405 7.42e-05 0.0025 6.28 inverted 25.41771475808491
0.304 0.022 0.405 7.42e-05 0.0025 5.652 inverted 22.715996892174214
0.304 0.022 0.405 7.42e-05 0.0025 6.28 normal 24.36683419397752
0.304 0.022 0.42166666666666663 7.42e-05 0.0025 2.198 normal 9.890403887381245
0.304 0.022 0.405 7.42e-05 0.0025 5.966 inverted 24.10387541102258
0.304 0.022 0.42166666666666663 7.42e-05 0.0025 1.57 normal 13.7178121066766
0.304 0.022 0.42166666666666663 7.42e-05 0.0025 1.256 inverted 19.142879391420188
0.304 0.022 0.42166666666666663 7.42e-05 0.0025 0.942 normal 18.187542666734576
0.304 0.022 0.42166666666666663 7.42e-05 0.0025 1.256 normal 16.132703715616092
0.304 0.022 0.42166666666666663 7.42e-05 0.0025 2.512 inverted 14.796910293057476
0.304 0.022 0.42166666666666663 7.42e-05 0.0025 1.884 normal 11.48563100234598
0.304 0.022 0.42166666666666663 7.42e-05 0.0025 4.396 normal 10.96074504515904
0.304 0.022 0.42166666666666663 7.42e-05 0.0025 3.14 normal 9.630918220291178
0.304 0.022 0.42166666666666663 7.42e-05 0.0025 4.396 inverted 17.732057565650656
0.304 0.022 0.42166666666666663 7.42e-05 0.0025 3.14 inverted 16.28299322746536
0.304 0.022 0.42166666666666663 7.42e-05 0.0025 5.966 inverted 19.521821318684772
0.304 0.022 0.42166666666666663 7.42e-05 0.0025 5.652 normal 14.247808125331433
0.304 0.022 0.42166666666666663 7.42e-05 0.0025 3.768 normal 10.790157875380457
0.304 0.022 0.42166666666666663 7.42e-05 0.0025 5.024 inverted 17.028146879329924
0.304 0.022 0.42166666666666663 7.42e-05 0.0025 4.082 normal 10.986058361548722
0.304 0.022 0.42166666666666663 7.42e-05 0.0025 5.652 inverted 18.203762546570204
0.304 0.022 0.42166666666666663 7.42e-05 0.0025 4.71 inverted 17.276439756500558
0.304 0.022 0.42166666666666663 7.42e-05 0.0025 2.826 normal 9.11657296687761
0.304 0.022 0.42166666666666663 7.42e-05 0.0025 5.338 inverted 17.309186532952985
0.304 0.022 0.42166666666666663 7.42e-05 0.0025 5.338 normal 12.488122343280283
0.304 0.022 0.42166666666666663 7.42e-05 0.0025 5.024 normal 11.404132775308836
0.304 0.022 0.42166666666666663 7.42e-05 0.0025 4.71 normal 10.978684821056033
0.304 0.022 0.42166666666666663 7.42e-05 0.0025 2.826 inverted 15.343012400325572
0.304 0.022 0.42166666666666663 7.42e-05 0.0025 3.768 inverted 17.87254468069431
0.304 0.022 0.42166666666666663 7.42e-05 0.0025 6.28 inverted 20.828351048993326
0.304 0.022 0.42166666666666663 7.42e-05 0.0025 3.454 normal 10.285538510219043
0.304 0.022 0.42166666666666663 7.42e-05 0.0025 3.454 inverted 17.239670082162096
0.304 0.022 0.42166666666666663 7.42e-05 0.0025 6.28 normal 18.25603789880288
0.304 0.022 0.42166666666666663 7.42e-05 0.0025 4.082 inverted 18.01570799321327
0.304 0.022 0.42166666666666663 7.42e-05 0.0025 5.966 normal 16.352314924741787
0.304 0.022 0.43833333333333335 7.42e-05 0.0025 1.57 inverted 15.436479261494988
0.304 0.022 0.43833333333333335 7.42e-05 0.0025 0.942 normal 14.986090651109212
0.304 0.022 0.43833333333333335 7.42e-05 0.0025 0.0 inverted 18.524441473289947
0.304 0.022 0.43833333333333335 7.42e-05 0.0025 1.57 normal 10.895197062560287
0.304 0.022 0.43833333333333335 7.42e-05 0.0025 0.314 normal 15.878144366973691
0.304 0.022 0.43833333333333335 7.42e-05 0.0025 0.942 inverted 18.66612584446603
0.304 0.022 0.43833333333333335 7.42e-05 0.0025 1.884 inverted 13.887293864251689
0.304 0.022 0.43833333333333335 7.42e-05 0.0025 1.884 normal 8.816539449030518
0.304 0.022 0.43833333333333335 7.42e-05 0.0025 3.14 normal 7.13661410799943
0.304 0.022 0.43833333333333335 7.42e-05 0.0025 0.0 normal 14.712572046625837
0.304 0.022 0.43833333333333335 7.42e-05 0.0025 2.826 inverted 13.144433642002912
0.304 0.022 0.43833333333333335 7.42e-05 0.0025 2.512 normal 6.577451572344795
0.304 0.022 0.43833333333333335 7.42e-05 0.0025 3.14 inverted 14.026951583487277
0.304 0.022 0.43833333333333335 7.42e-05 0.0025 0.628 normal 15.991549155925016
0.304 0.022 0.43833333333333335 7.42e-05 0.0025 2.512 inverted 12.684405798946866
0.304 0.022 0.43833333333333335 7.42e-05 0.0025 1.256 inverted 17.184873323012685
0.304 0.022 0.43833333333333335 7.42e-05 0.0025 3.454 inverted 14.959094731363786
0.304 0.022 0.43833333333333335 7.42e-05 0.0025 1.256 normal 13.136083615666601
0.304 0.022 0.43833333333333335 7.42e-05 0.0025 0.314 inverted 19.398305441184196
0.304 0.022 0.43833333333333335 7.42e-05 0.0025 0.628 inverted 19.470878592750893
0.304 0.022 0.43833333333333335 7.42e-05 0.0025 3.454 normal 7.809819856141487
0.304 0.022 0.43833333333333335 7.42e-05 0.0025 2.198 normal 7.297814217736856
0.304 0.022 0.43833333333333335 7.42e-05 0.0025 2.826 normal 6.612674559329748
0.304 0.022 0.43833333333333335 7.42e-05 0.0025 2.198 inverted 12.911069039520504
0.304 0.022 0.43833333333333335 7.42e-05 0.0025 4.71 inverted 15.069925427078429
0.304 0.022 0.43833333333333335 7.42e-05 0.0025 6.28 normal 14.695111920014366
0.304 0.022 0.43833333333333335 7.42e-05 0.0025 4.082 normal 8.471120155958557
0.304 0.022 0.43833333333333335 7.42e-05 0.0025 5.338 normal 9.34327860467369
0.304 0.022 0.43833333333333335 7.42e-05 0.0025 3.768 normal 8.304665045727356
0.304 0.022 0.43833333333333335 7.42e-05 0.0025 3.768 inverted 15.604398569927216
0.304 0.022 0.43833333333333335 7.42e-05 0.0025 4.71 normal 8.239554238696643
0.304 0.022 0.43833333333333335 7.42e-05 0.0025 5.024 normal 8.47443666158309
0.304 0.022 0.43833333333333335 7.42e-05 0.0025 4.396 inverted 15.520121088196479
0.304 0.022 0.45499999999999996 7.42e-05 0.0025 0.314 normal 14.044980033455278
0.304 0.022 0.43833333333333335 7.42e-05 0.0025 5.652 normal 10.89923349391609
0.304 0.022 0.43833333333333335 7.42e-05 0.0025 4.082 inverted 15.77783185940136
0.304 0.022 0.45499999999999996 7.42e-05 0.0025 0.0 inverted 17.639404125906868
0.304 0.022 0.43833333333333335 7.42e-05 0.0025 5.338 inverted 15.032669689883141
0.304 0.022 0.45499999999999996 7.42e-05 0.0025 0.628 normal 14.27305371890756
0.304 0.022 0.43833333333333335 7.42e-05 0.0025 5.966 inverted 17.181505635610872
0.304 0.022 0.45499999999999996 7.42e-05 0.0025 0.628 inverted 18.75118271109633
0.304 0.022 0.43833333333333335 7.42e-05 0.0025 4.396 normal 8.360757860998039
0.304 0.022 0.43833333333333335 7.42e-05 0.0025 6.28 inverted 18.512247748922608
0.304 0.022 0.43833333333333335 7.42e-05 0.0025 5.652 inverted 15.881916606771311
0.304 0.022 0.43833333333333335 7.42e-05 0.0025 5.024 inverted 14.796801843826506
0.304 0.022 0.45499999999999996 7.42e-05 0.0025 0.314 inverted 18.59089305685366
0.304 0.022 0.45499999999999996 7.42e-05 0.0025 0.0 normal 12.832917659427734
0.304 0.022 0.43833333333333335 7.42e-05 0.0025 5.966 normal 12.851200478545122
0.304 0.022 0.45499999999999996 7.42e-05 0.0025 1.57 inverted 14.805587797023465
0.304 0.022 0.45499999999999996 7.42e-05 0.0025 1.884 normal 7.520738424270719
0.304 0.022 0.45499999999999996 7.42e-05 0.0025 0.942 inverted 18.022032589179247
0.304 0.022 0.45499999999999996 7.42e-05 0.0025 1.256 inverted 16.572450357052496
0.304 0.022 0.45499999999999996 7.42e-05 0.0025 2.512 inverted 11.736791257479057
0.304 0.022 0.45499999999999996 7.42e-05 0.0025 4.082 normal 7.1115370842656604
0.304 0.022 0.45499999999999996 7.42e-05 0.0025 4.082 inverted 14.619903557177498
0.304 0.022 0.45499999999999996 7.42e-05 0.0025 3.768 inverted 14.407142049619962
0.304 0.022 0.45499999999999996 7.42e-05 0.0025 3.14 normal 5.805429076219582
0.304 0.022 0.45499999999999996 7.42e-05 0.0025 1.256 normal 11.673521764535922
0.304 0.022 0.45499999999999996 7.42e-05 0.0025 2.826 normal 5.300679418705743
0.304 0.022 0.45499999999999996 7.42e-05 0.0025 2.198 normal 6.027879082777116
0.304 0.022 0.45499999999999996 7.42e-05 0.0025 1.884 inverted 13.186298141236566
0.304 0.022 0.45499999999999996 7.42e-05 0.0025 2.198 inverted 12.094728094622134
0.304 0.022 0.45499999999999996 7.42e-05 0.0025 4.396 inverted 14.407663871630703
0.304 0.022 0.45499999999999996 7.42e-05 0.0025 0.942 normal 13.402251704676486
0.304 0.022 0.45499999999999996 7.42e-05 0.0025 3.768 normal 6.958802875495731
0.304 0.022 0.45499999999999996 7.42e-05 0.0025 4.396 normal 6.971352710391323
0.304 0.022 0.45499999999999996 7.42e-05 0.0025 3.454 inverted 13.761991220554393
0.304 0.022 0.45499999999999996 7.42e-05 0.0025 3.14 inverted 12.874596454703346
0.304 0.022 0.45499999999999996 7.42e-05 0.0025 3.454 normal 6.46256280524733
0.304 0.022 0.45499999999999996 7.42e-05 0.0025 1.57 normal 9.542553187447156
0.304 0.022 0.45499999999999996 7.42e-05 0.0025 2.512 normal 5.294673494703251
0.304 0.022 0.45499999999999996 7.42e-05 0.0025 2.826 inverted 12.078321142503675
0.304 0.022 0.45499999999999996 7.42e-05 0.0025 5.966 inverted 16.236066780278748
0.304 0.022 0.4716666666666667 7.42e-05 0.0025 0.628 normal 13.532439383688779
0.304 0.022 0.4716666666666667 7.42e-05 0.0025 0.0 inverted 17.508868394229342
0.304 0.022 0.4716666666666667 7.42e-05 0.0025 1.57 inverted 14.825872432778462
0.304 0.022 0.45499999999999996 7.42e-05 0.0025 5.024 normal 6.921474582889617
0.304 0.022 0.4716666666666667 7.42e-05 0.0025 0.0 normal 11.950167430096506
0.304 0.022 0.45499999999999996 7.42e-05 0.0025 4.71 inverted 14.005602934596286
0.304 0.022 0.4716666666666667 7.42e-05 0.0025 0.942 normal 12.75389971022249
0.304 0.022 0.45499999999999996 7.42e-05 0.0025 5.652 inverted 14.902725012118733
0.304 0.022 0.4716666666666667 7.42e-05 0.0025 0.314 normal 13.224128403425173
0.304 0.022 0.45499999999999996 7.42e-05 0.0025 6.28 inverted 17.625721822038265
0.304 0.022 0.45499999999999996 7.42e-05 0.0025 5.338 inverted 14.030737752762198
0.304 0.022 0.45499999999999996 7.42e-05 0.0025 5.024 inverted 13.770530357817352
0.304 0.022 0.45499999999999996 7.42e-05 0.0025 5.652 normal 9.112453855845475
0.304 0.022 0.45499999999999996 7.42e-05 0.0025 5.966 normal 10.992971010487864
0.304 0.022 0.45499999999999996 7.42e-05 0.0025 6.28 normal 12.818403882838583
0.304 0.022 0.45499999999999996 7.42e-05 0.0025 4.71 normal 6.78478871189565
0.304 0.022 0.4716666666666667 7.42e-05 0.0025 1.256 inverted 16.65028699036971
0.304 0.022 0.45499999999999996 7.42e-05 0.0025 5.338 normal 7.6732253970654
0.304 0.022 0.4716666666666667 7.42e-05 0.0025 1.57 normal 9.000610590518109
0.304 0.022 0.4716666666666667 7.42e-05 0.0025 1.256 normal 11.10084165192789
0.304 0.022 0.4716666666666667 7.42e-05 0.0025 0.314 inverted 18.552932591050485
0.304 0.022 0.4716666666666667 7.42e-05 0.0025 0.628 inverted 18.788745207020177
0.304 0.022 0.4716666666666667 7.42e-05 0.0025 0.942 inverted 18.098147303221566
0.304 0.022 0.4716666666666667 7.42e-05 0.0025 2.512 normal 4.6248850906446
0.304 0.022 0.4716666666666667 7.42e-05 0.0025 3.768 normal 6.1051033204794
0.304 0.022 0.4716666666666667 7.42e-05 0.0025 2.512 inverted 11.327870515779182
0.304 0.022 0.4716666666666667 7.42e-05 0.0025 3.454 inverted 13.016189255891017
0.304 0.022 0.4716666666666667 7.42e-05 0.0025 4.082 normal 6.26114294853812
0.304 0.022 0.4716666666666667 7.42e-05 0.0025 3.14 inverted 12.194712298429845
0.304 0.022 0.4716666666666667 7.42e-05 0.0025 1.884 normal 6.9632581785350744
0.304 0.022 0.4716666666666667 7.42e-05 0.0025 3.454 normal 5.625078717970429
0.304 0.022 0.4716666666666667 7.42e-05 0.0025 2.826 inverted 11.515793032196974
0.304 0.022 0.4716666666666667 7.42e-05 0.0025 4.396 normal 6.129846890191722
0.304 0.022 0.4716666666666667 7.42e-05 0.0025 5.338 inverted 13.63685766998591
0.304 0.022 0.4716666666666667 7.42e-05 0.0025 2.198 normal 5.420981638007372
0.304 0.022 0.4716666666666667 7.42e-05 0.0025 4.71 inverted 13.435882968228862
0.304 0.022 0.4716666666666667 7.42e-05 0.0025 4.71 normal 5.950988183881113
0.304 0.022 0.4716666666666667 7.42e-05 0.0025 3.768 inverted 13.65061674352417
0.304 0.022 0.4716666666666667 7.42e-05 0.0025 1.884 inverted 13.08843033408849
0.304 0.022 0.4716666666666667 7.42e-05 0.0025 2.198 inverted 11.846212801530694
0.304 0.022 0.4716666666666667 7.42e-05 0.0025 5.024 inverted 13.292573054414357
0.304 0.022 0.4716666666666667 7.42e-05 0.0025 4.082 inverted 13.891483788707214
0.304 0.022 0.4716666666666667 7.42e-05 0.0025 5.338 normal 6.7977061704080715
0.304 0.022 0.4716666666666667 7.42e-05 0.0025 2.826 normal 4.559467349986748
0.304 0.022 0.4716666666666667 7.42e-05 0.0025 3.14 normal 5.0064973511678525
0.304 0.022 0.4716666666666667 7.42e-05 0.0025 5.024 normal 6.073684457737539
0.304 0.022 0.4716666666666667 7.42e-05 0.0025 4.396 inverted 13.757592504758806
0.304 0.022 0.4883333333333333 7.42e-05 0.0025 0.314 normal 12.897665221611387
0.304 0.022 0.4883333333333333 7.42e-05 0.0025 0.0 normal 11.551210722998086
0.304 0.022 0.4716666666666667 7.42e-05 0.0025 5.652 normal 8.213215866343745
0.304 0.022 0.4883333333333333 7.42e-05 0.0025 0.628 normal 13.275694405848407
0.304 0.022 0.4716666666666667 7.42e-05 0.0025 5.966 normal 10.084961201297146
0.304 0.022 0.4883333333333333 7.42e-05 0.0025 1.256 inverted 16.95625889172705
0.304 0.022 0.4716666666666667 7.42e-05 0.0025 6.28 inverted 17.495070231040188
0.304 0.022 0.4883333333333333 7.42e-05 0.0025 0.628 inverted 19.10952843077174
0.304 0.022 0.4883333333333333 7.42e-05 0.0025 1.884 normal 6.681706299752468
0.304 0.022 0.4883333333333333 7.42e-05 0.0025 1.57 normal 8.778996880150284
0.304 0.022 0.4883333333333333 7.42e-05 0.0025 0.942 normal 12.543987588345619
0.304 0.022 0.4883333333333333 7.42e-05 0.0025 1.884 inverted 13.153008085073907
0.304 0.022 0.4883333333333333 7.42e-05 0.0025 0.314 inverted 18.802352405592966
0.304 0.022 0.4716666666666667 7.42e-05 0.0025 5.966 inverted 16.01459533451015
0.304 0.022 0.4716666666666667 7.42e-05 0.0025 5.652 inverted 14.599070565310056
0.304 0.022 0.4716666666666667 7.42e-05 0.0025 6.28 normal 11.932393868317044
0.304 0.022 0.4883333333333333 7.42e-05 0.0025 2.512 normal 4.125950917410265
0.304 0.022 0.4883333333333333 7.42e-05 0.0025 1.256 normal 10.907783696051073
0.304 0.022 0.4883333333333333 7.42e-05 0.0025 0.942 inverted 18.439419619383187
0.304 0.022 0.4883333333333333 7.42e-05 0.0025 2.198 inverted 11.724988898284174
0.304 0.022 0.4883333333333333 7.42e-05 0.0025 0.0 inverted 17.660610224995295
0.304 0.022 0.4883333333333333 7.42e-05 0.0025 2.512 inverted 11.011043258018683
0.304 0.022 0.4883333333333333 7.42e-05 0.0025 2.198 normal 5.042638575888245
0.304 0.022 0.4883333333333333 7.42e-05 0.0025 1.57 inverted 15.036798072959378
0.304 0.022 0.4883333333333333 7.42e-05 0.0025 3.454 inverted 12.285192485202213
0.304 0.022 0.4883333333333333 7.42e-05 0.0025 5.652 inverted 14.490899453965477
0.304 0.022 0.4883333333333333 7.42e-05 0.0025 5.338 normal 6.223700989130939
0.304 0.022 0.4883333333333333 7.42e-05 0.0025 4.396 inverted 13.100128017600108
0.304 0.022 0.4883333333333333 7.42e-05 0.0025 6.28 inverted 17.646210319716335
0.304 0.022 0.4883333333333333 7.42e-05 0.0025 2.826 normal 3.944174811485306
0.304 0.022 0.4883333333333333 7.42e-05 0.0025 3.768 inverted 12.891045018065457
0.304 0.022 0.4883333333333333 7.42e-05 0.0025 4.082 normal 5.480498139050444
0.304 0.022 0.4883333333333333 7.42e-05 0.0025 3.768 normal 5.310736338365113
0.304 0.022 0.4883333333333333 7.42e-05 0.0025 6.28 normal 11.535787822898149
0.304 0.022 0.4883333333333333 7.42e-05 0.0025 4.71 normal 5.262969460785712
0.304 0.022 0.4883333333333333 7.42e-05 0.0025 3.14 normal 4.2999249120971985
0.304 0.022 0.4883333333333333 7.42e-05 0.0025 3.454 normal 4.860510086424829
0.304 0.022 0.4883333333333333 7.42e-05 0.0025 4.396 normal 5.383721086079723
0.304 0.022 0.4883333333333333 7.42e-05 0.0025 4.71 inverted 12.900369436655325
0.304 0.022 0.4883333333333333 7.42e-05 0.0025 3.14 inverted 11.555672773285814
0.304 0.022 0.4883333333333333 7.42e-05 0.0025 5.652 normal 7.6916753506447035
0.304 0.022 0.4883333333333333 7.42e-05 0.0025 4.082 inverted 13.162058224966032
0.304 0.022 0.4883333333333333 7.42e-05 0.0025 2.826 inverted 11.02301421257255
0.304 0.022 0.4883333333333333 7.42e-05 0.0025 5.966 inverted 16.04593994264537
0.304 0.022 0.4883333333333333 7.42e-05 0.0025 5.966 normal 9.62228268736069
0.304 0.022 0.4883333333333333 7.42e-05 0.0025 5.024 normal 5.440719131718039
0.304 0.022 0.4883333333333333 7.42e-05 0.0025 5.338 inverted 13.38634964395475
0.304 0.022 0.4883333333333333 7.42e-05 0.0025 5.024 inverted 12.897441909877237
0.304 0.022 0.505 7.42e-05 0.0025 2.512 normal 3.546370338691761
0.304 0.022 0.505 7.42e-05 0.0025 0.0 normal 11.307686687630278
0.304 0.022 0.505 7.42e-05 0.0025 0.0 inverted 17.80497507538154
0.304 0.022 0.505 7.42e-05 0.0025 1.884 normal 6.389912081550783
0.304 0.022 0.505 7.42e-05 0.0025 2.198 normal 4.61399007239353
0.304 0.022 0.505 7.42e-05 0.0025 3.454 normal 3.9143447544936136
0.304 0.022 0.505 7.42e-05 0.0025 3.14 normal 3.4474364963883675
0.304 0.022 0.505 7.42e-05 0.0025 0.314 normal 12.738239519909683
0.304 0.022 0.505 7.42e-05 0.0025 1.57 normal 8.608217966466622
0.304 0.022 0.505 7.42e-05 0.0025 2.826 normal 3.2189550586792133
0.304 0.022 0.505 7.42e-05 0.0025 2.198 inverted 11.474664209230063
0.304 0.022 0.505 7.42e-05 0.0025 1.884 inverted 13.10314127382723
0.304 0.022 0.505 7.42e-05 0.0025 1.256 normal 10.799732146034891
0.304 0.022 0.505 7.42e-05 0.0025 0.628 normal 13.170404109900554
0.304 0.022 0.505 7.42e-05 0.0025 0.942 inverted 18.763722919567307
0.304 0.022 0.505 7.42e-05 0.0025 0.314 inverted 19.062016481946888
0.304 0.022 0.505 7.42e-05 0.0025 3.454 inverted 11.326278317253532
0.304 0.022 0.505 7.42e-05 0.0025 0.942 normal 12.45931098181617
0.304 0.022 0.505 7.42e-05 0.0025 0.628 inverted 19.427551253554658
0.304 0.022 0.505 7.42e-05 0.0025 2.826 inverted 10.349780364352847
0.304 0.022 0.505 7.42e-05 0.0025 2.512 inverted 10.542561903242548
0.304 0.022 0.505 7.42e-05 0.0025 1.256 inverted 17.217516201080322
0.304 0.022 0.505 7.42e-05 0.0025 1.57 inverted 15.168076371970216
0.304 0.022 0.505 7.42e-05 0.0025 3.14 inverted 10.716207876023255
0.304 0.022 0.5216666666666667 7.42e-05 0.0025 0.628 normal 13.097235399741788
0.304 0.022 0.505 7.42e-05 0.0025 5.024 inverted 12.309810971318306
0.304 0.022 0.505 7.42e-05 0.0025 5.024 normal 4.7252864987761605
0.304 0.022 0.505 7.42e-05 0.0025 3.768 normal 4.322656053645623
0.304 0.022 0.505 7.42e-05 0.0025 3.768 inverted 11.87855492286191
0.304 0.022 0.505 7.42e-05 0.0025 5.338 normal 5.636928928595399
0.304 0.022 0.505 7.42e-05 0.0025 4.396 normal 4.458019203702117
0.304 0.022 0.505 7.42e-05 0.0025 6.28 normal 11.292025588557097
0.304 0.022 0.505 7.42e-05 0.0025 4.082 normal 4.4968352545527415
0.304 0.022 0.505 7.42e-05 0.0025 4.082 inverted 12.167819908205905
0.304 0.022 0.5216666666666667 7.42e-05 0.0025 0.628 inverted 19.651995669915117
0.304 0.022 0.5216666666666667 7.42e-05 0.0025 0.0 normal 11.078279944816284
0.304 0.022 0.505 7.42e-05 0.0025 5.652 inverted 14.296164376601562
0.304 0.022 0.5216666666666667 7.42e-05 0.0025 0.0 inverted 17.843284030615056
0.304 0.022 0.505 7.42e-05 0.0025 4.71 inverted 12.135013034927724
0.304 0.022 0.505 7.42e-05 0.0025 5.966 normal 9.271522917607212
0.304 0.022 0.505 7.42e-05 0.0025 4.71 normal 4.426852833328516
0.304 0.022 0.505 7.42e-05 0.0025 5.652 normal 7.225098406509027
0.304 0.022 0.5216666666666667 7.42e-05 0.0025 0.314 inverted 19.225562835162425
0.304 0.022 0.5216666666666667 7.42e-05 0.0025 0.314 normal 12.61175555006609
0.304 0.022 0.505 7.42e-05 0.0025 4.396 inverted 12.193174111921072
0.304 0.022 0.505 7.42e-05 0.0025 5.338 inverted 12.99593926227953
0.304 0.022 0.505 7.42e-05 0.0025 5.966 inverted 16.03458179981177
0.304 0.022 0.505 7.42e-05 0.0025 6.28 inverted 17.788182439194756
0.304 0.022 0.5216666666666667 7.42e-05 0.0025 3.768 inverted 10.563898179617805
0.304 0.022 0.5216666666666667 7.42e-05 0.0025 0.942 normal 12.3865999474118
0.304 0.022 0.5216666666666667 7.42e-05 0.0025 2.512 inverted 9.86947456317895
0.304 0.022 0.5216666666666667 7.42e-05 0.0025 3.14 inverted 9.625342956052211
0.304 0.022 0.5216666666666667 7.42e-05 0.0025 1.57 normal 8.37338169485322
0.304 0.022 0.5216666666666667 7.42e-05 0.0025 3.768 normal 3.0736273536270233
0.304 0.022 0.5216666666666667 7.42e-05 0.0025 1.884 inverted 12.889781764768747
0.304 0.022 0.5216666666666667 7.42e-05 0.0025 4.082 normal 3.241190223151491
0.304 0.022 0.5216666666666667 7.42e-05 0.0025 4.396 normal 3.265676031478612
0.304 0.022 0.5216666666666667 7.42e-05 0.0025 1.57 inverted 15.144520016137104
0.304 0.022 0.5216666666666667 7.42e-05 0.0025 3.14 normal 2.3871936998914367
0.304 0.022 0.5216666666666667 7.42e-05 0.0025 3.454 inverted 10.093689450782815
0.304 0.022 0.5216666666666667 7.42e-05 0.0025 2.826 normal 2.317172429828846
0.304 0.022 0.5216666666666667 7.42e-05 0.0025 4.396 inverted 10.964849287290797
0.304 0.022 0.5216666666666667 7.42e-05 0.0025 2.198 normal 4.066168378890337
0.304 0.022 0.5216666666666667 7.42e-05 0.0025 1.256 normal 10.669047572828028
0.304 0.022 0.5216666666666667 7.42e-05 0.0025 2.198 inverted 11.034482995741836
0.304 0.022 0.5216666666666667 7.42e-05 0.0025 0.942 inverted 18.973699429519804
0.304 0.022 0.5216666666666667 7.42e-05 0.0025 1.256 inverted 17.333683343762512
0.304 0.022 0.5216666666666667 7.42e-05 0.0025 1.884 normal 6.016457729554771
0.304 0.022 0.5216666666666667 7.42e-05 0.0025 2.512 normal 2.817619361411088
0.304 0.022 0.5216666666666667 7.42e-05 0.0025 4.082 inverted 10.856393477059655
0.304 0.022 0.5216666666666667 7.42e-05 0.0025 3.454 normal 2.736714060515215
0.304 0.022 0.5216666666666667 7.42e-05 0.0025 2.826 inverted 9.45350770598331
0.304 0.022 0.5216666666666667 7.42e-05 0.0025 6.28 normal 11.059450311668398
0.304 0.022 0.5383333333333333 7.42e-05 0.0025 1.57 normal 8.157453269648208
0.304 0.022 0.5383333333333333 7.42e-05 0.0025 0.0 inverted 17.876779383179173
0.304 0.022 0.5216666666666667 7.42e-05 0.0025 5.652 normal 6.6913805650552
0.304 0.022 0.5383333333333333 7.42e-05 0.0025 0.942 inverted 19.168802883700938
0.304 0.022 0.5383333333333333 7.42e-05 0.0025 0.942 normal 12.382167577865221
0.304 0.022 0.5216666666666667 7.42e-05 0.0025 5.024 normal 3.816628817374
0.304 0.022 0.5383333333333333 7.42e-05 0.0025 1.256 normal 10.58548574564771
0.304 0.022 0.5216666666666667 7.42e-05 0.0025 6.28 inverted 17.825596879683868
0.304 0.022 0.5216666666666667 7.42e-05 0.0025 5.338 normal 4.911706698867979
0.304 0.022 0.5383333333333333 7.42e-05 0.0025 0.0 normal 10.91406944836134
0.304 0.022 0.5216666666666667 7.42e-05 0.0025 5.966 inverted 15.886295369458546
0.304 0.022 0.5216666666666667 7.42e-05 0.0025 5.966 normal 8.903983909018008
0.304 0.022 0.5216666666666667 7.42e-05 0.0025 4.71 normal 3.3548441280128602
0.304 0.022 0.5216666666666667 7.42e-05 0.0025 5.024 inverted 11.451167817352273
0.304 0.022 0.5216666666666667 7.42e-05 0.0025 5.652 inverted 13.925166183334516
0.304 0.022 0.5383333333333333 7.42e-05 0.0025 0.314 normal 12.561409354328795
0.304 0.022 0.5216666666666667 7.42e-05 0.0025 4.71 inverted 11.064443153080504
0.304 0.022 0.5383333333333333 7.42e-05 0.0025 1.256 inverted 17.437486589607698
0.304 0.022 0.5383333333333333 7.42e-05 0.0025 0.314 inverted 19.395229029475765
0.304 0.022 0.5216666666666667 7.42e-05 0.0025 5.338 inverted 12.37872842185909
0.304 0.022 0.5383333333333333 7.42e-05 0.0025 0.628 normal 13.09783266633315
0.304 0.022 0.5383333333333333 7.42e-05 0.0025 1.57 inverted 15.099232499352155
0.304 0.022 0.5383333333333333 7.42e-05 0.0025 0.628 inverted 19.88255337583421
0.304 0.022 0.5383333333333333 7.42e-05 0.0025 1.884 normal 5.64498630861791
0.304 0.022 0.5383333333333333 7.42e-05 0.0025 3.454 normal 1.4570753120145095
0.304 0.022 0.5383333333333333 7.42e-05 0.0025 2.512 inverted 9.133465927837142
0.304 0.022 0.5383333333333333 7.42e-05 0.0025 2.512 normal 2.0707396001430127
0.304 0.022 0.5383333333333333 7.42e-05 0.0025 4.71 normal 2.1351409297658255
0.304 0.022 0.5383333333333333 7.42e-05 0.0025 3.14 normal 1.2622028748455156
0.304 0.022 0.5383333333333333 7.42e-05 0.0025 5.024 inverted 10.439560108602517
0.304 0.022 0.5383333333333333 7.42e-05 0.0025 4.71 inverted 9.818682205711264
0.304 0.022 0.5383333333333333 7.42e-05 0.0025 3.768 inverted 9.100533210179723
0.304 0.022 0.5383333333333333 7.42e-05 0.0025 1.884 inverted 12.627711317062037
0.304 0.022 0.5383333333333333 7.42e-05 0.0025 2.826 inverted 8.479415788668794
0.304 0.022 0.5383333333333333 7.42e-05 0.0025 3.768 normal 1.6974286709146718
0.304 0.022 0.5383333333333333 7.42e-05 0.0025 4.082 normal 1.8357760887458896
0.304 0.022 0.5383333333333333 7.42e-05 0.0025 2.198 inverted 10.542011688149465
0.304 0.022 0.5383333333333333 7.42e-05 0.0025 5.338 inverted 11.649614500258181
0.304 0.022 0.5383333333333333 7.42e-05 0.0025 3.454 inverted 8.734107139206456
0.304 0.022 0.5383333333333333 7.42e-05 0.0025 3.14 inverted 8.43694559730912
0.304 0.022 0.5383333333333333 7.42e-05 0.0025 2.826 normal 1.3731970176516404
0.304 0.022 0.5383333333333333 7.42e-05 0.0025 4.396 normal 1.9153398146733516
0.304 0.022 0.5383333333333333 7.42e-05 0.0025 5.338 normal 4.116024689525415
0.304 0.022 0.5383333333333333 7.42e-05 0.0025 4.396 inverted 9.552675775853087
0.304 0.022 0.5383333333333333 7.42e-05 0.0025 5.024 normal 2.7939263488901735
0.304 0.022 0.5383333333333333 7.42e-05 0.0025 2.198 normal 3.517416737291432
0.304 0.022 0.5383333333333333 7.42e-05 0.0025 4.082 inverted 9.372141436783455
0.304 0.022 0.5549999999999999 7.42e-05 0.0025 0.314 inverted 19.873917847065638
0.304 0.022 0.5383333333333333 7.42e-05 0.0025 6.28 inverted 17.855150588912046
0.304 0.022 0.5549999999999999 7.42e-05 0.0025 1.256 inverted 17.842946275557548
0.304 0.022 0.5383333333333333 7.42e-05 0.0025 5.652 normal 6.130109382936773
0.304 0.022 0.5383333333333333 7.42e-05 0.0025 5.966 inverted 15.705694526300146
0.304 0.022 0.5549999999999999 7.42e-05 0.0025 2.512 normal 1.6180506822226688
0.304 0.022 0.5549999999999999 7.42e-05 0.0025 0.628 inverted 20.41672988677471
0.304 0.022 0.5549999999999999 7.42e-05 0.0025 0.314 normal 12.82272802208075
0.304 0.022 0.5549999999999999 7.42e-05 0.0025 2.512 inverted 8.670559281622978
0.304 0.022 0.5383333333333333 7.42e-05 0.0025 5.966 normal 8.560882545937014
0.304 0.022 0.5549999999999999 7.42e-05 0.0025 1.884 inverted 12.657044925325598
0.304 0.022 0.5549999999999999 7.42e-05 0.0025 1.57 normal 8.269072270669684
0.304 0.022 0.5549999999999999 7.42e-05 0.0025 0.942 inverted 19.6907013324692
0.304 0.022 0.5549999999999999 7.42e-05 0.0025 2.198 normal 3.260265504115865
0.304 0.022 0.5549999999999999 7.42e-05 0.0025 0.0 inverted 18.193350748091802
0.304 0.022 0.5549999999999999 7.42e-05 0.0025 0.628 normal 13.418994536228865
0.304 0.022 0.5549999999999999 7.42e-05 0.0025 1.884 normal 5.582200004813223
0.304 0.022 0.5549999999999999 7.42e-05 0.0025 2.198 inverted 10.3323904235065
0.304 0.022 0.5383333333333333 7.42e-05 0.0025 5.652 inverted 13.484702170359249
0.304 0.022 0.5549999999999999 7.42e-05 0.0025 0.942 normal 12.681152047557093
0.304 0.022 0.5549999999999999 7.42e-05 0.0025 1.256 normal 10.821653478304627
0.304 0.022 0.5549999999999999 7.42e-05 0.0025 1.57 inverted 15.328115946689838
0.304 0.022 0.5383333333333333 7.42e-05 0.0025 6.28 normal 10.891359448676551
0.304 0.022 0.5549999999999999 7.42e-05 0.0025 0.0 normal 11.041140816614835
0.304 0.022 0.5549999999999999 7.42e-05 0.0025 3.768 inverted 7.823150770294681
0.304 0.022 0.5549999999999999 7.42e-05 0.0025 2.826 inverted 7.772204133568788
0.304 0.022 0.5549999999999999 7.42e-05 0.0025 3.454 normal 0.40342313851675665
0.304 0.022 0.5549999999999999 7.42e-05 0.0025 5.966 normal 8.48610047964738
0.304 0.022 0.5549999999999999 7.42e-05 0.0025 5.338 inverted 11.107413626160215
0.304 0.022 0.5549999999999999 7.42e-05 0.0025 5.966 inverted 15.782637990346194
0.304 0.022 0.5549999999999999 7.42e-05 0.0025 3.14 normal 0.3911497904887213
0.304 0.022 0.5549999999999999 7.42e-05 0.0025 5.024 inverted 9.59268552335941
0.304 0.022 0.5549999999999999 7.42e-05 0.0025 6.28 normal 11.01975572337374
0.304 0.022 0.5549999999999999 7.42e-05 0.0025 3.454 inverted 7.591716694542195
0.304 0.022 0.5549999999999999 7.42e-05 0.0025 2.826 normal 0.71103550661176
0.304 0.022 0.5549999999999999 7.42e-05 0.0025 3.14 inverted 7.490467414443814
0.304 0.022 0.5549999999999999 7.42e-05 0.0025 5.024 normal 1.9242839221080192
0.304 0.022 0.5549999999999999 7.42e-05 0.0025 5.338 normal 3.517205092055807
0.304 0.022 0.5549999999999999 7.42e-05 0.0025 4.082 normal 0.5899180739437131
0.304 0.022 0.5549999999999999 7.42e-05 0.0025 6.28 inverted 18.172137129544737
0.304 0.022 0.5549999999999999 7.42e-05 0.0025 4.396 inverted 8.286172007793017
0.304 0.022 0.5549999999999999 7.42e-05 0.0025 4.71 normal 1.0559342892172165
0.304 0.022 0.5549999999999999 7.42e-05 0.0025 5.652 inverted 13.2666377777406
0.304 0.022 0.5549999999999999 7.42e-05 0.0025 4.71 inverted 8.715511724776766
0.304 0.022 0.5549999999999999 7.42e-05 0.0025 5.652 normal 5.8056469288802806
0.304 0.022 0.5549999999999999 7.42e-05 0.0025 4.396 normal 0.7034219803092744
0.304 0.022 0.5549999999999999 7.42e-05 0.0025 4.082 inverted 8.047444076541101
0.304 0.022 0.5549999999999999 7.42e-05 0.0025 3.768 normal 0.5088015386280441
0.304 0.022 0.5716666666666667 7.42e-05 0.0025 0.942 normal 13.748123078156004
0.304 0.022 0.5716666666666667 7.42e-05 0.0025 0.0 normal 11.888117836351787
0.304 0.022 0.5716666666666667 7.42e-05 0.0025 2.198 normal 3.8078888008313223
0.304 0.022 0.5716666666666667 7.42e-05 0.0025 1.256 normal 11.798315159051057
0.304 0.022 0.5716666666666667 7.42e-05 0.0025 3.14 inverted 7.323587023202941
0.304 0.022 0.5716666666666667 7.42e-05 0.0025 0.0 inverted 19.273110298415663
0.304 0.022 0.5716666666666667 7.42e-05 0.0025 3.454 inverted 7.201206664580735
0.304 0.022 0.5716666666666667 7.42e-05 0.0025 0.942 inverted 20.969122413580564
0.304 0.022 0.5716666666666667 7.42e-05 0.0025 0.314 normal 13.822661635829219
0.304 0.022 0.5716666666666667 7.42e-05 0.0025 1.884 normal 6.299830274677815
0.304 0.022 0.5716666666666667 7.42e-05 0.0025 2.198 inverted 10.92545464734131
0.304 0.022 0.5716666666666667 7.42e-05 0.0025 1.884 inverted 13.4842178737046
0.304 0.022 0.5716666666666667 7.42e-05 0.0025 0.628 normal 14.491664216798826
0.304 0.022 0.5716666666666667 7.42e-05 0.0025 2.826 inverted 7.8566841340815206
0.304 0.022 0.5716666666666667 7.42e-05 0.0025 0.314 inverted 21.12740263998821
0.304 0.022 0.5716666666666667 7.42e-05 0.0025 1.57 normal 9.152191305103454
0.304 0.022 0.5716666666666667 7.42e-05 0.0025 1.256 inverted 19.05209891371674
0.304 0.022 0.5716666666666667 7.42e-05 0.0025 3.454 normal 0.08643867074663046
0.304 0.022 0.5716666666666667 7.42e-05 0.0025 1.57 inverted 16.371643535826262
0.304 0.022 0.5716666666666667 7.42e-05 0.0025 0.628 inverted 21.726855425301817
0.304 0.022 0.5716666666666667 7.42e-05 0.0025 2.826 normal 0.8365155722994636
0.304 0.022 0.5716666666666667 7.42e-05 0.0025 2.512 inverted 9.018119364176147
0.304 0.022 0.5716666666666667 7.42e-05 0.0025 3.14 normal 0.2886960065351456
0.304 0.022 0.5716666666666667 7.42e-05 0.0025 2.512 normal 1.9567877944962841
0.304 0.022 0.5716666666666667 7.42e-05 0.0025 5.024 inverted 9.414247725799422
0.304 0.022 0.5716666666666667 7.42e-05 0.0025 5.652 inverted 13.766649458718836
0.304 0.022 0.5716666666666667 7.42e-05 0.0025 5.966 inverted 16.60805039166338
0.304 0.022 0.5716666666666667 7.42e-05 0.0025 4.396 inverted 7.688571563143414
0.304 0.022 0.5883333333333334 7.42e-05 0.0025 0.314 normal 16.1707131027607
0.304 0.022 0.5716666666666667 7.42e-05 0.0025 4.082 normal 0.0030089621292511345
0.304 0.022 0.5883333333333334 7.42e-05 0.0025 0.0 inverted 21.79596010886733
0.304 0.022 0.5716666666666667 7.42e-05 0.0025 6.28 normal 11.862791450002051
0.304 0.022 0.5716666666666667 7.42e-05 0.0025 5.338 inverted 11.258489650577499
0.304 0.022 0.5716666666666667 7.42e-05 0.0025 4.396 normal 0.12112522039134001
0.304 0.022 0.5716666666666667 7.42e-05 0.0025 4.71 normal 0.5896767774948876
0.304 0.022 0.5883333333333334 7.42e-05 0.0025 0.0 normal 14.065698396021384
0.304 0.022 0.5716666666666667 7.42e-05 0.0025 3.768 normal 0.018397525994331147
0.304 0.022 0.5716666666666667 7.42e-05 0.0025 5.966 normal 9.105992612194113
0.304 0.022 0.5716666666666667 7.42e-05 0.0025 6.28 inverted 19.246708629994068
0.304 0.022 0.5716666666666667 7.42e-05 0.0025 5.652 normal 6.143805842860941
0.304 0.022 0.5883333333333334 7.42e-05 0.0025 0.628 normal 16.92811485075056
0.304 0.022 0.5716666666666667 7.42e-05 0.0025 5.338 normal 3.551565518259875
0.304 0.022 0.5716666666666667 7.42e-05 0.0025 5.024 normal 1.6753874361303875
0.304 0.022 0.5716666666666667 7.42e-05 0.0025 3.768 inverted 7.265058083564752
0.304 0.022 0.5883333333333334 7.42e-05 0.0025 0.628 inverted 24.512411485163916
0.304 0.022 0.5883333333333334 7.42e-05 0.0025 0.314 inverted 23.837375044599458
0.304 0.022 0.5716666666666667 7.42e-05 0.0025 4.082 inverted 7.412914554389456
0.304 0.022 0.5716666666666667 7.42e-05 0.0025 4.71 inverted 8.273420703251247
0.304 0.022 0.5883333333333334 7.42e-05 0.0025 3.14 normal 1.6504539760404302
0.304 0.022 0.5883333333333334 7.42e-05 0.0025 0.942 normal 16.19136933406542
0.304 0.022 0.5883333333333334 7.42e-05 0.0025 4.396 normal 0.8402656087430745
0.304 0.022 0.5883333333333334 7.42e-05 0.0025 0.942 inverted 23.742518219831812
0.304 0.022 0.5883333333333334 7.42e-05 0.0025 1.256 inverted 21.72731427176741
0.304 0.022 0.5883333333333334 7.42e-05 0.0025 4.082 inverted 8.186010239797344
0.304 0.022 0.5883333333333334 7.42e-05 0.0025 1.884 normal 8.469194826366042
0.304 0.022 0.5883333333333334 7.42e-05 0.0025 1.57 inverted 18.87482780130911
0.304 0.022 0.5883333333333334 7.42e-05 0.0025 1.256 normal 14.194589266597767
0.304 0.022 0.5883333333333334 7.42e-05 0.0025 3.768 normal 0.9174360138823061
0.304 0.022 0.5883333333333334 7.42e-05 0.0025 2.198 inverted 13.032259603070175
0.304 0.022 0.5883333333333334 7.42e-05 0.0025 3.454 normal 1.20091504020653
0.304 0.022 0.5883333333333334 7.42e-05 0.0025 1.57 normal 11.429762739224508
0.304 0.022 0.5883333333333334 7.42e-05 0.0025 2.826 normal 2.44069341769101
0.304 0.022 0.5883333333333334 7.42e-05 0.0025 2.198 normal 5.812430592336788
0.304 0.022 0.5883333333333334 7.42e-05 0.0025 4.082 normal 0.7585647585780357
0.304 0.022 0.5883333333333334 7.42e-05 0.0025 3.454 inverted 8.287411010502971
0.304 0.022 0.5883333333333334 7.42e-05 0.0025 2.512 inverted 10.88310331879308
0.304 0.022 0.5883333333333334 7.42e-05 0.0025 2.512 normal 3.7816776386888957
0.304 0.022 0.5883333333333334 7.42e-05 0.0025 3.768 inverted 8.148396055917003
0.304 0.022 0.5883333333333334 7.42e-05 0.0025 3.14 inverted 8.660742297650996
0.304 0.022 0.5883333333333334 7.42e-05 0.0025 4.396 inverted 8.469137406476728
0.304 0.022 0.5883333333333334 7.42e-05 0.0025 2.826 inverted 9.461909075005774
0.304 0.022 0.5883333333333334 7.42e-05 0.0025 1.884 inverted 15.813178511389175
0.304 0.022 0.5883333333333334 7.42e-05 0.0025 5.338 normal 4.852724469700161
0.304 0.022 0.605 7.42e-05 0.0025 0.0 normal 18.363611444766825
0.304 0.022 0.5883333333333334 7.42e-05 0.0025 5.966 normal 11.03068450030212
0.304 0.022 0.5883333333333334 7.42e-05 0.0025 6.28 normal 14.04158498972927
0.304 0.022 0.5883333333333334 7.42e-05 0.0025 6.28 inverted 21.770587592772518
0.304 0.022 0.5883333333333334 7.42e-05 0.0025 5.024 normal 2.6925476073771804
0.304 0.022 0.605 7.42e-05 0.0025 0.314 inverted 28.838909632786866
0.304 0.022 0.605 7.42e-05 0.0025 0.314 normal 20.672890355740282
0.304 0.022 0.5883333333333334 7.42e-05 0.0025 5.966 inverted 18.85430220405616
0.304 0.022 0.605 7.42e-05 0.0025 1.256 inverted 26.764385405801967
0.304 0.022 0.605 7.42e-05 0.0025 1.256 normal 18.80223500862953
0.304 0.022 0.605 7.42e-05 0.0025 0.942 normal 20.828289292964133
0.304 0.022 0.5883333333333334 7.42e-05 0.0025 5.338 inverted 12.786096335532404
0.304 0.022 0.5883333333333334 7.42e-05 0.0025 5.024 inverted 10.597563215537825
0.304 0.022 0.605 7.42e-05 0.0025 1.57 normal 15.979701887686705
0.304 0.022 0.605 7.42e-05 0.0025 0.628 normal 21.533963034848185
0.304 0.022 0.605 7.42e-05 0.0025 1.57 inverted 23.770037293775
0.304 0.022 0.605 7.42e-05 0.0025 0.628 inverted 29.62879450045818
0.304 0.022 0.5883333333333334 7.42e-05 0.0025 4.71 normal 1.3999273645783794
0.304 0.022 0.5883333333333334 7.42e-05 0.0025 5.652 normal 7.769126853085344
0.304 0.022 0.5883333333333334 7.42e-05 0.0025 5.652 inverted 15.659655126916572
0.304 0.022 0.605 7.42e-05 0.0025 0.942 inverted 28.86424351230437
0.304 0.022 0.605 7.42e-05 0.0025 0.0 inverted 26.620168019361408
0.304 0.022 0.5883333333333334 7.42e-05 0.0025 4.71 inverted 9.202234385020775
0.304 0.022 0.605 7.42e-05 0.0025 4.082 normal 3.7202084637241635
0.304 0.022 0.605 7.42e-05 0.0025 2.512 normal 7.945929899891302
0.304 0.022 0.605 7.42e-05 0.0025 4.71 normal 4.3274138943913725
0.304 0.022 0.605 7.42e-05 0.0025 2.198 inverted 17.55149512840105
0.304 0.022 0.605 7.42e-05 0.0025 3.768 normal 4.073236559313767
0.304 0.022 0.605 7.42e-05 0.0025 1.884 inverted 20.526180609918697
0.304 0.022 0.605 7.42e-05 0.0025 2.826 inverted 13.488300760068126
0.304 0.022 0.605 7.42e-05 0.0025 5.024 normal 5.802300112471651
0.304 0.022 0.605 7.42e-05 0.0025 2.512 inverted 15.170385156062979
0.304 0.022 0.605 7.42e-05 0.0025 4.082 inverted 11.264542813402556
0.304 0.022 0.605 7.42e-05 0.0025 2.198 normal 10.14759070557122
0.304 0.022 0.605 7.42e-05 0.0025 3.14 normal 5.347899704327308
0.304 0.022 0.605 7.42e-05 0.0025 4.396 normal 3.721469614447025
0.304 0.022 0.605 7.42e-05 0.0025 3.768 inverted 11.379386353547247
0.304 0.022 0.605 7.42e-05 0.0025 1.884 normal 12.917794495010943
0.304 0.022 0.605 7.42e-05 0.0025 5.024 inverted 14.025032470493379
0.304 0.022 0.605 7.42e-05 0.0025 3.454 normal 4.619391355219084
0.304 0.022 0.605 7.42e-05 0.0025 5.338 inverted 16.56069122942678
0.304 0.022 0.605 7.42e-05 0.0025 3.14 inverted 12.40513918464939
0.304 0.022 0.605 7.42e-05 0.0025 4.71 inverted 12.384255974376341
0.304 0.022 0.605 7.42e-05 0.0025 2.826 normal 6.392102040141967
0.304 0.022 0.605 7.42e-05 0.0025 4.396 inverted 11.531185357559536
0.304 0.022 0.605 7.42e-05 0.0025 3.454 inverted 11.75181235465128
0.304 0.022 0.605 7.42e-05 0.0025 5.338 normal 8.229544505302387
0.304 0.022 0.6216666666666666 7.42e-05 0.0025 0.0 inverted 34.770822261263184
0.304 0.022 0.605 7.42e-05 0.0025 5.966 normal 15.05466191334379
0.304 0.022 0.6216666666666666 7.42e-05 0.0025 2.512 inverted 22.94010307069091
0.304 0.022 0.6216666666666666 7.42e-05 0.0025 1.256 inverted 35.158968600468555
0.304 0.022 0.6216666666666666 7.42e-05 0.0025 2.512 normal 15.478559972708783
0.304 0.022 0.6216666666666666 7.42e-05 0.0025 2.198 normal 17.812760424852517
0.304 0.022 0.6216666666666666 7.42e-05 0.0025 0.942 normal 28.628590827186684
0.304 0.022 0.605 7.42e-05 0.0025 6.28 inverted 26.586416338762614
0.304 0.022 0.6216666666666666 7.42e-05 0.0025 0.314 inverted 37.19623583370703
0.304 0.022 0.605 7.42e-05 0.0025 6.28 normal 18.333451287247012
0.304 0.022 0.6216666666666666 7.42e-05 0.0025 1.884 normal 20.67031237823854
0.304 0.022 0.605 7.42e-05 0.0025 5.652 inverted 19.81891636304168
0.304 0.022 0.6216666666666666 7.42e-05 0.0025 0.314 normal 28.248709305865415
0.304 0.022 0.6216666666666666 7.42e-05 0.0025 0.628 normal 29.23807184173603
0.304 0.022 0.6216666666666666 7.42e-05 0.0025 0.628 inverted 38.100211546292286
0.304 0.022 0.6216666666666666 7.42e-05 0.0025 1.256 normal 26.63587086111954
0.304 0.022 0.605 7.42e-05 0.0025 5.966 inverted 23.376143971736212
0.304 0.022 0.605 7.42e-05 0.0025 5.652 normal 11.4660605451281
0.304 0.022 0.6216666666666666 7.42e-05 0.0025 0.942 inverted 37.3458006920072
0.304 0.022 0.6216666666666666 7.42e-05 0.0025 0.0 normal 25.735125680116777
0.304 0.022 0.6216666666666666 7.42e-05 0.0025 1.884 inverted 28.685563537785363
0.304 0.022 0.6216666666666666 7.42e-05 0.0025 2.198 inverted 25.543188383629918
0.304 0.022 0.6216666666666666 7.42e-05 0.0025 1.57 inverted 32.08196815178322
0.304 0.022 0.6216666666666666 7.42e-05 0.0025 1.57 normal 23.76062425311327
0.304 0.022 0.6216666666666666 7.42e-05 0.0025 5.338 inverted 23.634343195420396
0.304 0.022 0.6216666666666666 7.42e-05 0.0025 5.966 normal 22.138665276810258
0.304 0.022 0.6216666666666666 7.42e-05 0.0025 3.768 normal 10.52743872410387
0.304 0.022 0.6216666666666666 7.42e-05 0.0025 5.024 normal 11.999820953792309
0.304 0.022 0.6216666666666666 7.42e-05 0.0025 6.28 inverted 34.73551428413252
0.304 0.022 0.6216666666666666 7.42e-05 0.0025 3.454 inverted 18.677906197615073
0.304 0.022 0.6216666666666666 7.42e-05 0.0025 4.082 normal 9.922091877513676
0.304 0.022 0.6216666666666666 7.42e-05 0.0025 3.14 normal 12.420899574938014
0.304 0.022 0.6216666666666666 7.42e-05 0.0025 5.652 inverted 27.281201245266228
0.304 0.022 0.6216666666666666 7.42e-05 0.0025 6.28 normal 25.70840871778159
0.304 0.022 0.6216666666666666 7.42e-05 0.0025 5.024 inverted 20.76819842235652
0.304 0.022 0.6216666666666666 7.42e-05 0.0025 5.338 normal 14.68477583403198
0.304 0.022 0.6216666666666666 7.42e-05 0.0025 4.71 normal 10.390542736303635
0.304 0.022 0.6216666666666666 7.42e-05 0.0025 2.826 inverted 21.008759233530196
0.304 0.022 0.6216666666666666 7.42e-05 0.0025 4.396 inverted 17.940283071729205
0.304 0.022 0.6216666666666666 7.42e-05 0.0025 4.71 inverted 18.88511404560563
0.304 0.022 0.6216666666666666 7.42e-05 0.0025 4.396 normal 9.782956375361652
0.304 0.022 0.6216666666666666 7.42e-05 0.0025 3.14 inverted 19.63125950543091
0.304 0.022 0.6216666666666666 7.42e-05 0.0025 3.454 normal 11.383794777411703
0.304 0.022 0.6216666666666666 7.42e-05 0.0025 5.966 inverted 31.196130602241738
0.304 0.022 0.6216666666666666 7.42e-05 0.0025 5.652 normal 18.2388749283672
0.304 0.022 0.6216666666666666 7.42e-05 0.0025 3.768 inverted 18.03369691729248
0.304 0.022 0.6216666666666666 7.42e-05 0.0025 4.082 inverted 17.743642542161915
0.304 0.022 0.6216666666666666 7.42e-05 0.0025 2.826 normal 13.727372679620512
0.304 0.022 0.6383333333333333 7.42e-05 0.0025 3.14 inverted 31.590354293018418
0.304 0.022 0.6383333333333333 7.42e-05 0.0025 0.628 inverted 51.12786252727219
0.304 0.022 0.6383333333333333 7.42e-05 0.0025 2.512 inverted 35.44077479079401
0.304 0.022 0.6383333333333333 7.42e-05 0.0025 1.256 normal 38.798660272144645
0.304 0.022 0.6383333333333333 7.42e-05 0.0025 3.14 normal 24.076588570001537
0.304 0.022 0.6383333333333333 7.42e-05 0.0025 1.256 inverted 48.200796294718074
0.304 0.022 0.6383333333333333 7.42e-05 0.0025 2.198 normal 29.997423132521572
0.304 0.022 0.6383333333333333 7.42e-05 0.0025 0.314 normal 40.065763119097156
0.304 0.022 0.6383333333333333 7.42e-05 0.0025 0.0 normal 37.31956911713712
0.304 0.022 0.6383333333333333 7.42e-05 0.0025 0.628 normal 41.22661003015458
0.304 0.022 0.6383333333333333 7.42e-05 0.0025 3.454 normal 22.700392834936668
0.304 0.022 0.6383333333333333 7.42e-05 0.0025 2.826 normal 25.64794905654933
0.304 0.022 0.6383333333333333 7.42e-05 0.0025 0.314 inverted 50.10893205562384
0.304 0.022 0.6383333333333333 7.42e-05 0.0025 2.198 inverted 38.2334084646994
0.304 0.022 0.6383333333333333 7.42e-05 0.0025 0.0 inverted 47.43644095173852
0.304 0.022 0.6383333333333333 7.42e-05 0.0025 2.826 inverted 33.26365248677575
0.304 0.022 0.6383333333333333 7.42e-05 0.0025 3.454 inverted 30.313674557891414
0.304 0.022 0.6383333333333333 7.42e-05 0.0025 1.884 normal 32.90100696454956
0.304 0.022 0.6383333333333333 7.42e-05 0.0025 2.512 normal 27.57444677495674
0.304 0.022 0.6383333333333333 7.42e-05 0.0025 0.942 normal 40.718635987350574
0.304 0.022 0.6383333333333333 7.42e-05 0.0025 1.884 inverted 41.52767166178463
0.304 0.022 0.6383333333333333 7.42e-05 0.0025 0.942 inverted 50.418412849147025
0.304 0.022 0.6383333333333333 7.42e-05 0.0025 1.57 normal 35.99454066662057
0.304 0.022 0.6383333333333333 7.42e-05 0.0025 1.57 inverted 45.0266263340842
0.304 0.022 0.6383333333333333 7.42e-05 0.0025 5.652 normal 29.221316937420163
0.304 0.022 0.655 7.42e-05 0.0025 0.314 normal 57.411987705739556
0.304 0.022 0.6383333333333333 7.42e-05 0.0025 6.28 inverted 47.40725956032478
0.304 0.022 0.6383333333333333 7.42e-05 0.0025 3.768 normal 21.484799462213918
0.304 0.022 0.6383333333333333 7.42e-05 0.0025 5.652 inverted 39.25574834386793
0.304 0.022 0.655 7.42e-05 0.0025 0.0 normal 54.412431889914046
0.304 0.022 0.655 7.42e-05 0.0025 0.628 inverted 70.07128579249736
0.304 0.022 0.6383333333333333 7.42e-05 0.0025 4.082 normal 20.56288754711901
0.304 0.022 0.6383333333333333 7.42e-05 0.0025 3.768 inverted 29.361623089546427
0.304 0.022 0.6383333333333333 7.42e-05 0.0025 4.396 normal 20.21175803830005
0.304 0.022 0.655 7.42e-05 0.0025 0.628 normal 58.7734330346451
0.304 0.022 0.6383333333333333 7.42e-05 0.0025 5.024 inverted 32.03136945332588
0.304 0.022 0.6383333333333333 7.42e-05 0.0025 6.28 normal 37.283266345475894
0.304 0.022 0.6383333333333333 7.42e-05 0.0025 4.082 inverted 28.835473095919642
0.304 0.022 0.655 7.42e-05 0.0025 0.0 inverted 65.99739092236774
0.304 0.022 0.6383333333333333 7.42e-05 0.0025 5.966 inverted 43.54756557092
0.304 0.022 0.6383333333333333 7.42e-05 0.0025 5.024 normal 22.469003300658656
0.304 0.022 0.6383333333333333 7.42e-05 0.0025 4.396 inverted 28.94370535173379
0.304 0.022 0.6383333333333333 7.42e-05 0.0025 4.71 normal 20.764782059174852
0.304 0.022 0.6383333333333333 7.42e-05 0.0025 5.338 inverted 35.218953770353146
0.304 0.022 0.6383333333333333 7.42e-05 0.0025 5.338 normal 25.366199126466018
0.304 0.022 0.6383333333333333 7.42e-05 0.0025 5.966 normal 33.43499314213092
0.304 0.022 0.6383333333333333 7.42e-05 0.0025 4.71 inverted 29.92890707139637
0.304 0.022 0.655 7.42e-05 0.0025 0.314 inverted 68.90058035868829
0.304 0.022 0.655 7.42e-05 0.0025 1.884 normal 50.924361846915595
0.304 0.022 0.655 7.42e-05 0.0025 1.884 inverted 60.4501636260776
0.304 0.022 0.655 7.42e-05 0.0025 1.256 inverted 67.19350808574552
0.304 0.022 0.655 7.42e-05 0.0025 3.454 inverted 48.05642764331957
0.304 0.022 0.655 7.42e-05 0.0025 4.082 inverted 45.97639815069962
0.304 0.022 0.655 7.42e-05 0.0025 1.57 normal 53.93840297815327
0.304 0.022 0.655 7.42e-05 0.0025 3.454 normal 39.92619546541943
0.304 0.022 0.655 7.42e-05 0.0025 3.768 inverted 46.77813158053513
0.304 0.022 0.655 7.42e-05 0.0025 1.57 inverted 64.02284098811943
0.304 0.022 0.655 7.42e-05 0.0025 3.14 normal 41.66618376266432
0.304 0.022 0.655 7.42e-05 0.0025 2.512 normal 45.5932174108099
0.304 0.022 0.655 7.42e-05 0.0025 1.256 normal 56.65143873871018
0.304 0.022 0.655 7.42e-05 0.0025 2.198 inverted 57.03477119712437
0.304 0.022 0.655 7.42e-05 0.0025 4.396 normal 36.37670122408834
0.304 0.022 0.655 7.42e-05 0.0025 3.14 inverted 49.68341982793742
0.304 0.022 0.655 7.42e-05 0.0025 3.768 normal 38.30550470594376
0.304 0.022 0.655 7.42e-05 0.0025 2.512 inverted 54.07047423711025
0.304 0.022 0.655 7.42e-05 0.0025 0.942 normal 58.43894076831378
0.304 0.022 0.655 7.42e-05 0.0025 2.826 normal 43.520634544672646
0.304 0.022 0.655 7.42e-05 0.0025 2.198 normal 48.06550484274571
0.304 0.022 0.655 7.42e-05 0.0025 4.396 inverted 45.93689459611626
0.304 0.022 0.655 7.42e-05 0.0025 0.942 inverted 69.43227672426019
0.304 0.022 0.655 7.42e-05 0.0025 4.082 normal 37.0135339425857
0.304 0.022 0.655 7.42e-05 0.0025 2.826 inverted 51.65502605332473
0.304 0.022 0.655 7.42e-05 0.0025 4.71 normal 36.798901929427686
0.304 0.022 0.655 7.42e-05 0.0025 5.966 normal 50.232685737580404
0.304 0.022 0.6716666666666666 7.42e-05 0.0025 1.57 inverted 90.51644143798015
0.304 0.022 0.6716666666666666 7.42e-05 0.0025 0.0 normal 78.44968280468602
0.304 0.022 0.6716666666666666 7.42e-05 0.0025 0.314 normal 81.7108232466128
0.304 0.022 0.655 7.42e-05 0.0025 5.024 normal 38.540706139113226
0.304 0.022 0.6716666666666666 7.42e-05 0.0025 1.256 normal 81.6101640186098
0.304 0.022 0.655 7.42e-05 0.0025 4.71 inverted 46.95318829737369
0.304 0.022 0.6716666666666666 7.42e-05 0.0025 1.57 normal 79.09448304364099
0.304 0.022 0.6716666666666666 7.42e-05 0.0025 0.942 inverted 95.87019379763106
0.304 0.022 0.6716666666666666 7.42e-05 0.0025 0.628 normal 83.3335410900326
0.304 0.022 0.655 7.42e-05 0.0025 5.338 normal 41.60391117736104
0.304 0.022 0.655 7.42e-05 0.0025 5.338 inverted 52.70434090724992
0.304 0.022 0.655 7.42e-05 0.0025 5.966 inverted 61.78348343187446
0.304 0.022 0.655 7.42e-05 0.0025 5.652 inverted 57.1128316085558
0.304 0.022 0.6716666666666666 7.42e-05 0.0025 1.256 inverted 93.74191531709262
0.304 0.022 0.6716666666666666 7.42e-05 0.0025 0.314 inverted 95.1005559462328
0.304 0.022 0.655 7.42e-05 0.0025 6.28 inverted 65.96424167048139
0.304 0.022 0.6716666666666666 7.42e-05 0.0025 0.0 inverted 91.95453690128656
0.304 0.022 0.655 7.42e-05 0.0025 6.28 normal 54.37679061453218
0.304 0.022 0.6716666666666666 7.42e-05 0.0025 0.628 inverted 96.44121789376993
0.304 0.022 0.655 7.42e-05 0.0025 5.652 normal 45.717436459903325
0.304 0.022 0.655 7.42e-05 0.0025 5.024 inverted 49.21098999595187
0.304 0.022 0.6716666666666666 7.42e-05 0.0025 0.942 normal 83.19844007012024
0.304 0.022 0.6716666666666666 7.42e-05 0.0025 2.198 normal 73.48890780651959
0.304 0.022 0.6716666666666666 7.42e-05 0.0025 4.082 inverted 70.69680471764123
0.304 0.022 0.6716666666666666 7.42e-05 0.0025 2.826 normal 68.8206700160329
0.304 0.022 0.6716666666666666 7.42e-05 0.0025 2.198 inverted 83.46349332105196
0.304 0.022 0.6716666666666666 7.42e-05 0.0025 1.884 inverted 86.94963419108211
0.304 0.022 0.6716666666666666 7.42e-05 0.0025 2.512 inverted 80.36384095519524
0.304 0.022 0.6716666666666666 7.42e-05 0.0025 5.024 normal 61.66107564847728
0.304 0.022 0.6716666666666666 7.42e-05 0.0025 3.768 normal 62.488838696744466
0.304 0.022 0.6716666666666666 7.42e-05 0.0025 4.396 normal 59.75381275266089
0.304 0.022 0.6716666666666666 7.42e-05 0.0025 3.768 inverted 71.81294696252014
0.304 0.022 0.6716666666666666 7.42e-05 0.0025 1.884 normal 76.23027204351148
0.304 0.022 0.6716666666666666 7.42e-05 0.0025 3.454 inverted 73.47657315799981
0.304 0.022 0.6716666666666666 7.42e-05 0.0025 3.14 normal 66.68826875250859
0.304 0.022 0.6716666666666666 7.42e-05 0.0025 4.71 inverted 71.44722533246589
0.304 0.022 0.6716666666666666 7.42e-05 0.0025 2.826 inverted 77.72877416379207
0.304 0.022 0.6716666666666666 7.42e-05 0.0025 5.338 inverted 77.62938048196547
0.304 0.022 0.6716666666666666 7.42e-05 0.0025 2.512 normal 71.01357033176211
0.304 0.022 0.6716666666666666 7.42e-05 0.0025 5.024 inverted 73.85119497072368
0.304 0.022 0.6716666666666666 7.42e-05 0.0025 4.396 inverted 70.47599660431783
0.304 0.022 0.6716666666666666 7.42e-05 0.0025 4.082 normal 60.74458312671382
0.304 0.022 0.6716666666666666 7.42e-05 0.0025 3.454 normal 64.56204303216161
0.304 0.022 0.6716666666666666 7.42e-05 0.0025 3.14 inverted 75.4493581828834
0.304 0.022 0.6716666666666666 7.42e-05 0.0025 5.338 normal 64.84932699137713
0.304 0.022 0.6716666666666666 7.42e-05 0.0025 4.71 normal 59.96960524339429
0.304 0.022 0.6716666666666666 7.42e-05 0.0025 5.652 normal 69.17959341945422
0.304 0.022 0.6883333333333332 7.42e-05 0.0025 0.314 normal 114.57783604662345
0.304 0.022 0.6883333333333332 7.42e-05 0.0025 0.0 normal 111.02239655215904
0.304 0.022 0.6883333333333332 7.42e-05 0.0025 1.57 normal 113.05738020720533
0.304 0.022 0.6883333333333332 7.42e-05 0.0025 2.198 normal 107.87361832349532
0.304 0.022 0.6716666666666666 7.42e-05 0.0025 5.966 inverted 87.40897801746692
0.304 0.022 0.6883333333333332 7.42e-05 0.0025 0.942 inverted 131.49764612884866
0.304 0.022 0.6716666666666666 7.42e-05 0.0025 6.28 normal 78.40989781064216
0.304 0.022 0.6883333333333332 7.42e-05 0.0025 2.512 normal 105.46739106084685
0.304 0.022 0.6716666666666666 7.42e-05 0.0025 5.966 normal 73.98293456070701
0.304 0.022 0.6883333333333332 7.42e-05 0.0025 0.942 normal 116.622763599697
0.304 0.022 0.6883333333333332 7.42e-05 0.0025 0.314 inverted 130.39667413839774
0.304 0.022 0.6716666666666666 7.42e-05 0.0025 6.28 inverted 91.91275407533769
0.304 0.022 0.6716666666666666 7.42e-05 0.0025 5.652 inverted 82.37094635814101
0.304 0.022 0.6883333333333332 7.42e-05 0.0025 0.628 normal 116.47019164064058
0.304 0.022 0.6883333333333332 7.42e-05 0.0025 1.256 inverted 129.42512587786732
0.304 0.022 0.6883333333333332 7.42e-05 0.0025 2.198 inverted 119.21122752737745
0.304 0.022 0.6883333333333332 7.42e-05 0.0025 1.57 inverted 126.28731985156278
0.304 0.022 0.6883333333333332 7.42e-05 0.0025 1.256 normal 115.30876273752571
0.304 0.022 0.6883333333333332 7.42e-05 0.0025 0.628 inverted 131.9113553036209
0.304 0.022 0.6883333333333332 7.42e-05 0.0025 0.0 inverted 126.96724149170078
0.304 0.022 0.6883333333333332 7.42e-05 0.0025 1.884 inverted 122.71241644033609
0.304 0.022 0.6883333333333332 7.42e-05 0.0025 2.512 inverted 116.01299088052721
0.304 0.022 0.6883333333333332 7.42e-05 0.0025 1.884 normal 110.45067614315754
0.304 0.022 0.6883333333333332 7.42e-05 0.0025 2.826 inverted 113.17053542178645
0.304 0.022 0.6883333333333332 7.42e-05 0.0025 5.338 normal 96.72595200948142
0.304 0.022 0.6883333333333332 7.42e-05 0.0025 6.28 normal 110.98216481189846
0.304 0.022 0.6883333333333332 7.42e-05 0.0025 5.024 inverted 107.63620570673964
0.304 0.022 0.6883333333333332 7.42e-05 0.0025 5.652 normal 101.21943895406059
0.304 0.022 0.6883333333333332 7.42e-05 0.0025 3.14 normal 100.78925970576604
0.304 0.022 0.6883333333333332 7.42e-05 0.0025 3.454 inverted 108.23007835255567
0.304 0.022 0.6883333333333332 7.42e-05 0.0025 4.082 inverted 104.70058454008758
0.304 0.022 0.6883333333333332 7.42e-05 0.0025 3.768 inverted 106.1756060460553
0.304 0.022 0.6883333333333332 7.42e-05 0.0025 5.024 normal 93.48257389849591
0.304 0.022 0.6883333333333332 7.42e-05 0.0025 3.768 normal 95.67150720018888
0.304 0.022 0.6883333333333332 7.42e-05 0.0025 4.396 inverted 104.25893787208777
0.304 0.022 0.6883333333333332 7.42e-05 0.0025 5.966 inverted 122.11062583410862
0.304 0.022 0.6883333333333332 7.42e-05 0.0025 4.396 normal 92.00232789039278
0.304 0.022 0.6883333333333332 7.42e-05 0.0025 4.082 normal 93.42482271491258
0.304 0.022 0.6883333333333332 7.42e-05 0.0025 6.28 inverted 126.92000275988752
0.304 0.022 0.6883333333333332 7.42e-05 0.0025 2.826 normal 103.1724609455552
0.304 0.022 0.6883333333333332 7.42e-05 0.0025 3.14 inverted 110.59356021076172
0.304 0.022 0.6883333333333332 7.42e-05 0.0025 3.454 normal 98.25334987251962
0.304 0.022 0.6883333333333332 7.42e-05 0.0025 5.966 normal 106.27452288768448
0.304 0.022 0.6883333333333332 7.42e-05 0.0025 5.652 inverted 116.72035823440007
0.304 0.022 0.6883333333333332 7.42e-05 0.0025 5.338 inverted 111.63230287936375
0.304 0.022 0.6883333333333332 7.42e-05 0.0025 4.71 inverted 105.14053324334297
0.304 0.022 0.6883333333333332 7.42e-05 0.0025 4.71 normal 91.92062445085867
0.304 0.022 0.705 7.42e-05 0.0025 1.256 inverted 176.09994234636596
0.304 0.022 0.705 7.42e-05 0.0025 1.884 inverted 169.5646191444999
0.304 0.022 0.705 7.42e-05 0.0025 1.57 normal 157.56031363698284
0.304 0.022 0.705 7.42e-05 0.0025 0.314 normal 157.70898056812686
0.304 0.022 0.705 7.42e-05 0.0025 0.314 inverted 176.52086375783415
0.304 0.022 0.705 7.42e-05 0.0025 1.57 inverted 173.03598250920638
0.304 0.022 0.705 7.42e-05 0.0025 0.628 inverted 178.26522943703046
0.304 0.022 0.705 7.42e-05 0.0025 3.454 normal 142.74746879559754
0.304 0.022 0.705 7.42e-05 0.0025 2.198 normal 152.9813634980635
0.304 0.022 0.705 7.42e-05 0.0025 0.0 inverted 172.8424200758828
0.304 0.022 0.705 7.42e-05 0.0025 0.942 normal 160.40862286891092
0.304 0.022 0.705 7.42e-05 0.0025 1.256 normal 159.44514133788635
0.304 0.022 0.705 7.42e-05 0.0025 1.884 normal 155.32113894795498
0.304 0.022 0.705 7.42e-05 0.0025 3.14 inverted 156.92060887811115
0.304 0.022 0.705 7.42e-05 0.0025 2.512 normal 150.69113674262312
0.304 0.022 0.705 7.42e-05 0.0025 2.826 inverted 159.78968011479193
0.304 0.022 0.705 7.42e-05 0.0025 3.14 normal 145.71268246980136
0.304 0.022 0.705 7.42e-05 0.0025 2.198 inverted 166.0701552661286
0.304 0.022 0.705 7.42e-05 0.0025 3.454 inverted 154.1513334675005
0.304 0.022 0.705 7.42e-05 0.0025 0.942 inverted 178.0158367100215
0.304 0.022 0.705 7.42e-05 0.0025 0.0 normal 153.85671134532743
0.304 0.022 0.705 7.42e-05 0.0025 0.628 normal 159.91026864012883
0.304 0.022 0.705 7.42e-05 0.0025 2.826 normal 148.35820734020064
0.304 0.022 0.705 7.42e-05 0.0025 2.512 inverted 162.81048617147212
0.304 0.022 0.705 7.42e-05 0.0025 4.082 normal 136.80278892099034
0.304 0.022 0.705 7.42e-05 0.0025 5.652 normal 143.57748002642785
0.304 0.022 0.705 7.42e-05 0.0025 4.396 inverted 149.09353508885062
0.304 0.022 0.705 7.42e-05 0.0025 3.768 normal 139.6279845601329
0.304 0.022 0.705 7.42e-05 0.0025 5.966 normal 148.8378632921993
0.304 0.022 0.705 7.42e-05 0.0025 5.338 inverted 156.57930393675255
0.304 0.022 0.705 7.42e-05 0.0025 5.338 normal 138.9644905600112
0.304 0.022 0.705 7.42e-05 0.0025 5.024 normal 135.76477664060087
0.304 0.022 0.705 7.42e-05 0.0025 4.082 inverted 149.83591752547375
0.304 0.022 0.705 7.42e-05 0.0025 5.024 inverted 152.37933888904624
0.304 0.022 0.705 7.42e-05 0.0025 5.966 inverted 167.65674951147378
0.304 0.022 0.705 7.42e-05 0.0025 5.652 inverted 161.94384774378622
0.304 0.022 0.705 7.42e-05 0.0025 3.768 inverted 151.68959770824628
0.304 0.022 0.705 7.42e-05 0.0025 4.396 normal 134.8713784808435
0.304 0.022 0.705 7.42e-05 0.0025 4.71 inverted 149.8606356716236
0.304 0.022 0.705 7.42e-05 0.0025 6.28 inverted 172.79031644237358
0.304 0.022 0.705 7.42e-05 0.0025 4.71 normal 134.404880588895
0.304 0.022 0.705 7.42e-05 0.0025 6.28 normal 153.81860891634906
