Sin2Theta12 Sin2Theta13 Sin2Theta23 Dm221 Dm231 dCP Ordering X2 
0.304 0.022 0.305 7.42e-05 0.0025 0.314 inverted 143.27163684967735
0.304 0.022 0.305 7.42e-05 0.0025 0.942 normal 150.0975868499689
0.304 0.022 0.305 7.42e-05 0.0025 1.884 normal 134.70056434464365
0.304 0.022 0.305 7.42e-05 0.0025 3.14 normal 125.41224591764056
0.304 0.022 0.305 7.42e-05 0.0025 2.198 normal 130.5944371563871
0.304 0.022 0.305 7.42e-05 0.0025 0.942 inverted 139.95399565155594
0.304 0.022 0.305 7.42e-05 0.0025 2.826 inverted 128.94513993544456
0.304 0.022 0.305 7.42e-05 0.0025 0.628 normal 153.7081614955484
0.304 0.022 0.305 7.42e-05 0.0025 0.314 normal 155.29629065846422
0.304 0.022 0.305 7.42e-05 0.0025 0.0 normal 154.56506607287275
0.304 0.022 0.305 7.42e-05 0.0025 2.512 inverted 128.9542497363618
0.304 0.022 0.305 7.42e-05 0.0025 0.628 inverted 142.21231692340686
0.304 0.022 0.305 7.42e-05 0.0025 2.198 inverted 129.73938070866808
0.304 0.022 0.305 7.42e-05 0.0025 1.57 normal 139.74383117485922
0.304 0.022 0.305 7.42e-05 0.0025 1.256 normal 145.15017331715683
0.304 0.022 0.305 7.42e-05 0.0025 3.454 inverted 129.92036314296772
0.304 0.022 0.305 7.42e-05 0.0025 1.57 inverted 133.95068607677106
0.304 0.022 0.305 7.42e-05 0.0025 2.826 normal 126.0343074156902
0.304 0.022 0.305 7.42e-05 0.0025 1.256 inverted 136.99301450136758
0.304 0.022 0.305 7.42e-05 0.0025 3.454 normal 125.57931876720149
0.304 0.022 0.305 7.42e-05 0.0025 0.0 inverted 142.90663692637986
0.304 0.022 0.305 7.42e-05 0.0025 1.884 inverted 131.41342465163538
0.304 0.022 0.305 7.42e-05 0.0025 3.14 inverted 129.37565308612832
0.304 0.022 0.305 7.42e-05 0.0025 2.512 normal 127.70480292653211
0.304 0.022 0.305 7.42e-05 0.0025 4.71 normal 133.34575247947686
0.304 0.022 0.305 7.42e-05 0.0025 5.024 inverted 134.08199649455196
0.304 0.022 0.305 7.42e-05 0.0025 4.082 inverted 130.88736117274436
0.304 0.022 0.305 7.42e-05 0.0025 4.71 inverted 132.48481030830638
0.304 0.022 0.305 7.42e-05 0.0025 5.338 normal 142.3065232178562
0.304 0.022 0.305 7.42e-05 0.0025 5.024 normal 137.4692753899457
0.304 0.022 0.305 7.42e-05 0.0025 4.082 normal 127.89662978359705
0.304 0.022 0.32166666666666666 7.42e-05 0.0025 0.0 normal 113.67855858219343
0.304 0.022 0.305 7.42e-05 0.0025 4.396 inverted 131.4964924266601
0.304 0.022 0.305 7.42e-05 0.0025 3.768 normal 126.41241684137071
0.304 0.022 0.305 7.42e-05 0.0025 4.396 normal 130.1696490373607
0.304 0.022 0.305 7.42e-05 0.0025 6.28 inverted 142.89439530817606
0.304 0.022 0.305 7.42e-05 0.0025 5.966 normal 151.6763542599197
0.304 0.022 0.305 7.42e-05 0.0025 5.652 normal 147.31108696579852
0.304 0.022 0.305 7.42e-05 0.0025 5.966 inverted 141.27241261370443
0.304 0.022 0.305 7.42e-05 0.0025 5.652 inverted 138.8773136122719
0.304 0.022 0.32166666666666666 7.42e-05 0.0025 0.314 normal 114.44050261577048
0.304 0.022 0.32166666666666666 7.42e-05 0.0025 0.0 inverted 104.63189291861136
0.304 0.022 0.32166666666666666 7.42e-05 0.0025 0.628 inverted 104.17854686137395
0.304 0.022 0.305 7.42e-05 0.0025 3.768 inverted 130.4366538421933
0.304 0.022 0.32166666666666666 7.42e-05 0.0025 0.314 inverted 105.03251588941593
0.304 0.022 0.305 7.42e-05 0.0025 5.338 inverted 136.3044985999959
0.304 0.022 0.32166666666666666 7.42e-05 0.0025 0.628 normal 113.17632917049376
0.304 0.022 0.305 7.42e-05 0.0025 6.28 normal 154.54734737183713
0.304 0.022 0.32166666666666666 7.42e-05 0.0025 3.14 inverted 93.65713499780406
0.304 0.022 0.32166666666666666 7.42e-05 0.0025 3.14 normal 89.5109743481405
0.304 0.022 0.32166666666666666 7.42e-05 0.0025 1.884 inverted 94.84010541605365
0.304 0.022 0.32166666666666666 7.42e-05 0.0025 1.256 normal 105.87517371010408
0.304 0.022 0.32166666666666666 7.42e-05 0.0025 0.942 normal 110.11740608307656
0.304 0.022 0.32166666666666666 7.42e-05 0.0025 0.942 inverted 102.2296244910925
0.304 0.022 0.32166666666666666 7.42e-05 0.0025 2.198 normal 93.48742587611035
0.304 0.022 0.32166666666666666 7.42e-05 0.0025 2.826 inverted 93.10976886526599
0.304 0.022 0.32166666666666666 7.42e-05 0.0025 4.082 normal 91.60935967409527
0.304 0.022 0.32166666666666666 7.42e-05 0.0025 3.454 normal 89.75436688496414
0.304 0.022 0.32166666666666666 7.42e-05 0.0025 2.826 normal 89.89878258762236
0.304 0.022 0.32166666666666666 7.42e-05 0.0025 1.884 normal 96.92822823724306
0.304 0.022 0.32166666666666666 7.42e-05 0.0025 1.57 inverted 97.02425779155575
0.304 0.022 0.32166666666666666 7.42e-05 0.0025 1.57 normal 101.23591768263721
0.304 0.022 0.32166666666666666 7.42e-05 0.0025 2.512 normal 91.14940124768297
0.304 0.022 0.32166666666666666 7.42e-05 0.0025 2.512 inverted 92.93093664808146
0.304 0.022 0.32166666666666666 7.42e-05 0.0025 4.082 inverted 95.08867003601654
0.304 0.022 0.32166666666666666 7.42e-05 0.0025 3.768 normal 90.46159062372159
0.304 0.022 0.32166666666666666 7.42e-05 0.0025 3.768 inverted 94.76109368948542
0.304 0.022 0.32166666666666666 7.42e-05 0.0025 4.396 inverted 95.43684476101991
0.304 0.022 0.32166666666666666 7.42e-05 0.0025 2.198 inverted 93.45192311920762
0.304 0.022 0.32166666666666666 7.42e-05 0.0025 3.454 inverted 94.27367274158895
0.304 0.022 0.32166666666666666 7.42e-05 0.0025 4.396 normal 93.31862445109172
0.304 0.022 0.32166666666666666 7.42e-05 0.0025 1.256 inverted 99.658782544286
0.304 0.022 0.32166666666666666 7.42e-05 0.0025 5.338 normal 103.03237798731217
0.304 0.022 0.32166666666666666 7.42e-05 0.0025 5.966 normal 111.07456970664057
0.304 0.022 0.32166666666666666 7.42e-05 0.0025 4.71 normal 95.76677682495942
0.304 0.022 0.32166666666666666 7.42e-05 0.0025 4.71 inverted 96.06044300203949
0.304 0.022 0.3383333333333333 7.42e-05 0.0025 1.256 inverted 71.3056138767067
0.304 0.022 0.32166666666666666 7.42e-05 0.0025 5.338 inverted 98.9405838467523
0.304 0.022 0.32166666666666666 7.42e-05 0.0025 5.024 inverted 97.19875259655588
0.304 0.022 0.32166666666666666 7.42e-05 0.0025 6.28 normal 113.66038946982871
0.304 0.022 0.32166666666666666 7.42e-05 0.0025 5.652 inverted 101.08709527835458
0.304 0.022 0.3383333333333333 7.42e-05 0.0025 0.628 inverted 75.18543138336736
0.304 0.022 0.3383333333333333 7.42e-05 0.0025 0.314 normal 82.82891348215685
0.304 0.022 0.3383333333333333 7.42e-05 0.0025 1.256 normal 75.67813641748751
0.304 0.022 0.32166666666666666 7.42e-05 0.0025 5.652 normal 107.2721831541473
0.304 0.022 0.3383333333333333 7.42e-05 0.0025 0.0 normal 82.04261577527775
0.304 0.022 0.32166666666666666 7.42e-05 0.0025 5.966 inverted 103.15542589525369
0.304 0.022 0.3383333333333333 7.42e-05 0.0025 0.942 inverted 73.53183607696022
0.304 0.022 0.3383333333333333 7.42e-05 0.0025 0.942 normal 79.2869979637819
0.304 0.022 0.3383333333333333 7.42e-05 0.0025 0.628 normal 81.85375399408012
0.304 0.022 0.32166666666666666 7.42e-05 0.0025 6.28 inverted 104.61895153130801
0.304 0.022 0.3383333333333333 7.42e-05 0.0025 1.57 normal 71.71066964605959
0.304 0.022 0.32166666666666666 7.42e-05 0.0025 5.024 normal 99.0562174423647
0.304 0.022 0.3383333333333333 7.42e-05 0.0025 0.0 inverted 75.43020545315247
0.304 0.022 0.3383333333333333 7.42e-05 0.0025 1.57 inverted 69.00496212405935
0.304 0.022 0.3383333333333333 7.42e-05 0.0025 0.314 inverted 75.85981204936765
0.304 0.022 0.3383333333333333 7.42e-05 0.0025 2.826 normal 62.42218375253824
0.304 0.022 0.3383333333333333 7.42e-05 0.0025 1.884 normal 68.05368923372582
0.304 0.022 0.3383333333333333 7.42e-05 0.0025 5.338 normal 72.84013253274013
0.304 0.022 0.3383333333333333 7.42e-05 0.0025 2.512 inverted 65.6531490878609
0.304 0.022 0.3383333333333333 7.42e-05 0.0025 2.198 inverted 65.98615759582262
0.304 0.022 0.3383333333333333 7.42e-05 0.0025 5.338 inverted 70.54692589916115
0.304 0.022 0.3383333333333333 7.42e-05 0.0025 3.14 inverted 66.61259006475481
0.304 0.022 0.3383333333333333 7.42e-05 0.0025 2.512 normal 63.32853986939603
0.304 0.022 0.3383333333333333 7.42e-05 0.0025 5.024 inverted 69.22536729639954
0.304 0.022 0.3383333333333333 7.42e-05 0.0025 3.768 normal 63.17865311157715
0.304 0.022 0.3383333333333333 7.42e-05 0.0025 3.454 normal 62.567330080241604
0.304 0.022 0.3383333333333333 7.42e-05 0.0025 4.082 normal 64.0395570961762
0.304 0.022 0.3383333333333333 7.42e-05 0.0025 3.14 normal 62.25328097358069
0.304 0.022 0.3383333333333333 7.42e-05 0.0025 3.454 inverted 67.30445891220508
0.304 0.022 0.3383333333333333 7.42e-05 0.0025 2.826 inverted 65.9758605115299
0.304 0.022 0.3383333333333333 7.42e-05 0.0025 1.884 inverted 67.12250407770898
0.304 0.022 0.3383333333333333 7.42e-05 0.0025 3.768 inverted 67.77437755919519
0.304 0.022 0.3383333333333333 7.42e-05 0.0025 5.024 normal 69.62870019463043
0.304 0.022 0.3383333333333333 7.42e-05 0.0025 4.396 normal 65.28186412802634
0.304 0.022 0.3383333333333333 7.42e-05 0.0025 4.082 inverted 68.01101568482127
0.304 0.022 0.3383333333333333 7.42e-05 0.0025 4.396 inverted 68.15427307130585
0.304 0.022 0.3383333333333333 7.42e-05 0.0025 4.71 normal 67.09643526412317
0.304 0.022 0.3383333333333333 7.42e-05 0.0025 2.198 normal 65.19289098368995
0.304 0.022 0.3383333333333333 7.42e-05 0.0025 4.71 inverted 68.47214768898301
0.304 0.022 0.355 7.42e-05 0.0025 0.942 inverted 52.36196588071364
0.304 0.022 0.3383333333333333 7.42e-05 0.0025 5.652 inverted 72.28748957357624
0.304 0.022 0.355 7.42e-05 0.0025 0.314 inverted 54.26606154208433
0.304 0.022 0.3383333333333333 7.42e-05 0.0025 5.966 inverted 74.08144708624245
0.304 0.022 0.355 7.42e-05 0.0025 0.314 normal 58.99355805945982
0.304 0.022 0.355 7.42e-05 0.0025 1.256 normal 53.088552781682054
0.304 0.022 0.3383333333333333 7.42e-05 0.0025 5.966 normal 79.69417797184357
0.304 0.022 0.355 7.42e-05 0.0025 1.57 inverted 48.41885834542068
0.304 0.022 0.3383333333333333 7.42e-05 0.0025 5.652 normal 76.40056146537859
0.304 0.022 0.355 7.42e-05 0.0025 0.628 normal 58.27855484673551
0.304 0.022 0.355 7.42e-05 0.0025 2.512 normal 42.748869199147606
0.304 0.022 0.355 7.42e-05 0.0025 2.198 normal 44.221765502932215
0.304 0.022 0.355 7.42e-05 0.0025 1.256 inverted 50.427232567981434
0.304 0.022 0.3383333333333333 7.42e-05 0.0025 6.28 inverted 75.41861015155649
0.304 0.022 0.355 7.42e-05 0.0025 0.0 inverted 53.80133465723727
0.304 0.022 0.355 7.42e-05 0.0025 0.628 inverted 53.756301070436535
0.304 0.022 0.355 7.42e-05 0.0025 1.57 normal 49.70687084119814
0.304 0.022 0.355 7.42e-05 0.0025 2.198 inverted 45.837389580392596
0.304 0.022 0.355 7.42e-05 0.0025 0.942 normal 56.15412354573705
0.304 0.022 0.355 7.42e-05 0.0025 1.884 inverted 46.779222824419676
0.304 0.022 0.3383333333333333 7.42e-05 0.0025 6.28 normal 82.02438711198793
0.304 0.022 0.355 7.42e-05 0.0025 2.512 inverted 45.648038577299985
0.304 0.022 0.355 7.42e-05 0.0025 1.884 normal 46.599457524582114
0.304 0.022 0.355 7.42e-05 0.0025 0.0 normal 58.18401377277131
0.304 0.022 0.355 7.42e-05 0.0025 2.826 inverted 46.0601621725227
0.304 0.022 0.355 7.42e-05 0.0025 4.71 normal 45.83198999572429
0.304 0.022 0.355 7.42e-05 0.0025 5.338 normal 50.27071898235008
0.304 0.022 0.355 7.42e-05 0.0025 3.14 normal 42.16496307362133
0.304 0.022 0.355 7.42e-05 0.0025 2.826 normal 42.146195152635
0.304 0.022 0.355 7.42e-05 0.0025 6.28 inverted 53.79111471577368
0.304 0.022 0.355 7.42e-05 0.0025 4.396 normal 44.56575847625402
0.304 0.022 0.355 7.42e-05 0.0025 4.082 inverted 48.16973517375278
0.304 0.022 0.355 7.42e-05 0.0025 3.454 normal 42.53948204721526
0.304 0.022 0.355 7.42e-05 0.0025 6.28 normal 58.169716544723954
0.304 0.022 0.355 7.42e-05 0.0025 4.082 normal 43.716365978215826
0.304 0.022 0.355 7.42e-05 0.0025 4.396 inverted 48.15711824710272
0.304 0.022 0.355 7.42e-05 0.0025 5.338 inverted 49.60042212895016
0.304 0.022 0.355 7.42e-05 0.0025 3.768 inverted 47.99877593443581
0.304 0.022 0.355 7.42e-05 0.0025 3.454 inverted 47.51852268830922
0.304 0.022 0.355 7.42e-05 0.0025 3.768 normal 43.082283081042995
0.304 0.022 0.355 7.42e-05 0.0025 4.71 inverted 48.21722886471557
0.304 0.022 0.355 7.42e-05 0.0025 3.14 inverted 46.794111788706566
0.304 0.022 0.355 7.42e-05 0.0025 5.966 inverted 52.570850080084966
0.304 0.022 0.355 7.42e-05 0.0025 5.024 normal 47.7253147693103
0.304 0.022 0.355 7.42e-05 0.0025 5.024 inverted 48.64493214433377
0.304 0.022 0.355 7.42e-05 0.0025 5.652 normal 53.22078445360955
0.304 0.022 0.355 7.42e-05 0.0025 5.966 normal 56.064739643234695
0.304 0.022 0.355 7.42e-05 0.0025 5.652 inverted 51.01157076012696
0.304 0.022 0.37166666666666665 7.42e-05 0.0025 0.314 inverted 38.874092235035235
0.304 0.022 0.37166666666666665 7.42e-05 0.0025 0.0 inverted 38.3700039884414
0.304 0.022 0.37166666666666665 7.42e-05 0.0025 2.198 normal 29.23556358972877
0.304 0.022 0.37166666666666665 7.42e-05 0.0025 0.628 normal 41.09596791513211
0.304 0.022 0.37166666666666665 7.42e-05 0.0025 0.628 inverted 38.5152879095412
0.304 0.022 0.37166666666666665 7.42e-05 0.0025 1.256 normal 36.75821215624319
0.304 0.022 0.37166666666666665 7.42e-05 0.0025 3.14 normal 27.88493819195903
0.304 0.022 0.37166666666666665 7.42e-05 0.0025 0.0 normal 40.752662550321205
0.304 0.022 0.37166666666666665 7.42e-05 0.0025 1.884 normal 31.208578580549876
0.304 0.022 0.37166666666666665 7.42e-05 0.0025 0.942 inverted 37.34204034498058
0.304 0.022 0.37166666666666665 7.42e-05 0.0025 2.512 inverted 31.516293526611925
0.304 0.022 0.37166666666666665 7.42e-05 0.0025 1.256 inverted 35.649793396557826
0.304 0.022 0.37166666666666665 7.42e-05 0.0025 2.198 inverted 31.620521515800718
0.304 0.022 0.37166666666666665 7.42e-05 0.0025 1.57 inverted 33.86860497909604
0.304 0.022 0.37166666666666665 7.42e-05 0.0025 2.826 inverted 32.00431338199284
0.304 0.022 0.37166666666666665 7.42e-05 0.0025 3.454 inverted 33.55120240144848
0.304 0.022 0.37166666666666665 7.42e-05 0.0025 3.454 normal 28.31768158898197
0.304 0.022 0.37166666666666665 7.42e-05 0.0025 2.826 normal 27.71201065705201
0.304 0.022 0.37166666666666665 7.42e-05 0.0025 3.14 inverted 32.78552911210374
0.304 0.022 0.37166666666666665 7.42e-05 0.0025 1.884 inverted 32.4218159296662
0.304 0.022 0.37166666666666665 7.42e-05 0.0025 0.314 normal 41.58795433212176
0.304 0.022 0.37166666666666665 7.42e-05 0.0025 1.57 normal 33.853019693751605
0.304 0.022 0.37166666666666665 7.42e-05 0.0025 0.942 normal 39.35045613498101
0.304 0.022 0.37166666666666665 7.42e-05 0.0025 2.512 normal 28.07793661646307
0.304 0.022 0.37166666666666665 7.42e-05 0.0025 3.768 normal 28.803662156727608
0.304 0.022 0.37166666666666665 7.42e-05 0.0025 5.024 normal 31.964476289870127
0.304 0.022 0.37166666666666665 7.42e-05 0.0025 5.652 inverted 35.87563390904041
0.304 0.022 0.37166666666666665 7.42e-05 0.0025 5.966 inverted 37.22489671415963
0.304 0.022 0.37166666666666665 7.42e-05 0.0025 4.71 inverted 33.91354160537916
0.304 0.022 0.37166666666666665 7.42e-05 0.0025 5.024 inverted 34.081631985065115
0.304 0.022 0.3883333333333333 7.42e-05 0.0025 0.314 normal 29.353052981656443
0.304 0.022 0.37166666666666665 7.42e-05 0.0025 4.71 normal 30.611868582713168
0.304 0.022 0.37166666666666665 7.42e-05 0.0025 4.082 normal 29.26305815257604
0.304 0.022 0.37166666666666665 7.42e-05 0.0025 5.338 normal 33.93640289969438
0.304 0.022 0.37166666666666665 7.42e-05 0.0025 6.28 normal 40.73826425155537
0.304 0.022 0.37166666666666665 7.42e-05 0.0025 3.768 inverted 34.04280184805007
0.304 0.022 0.3883333333333333 7.42e-05 0.0025 0.314 inverted 28.423501421375594
0.304 0.022 0.37166666666666665 7.42e-05 0.0025 4.082 inverted 34.1743440857127
0.304 0.022 0.37166666666666665 7.42e-05 0.0025 5.966 normal 38.826213854691275
0.304 0.022 0.37166666666666665 7.42e-05 0.0025 4.396 normal 29.793179054012498
0.304 0.022 0.37166666666666665 7.42e-05 0.0025 4.396 inverted 34.04468503082258
0.304 0.022 0.37166666666666665 7.42e-05 0.0025 5.338 inverted 34.733579543101165
0.304 0.022 0.37166666666666665 7.42e-05 0.0025 5.652 normal 36.370324037483044
0.304 0.022 0.3883333333333333 7.42e-05 0.0025 0.0 inverted 27.878624734489538
0.304 0.022 0.3883333333333333 7.42e-05 0.0025 0.628 inverted 28.195698423321296
0.304 0.022 0.3883333333333333 7.42e-05 0.0025 0.0 normal 28.49695960768964
0.304 0.022 0.3883333333333333 7.42e-05 0.0025 0.628 normal 29.04646374204546
0.304 0.022 0.37166666666666665 7.42e-05 0.0025 6.28 inverted 38.36307686397315
0.304 0.022 0.3883333333333333 7.42e-05 0.0025 0.942 inverted 27.209288701468132
0.304 0.022 0.3883333333333333 7.42e-05 0.0025 3.454 normal 18.654287956424472
0.304 0.022 0.3883333333333333 7.42e-05 0.0025 0.942 normal 27.625318615682374
0.304 0.022 0.3883333333333333 7.42e-05 0.0025 1.884 normal 20.638458556476852
0.304 0.022 0.3883333333333333 7.42e-05 0.0025 2.826 inverted 22.536934802139257
0.304 0.022 0.3883333333333333 7.42e-05 0.0025 1.256 normal 25.421740079905927
0.304 0.022 0.3883333333333333 7.42e-05 0.0025 2.512 normal 18.071709354472528
0.304 0.022 0.3883333333333333 7.42e-05 0.0025 1.57 normal 22.925751330139317
0.304 0.022 0.3883333333333333 7.42e-05 0.0025 1.256 inverted 25.714598286553368
0.304 0.022 0.3883333333333333 7.42e-05 0.0025 4.396 normal 19.71770957204863
0.304 0.022 0.3883333333333333 7.42e-05 0.0025 2.198 normal 18.973447938092953
0.304 0.022 0.3883333333333333 7.42e-05 0.0025 2.512 inverted 22.01872167450544
0.304 0.022 0.3883333333333333 7.42e-05 0.0025 4.396 inverted 24.557541586969556
0.304 0.022 0.3883333333333333 7.42e-05 0.0025 1.884 inverted 22.800233173801335
0.304 0.022 0.3883333333333333 7.42e-05 0.0025 3.14 normal 18.171912436593907
0.304 0.022 0.3883333333333333 7.42e-05 0.0025 4.082 normal 19.432439613428794
0.304 0.022 0.3883333333333333 7.42e-05 0.0025 2.826 normal 17.870565115958996
0.304 0.022 0.3883333333333333 7.42e-05 0.0025 3.14 inverted 23.350639163594526
0.304 0.022 0.3883333333333333 7.42e-05 0.0025 2.198 inverted 22.071431679299792
0.304 0.022 0.3883333333333333 7.42e-05 0.0025 3.768 inverted 24.646086183475035
0.304 0.022 0.3883333333333333 7.42e-05 0.0025 3.454 inverted 24.139929996546424
0.304 0.022 0.3883333333333333 7.42e-05 0.0025 1.57 inverted 24.111546778722843
0.304 0.022 0.3883333333333333 7.42e-05 0.0025 3.768 normal 19.109236612024446
0.304 0.022 0.3883333333333333 7.42e-05 0.0025 4.082 inverted 24.759248415775684
0.304 0.022 0.405 7.42e-05 0.0025 0.0 normal 20.27326718117925
0.304 0.022 0.3883333333333333 7.42e-05 0.0025 5.338 inverted 24.68162733228561
0.304 0.022 0.405 7.42e-05 0.0025 0.942 inverted 20.82712589231453
0.304 0.022 0.3883333333333333 7.42e-05 0.0025 4.71 normal 20.179014915722373
0.304 0.022 0.3883333333333333 7.42e-05 0.0025 5.024 inverted 24.24940624840227
0.304 0.022 0.405 7.42e-05 0.0025 1.57 normal 15.779096468778738
0.304 0.022 0.3883333333333333 7.42e-05 0.0025 5.966 normal 26.731474148346894
0.304 0.022 0.3883333333333333 7.42e-05 0.0025 5.024 normal 21.09381092353492
0.304 0.022 0.3883333333333333 7.42e-05 0.0025 5.966 inverted 26.79336286805652
0.304 0.022 0.405 7.42e-05 0.0025 0.314 normal 21.157659857114737
0.304 0.022 0.405 7.42e-05 0.0025 1.256 inverted 19.48711847810069
0.304 0.022 0.405 7.42e-05 0.0025 0.942 normal 19.857285237842454
0.304 0.022 0.405 7.42e-05 0.0025 1.256 normal 17.957535712084493
0.304 0.022 0.3883333333333333 7.42e-05 0.0025 5.652 normal 24.59223226759742
0.304 0.022 0.3883333333333333 7.42e-05 0.0025 6.28 normal 28.48019911457133
0.304 0.022 0.405 7.42e-05 0.0025 0.628 normal 21.013408557154033
0.304 0.022 0.405 7.42e-05 0.0025 0.628 inverted 21.66166842459329
0.304 0.022 0.405 7.42e-05 0.0025 0.314 inverted 21.775248983298905
0.304 0.022 0.3883333333333333 7.42e-05 0.0025 5.652 inverted 25.60299620579044
0.304 0.022 0.3883333333333333 7.42e-05 0.0025 6.28 inverted 27.870886660986983
0.304 0.022 0.405 7.42e-05 0.0025 0.0 inverted 21.18618479200406
0.304 0.022 0.405 7.42e-05 0.0025 1.57 inverted 18.005335801795308
0.304 0.022 0.3883333333333333 7.42e-05 0.0025 5.338 normal 22.591022248169352
0.304 0.022 0.3883333333333333 7.42e-05 0.0025 4.71 inverted 24.287763687388427
0.304 0.022 0.405 7.42e-05 0.0025 1.884 normal 13.781158136457602
0.304 0.022 0.405 7.42e-05 0.0025 2.826 normal 11.540129539037496
0.304 0.022 0.405 7.42e-05 0.0025 2.826 inverted 16.54073390665278
0.304 0.022 0.405 7.42e-05 0.0025 4.396 inverted 18.559186309873585
0.304 0.022 0.405 7.42e-05 0.0025 3.454 normal 12.441641422307915
0.304 0.022 0.405 7.42e-05 0.0025 3.768 normal 12.880165823194876
0.304 0.022 0.405 7.42e-05 0.0025 3.14 normal 11.915603566940163
0.304 0.022 0.405 7.42e-05 0.0025 4.082 normal 13.113955937403077
0.304 0.022 0.405 7.42e-05 0.0025 4.396 normal 13.213056115597752
0.304 0.022 0.405 7.42e-05 0.0025 2.512 inverted 16.027388051957317
0.304 0.022 0.405 7.42e-05 0.0025 2.198 normal 12.33630406795668
0.304 0.022 0.405 7.42e-05 0.0025 5.024 inverted 18.021776179250256
0.304 0.022 0.405 7.42e-05 0.0025 3.454 inverted 18.15951660448031
0.304 0.022 0.405 7.42e-05 0.0025 3.14 inverted 17.353847911719253
0.304 0.022 0.405 7.42e-05 0.0025 5.024 normal 13.974394917038417
0.304 0.022 0.405 7.42e-05 0.0025 1.884 inverted 16.767618857680763
0.304 0.022 0.405 7.42e-05 0.0025 2.512 normal 11.602308235343482
0.304 0.022 0.405 7.42e-05 0.0025 3.768 inverted 18.680690556985738
0.304 0.022 0.405 7.42e-05 0.0025 4.71 inverted 18.195453750894956
0.304 0.022 0.405 7.42e-05 0.0025 5.338 normal 15.099685321712949
0.304 0.022 0.405 7.42e-05 0.0025 4.71 normal 13.406055019216614
0.304 0.022 0.405 7.42e-05 0.0025 4.082 inverted 18.794862170156524
0.304 0.022 0.405 7.42e-05 0.0025 2.198 inverted 16.072338237860453
0.304 0.022 0.405 7.42e-05 0.0025 5.338 inverted 18.2854779262132
0.304 0.022 0.42166666666666663 7.42e-05 0.0025 0.0 normal 15.087753060564363
0.304 0.022 0.405 7.42e-05 0.0025 5.652 normal 16.757847062956902
0.304 0.022 0.42166666666666663 7.42e-05 0.0025 0.0 inverted 17.27850780178056
0.304 0.022 0.405 7.42e-05 0.0025 5.652 inverted 19.05533579039071
0.304 0.022 0.42166666666666663 7.42e-05 0.0025 1.256 inverted 15.959298025151543
0.304 0.022 0.42166666666666663 7.42e-05 0.0025 0.314 normal 16.001347583744295
0.304 0.022 0.42166666666666663 7.42e-05 0.0025 1.256 normal 13.384229296051135
0.304 0.022 0.405 7.42e-05 0.0025 5.966 inverted 20.137970805992246
0.304 0.022 0.405 7.42e-05 0.0025 6.28 inverted 21.176857876871672
0.304 0.022 0.42166666666666663 7.42e-05 0.0025 1.57 inverted 14.55024990697696
0.304 0.022 0.42166666666666663 7.42e-05 0.0025 0.628 inverted 17.90879677348784
0.304 0.022 0.42166666666666663 7.42e-05 0.0025 1.884 normal 9.629822462170658
0.304 0.022 0.42166666666666663 7.42e-05 0.0025 0.942 normal 15.039194711735723
0.304 0.022 0.42166666666666663 7.42e-05 0.0025 1.57 normal 11.43482485906514
0.304 0.022 0.42166666666666663 7.42e-05 0.0025 2.512 inverted 12.555943451685305
0.304 0.022 0.42166666666666663 7.42e-05 0.0025 2.198 inverted 12.638638713159985
0.304 0.022 0.42166666666666663 7.42e-05 0.0025 0.314 inverted 17.92225965271468
0.304 0.022 0.405 7.42e-05 0.0025 5.966 normal 18.63712957711129
0.304 0.022 0.405 7.42e-05 0.0025 6.28 normal 20.259842856120244
0.304 0.022 0.42166666666666663 7.42e-05 0.0025 0.628 normal 15.997022241563712
0.304 0.022 0.42166666666666663 7.42e-05 0.0025 2.512 normal 7.718892972833398
0.304 0.022 0.42166666666666663 7.42e-05 0.0025 1.884 inverted 13.342648976520401
0.304 0.022 0.42166666666666663 7.42e-05 0.0025 2.198 normal 8.339423698208236
0.304 0.022 0.42166666666666663 7.42e-05 0.0025 0.942 inverted 17.192589757691135
0.304 0.022 0.42166666666666663 7.42e-05 0.0025 3.14 normal 8.155005708980196
0.304 0.022 0.42166666666666663 7.42e-05 0.0025 3.454 inverted 14.625053921209911
0.304 0.022 0.42166666666666663 7.42e-05 0.0025 3.768 normal 9.132929080475012
0.304 0.022 0.42166666666666663 7.42e-05 0.0025 5.024 normal 9.60466603941745
0.304 0.022 0.42166666666666663 7.42e-05 0.0025 4.396 inverted 15.046098596491479
0.304 0.022 0.42166666666666663 7.42e-05 0.0025 2.826 inverted 13.027013136451233
0.304 0.022 0.42166666666666663 7.42e-05 0.0025 4.71 normal 9.285379998842608
0.304 0.022 0.42166666666666663 7.42e-05 0.0025 5.966 inverted 16.23921513409795
0.304 0.022 0.42166666666666663 7.42e-05 0.0025 4.71 inverted 14.642392650758342
0.304 0.022 0.42166666666666663 7.42e-05 0.0025 4.396 normal 9.284792732868665
0.304 0.022 0.42166666666666663 7.42e-05 0.0025 5.024 inverted 14.38751156859069
0.304 0.022 0.42166666666666663 7.42e-05 0.0025 3.768 inverted 15.161750182608522
0.304 0.022 0.42166666666666663 7.42e-05 0.0025 2.826 normal 7.72367661388665
0.304 0.022 0.42166666666666663 7.42e-05 0.0025 5.338 normal 10.452701069396937
0.304 0.022 0.42166666666666663 7.42e-05 0.0025 3.14 inverted 13.819476965347082
0.304 0.022 0.42166666666666663 7.42e-05 0.0025 3.454 normal 8.704487392975295
0.304 0.022 0.42166666666666663 7.42e-05 0.0025 6.28 inverted 17.270025676640035
0.304 0.022 0.42166666666666663 7.42e-05 0.0025 5.338 inverted 14.552965889231967
0.304 0.022 0.42166666666666663 7.42e-05 0.0025 5.652 inverted 15.217865453137113
0.304 0.022 0.42166666666666663 7.42e-05 0.0025 4.082 normal 9.304530951925457
0.304 0.022 0.42166666666666663 7.42e-05 0.0025 5.966 normal 13.539364332383641
0.304 0.022 0.42166666666666663 7.42e-05 0.0025 4.082 inverted 15.287207356963052
0.304 0.022 0.42166666666666663 7.42e-05 0.0025 6.28 normal 15.074629310494899
0.304 0.022 0.42166666666666663 7.42e-05 0.0025 5.652 normal 11.851880477729893
0.304 0.022 0.43833333333333335 7.42e-05 0.0025 0.942 inverted 15.448130876524417
0.304 0.022 0.43833333333333335 7.42e-05 0.0025 0.0 normal 12.065178058167383
0.304 0.022 0.43833333333333335 7.42e-05 0.0025 1.57 inverted 12.900260298431585
0.304 0.022 0.43833333333333335 7.42e-05 0.0025 1.57 normal 9.036330518049844
0.304 0.022 0.43833333333333335 7.42e-05 0.0025 1.884 normal 7.362979307567129
0.304 0.022 0.43833333333333335 7.42e-05 0.0025 0.0 inverted 15.300008393522559
0.304 0.022 0.43833333333333335 7.42e-05 0.0025 2.198 normal 6.1394627362013034
0.304 0.022 0.43833333333333335 7.42e-05 0.0025 1.884 inverted 11.677335706410293
0.304 0.022 0.43833333333333335 7.42e-05 0.0025 0.628 normal 13.115877095925526
0.304 0.022 0.43833333333333335 7.42e-05 0.0025 2.512 normal 5.562966488387089
0.304 0.022 0.43833333333333335 7.42e-05 0.0025 1.256 inverted 14.281948224053764
0.304 0.022 0.43833333333333335 7.42e-05 0.0025 3.14 inverted 11.903659097151962
0.304 0.022 0.43833333333333335 7.42e-05 0.0025 0.314 inverted 16.001599067038946
0.304 0.022 0.43833333333333335 7.42e-05 0.0025 2.826 normal 5.602438128671334
0.304 0.022 0.43833333333333335 7.42e-05 0.0025 3.14 normal 6.043012737233958
0.304 0.022 0.43833333333333335 7.42e-05 0.0025 2.512 inverted 10.757851174088794
0.304 0.022 0.43833333333333335 7.42e-05 0.0025 0.628 inverted 16.073302927308166
0.304 0.022 0.43833333333333335 7.42e-05 0.0025 0.942 normal 12.31810182509581
0.304 0.022 0.43833333333333335 7.42e-05 0.0025 1.256 normal 10.837133862894852
0.304 0.022 0.43833333333333335 7.42e-05 0.0025 0.314 normal 13.011994412820787
0.304 0.022 0.43833333333333335 7.42e-05 0.0025 3.454 normal 6.608703466235399
0.304 0.022 0.43833333333333335 7.42e-05 0.0025 3.454 inverted 12.689223979608467
0.304 0.022 0.43833333333333335 7.42e-05 0.0025 2.198 inverted 10.914814837945636
0.304 0.022 0.43833333333333335 7.42e-05 0.0025 2.826 inverted 11.158400707997638
0.304 0.022 0.43833333333333335 7.42e-05 0.0025 4.396 normal 7.081950091745582
0.304 0.022 0.43833333333333335 7.42e-05 0.0025 3.768 normal 7.028652713425803
0.304 0.022 0.43833333333333335 7.42e-05 0.0025 4.71 inverted 12.764842445851336
0.304 0.022 0.43833333333333335 7.42e-05 0.0025 4.396 inverted 13.165849751716092
0.304 0.022 0.43833333333333335 7.42e-05 0.0025 5.652 normal 9.010565537669798
0.304 0.022 0.43833333333333335 7.42e-05 0.0025 3.768 inverted 13.236221786930203
0.304 0.022 0.43833333333333335 7.42e-05 0.0025 5.338 normal 7.785099144043852
0.304 0.022 0.43833333333333335 7.42e-05 0.0025 5.966 normal 10.56764048362024
0.304 0.022 0.43833333333333335 7.42e-05 0.0025 4.082 normal 7.174687931078519
0.304 0.022 0.43833333333333335 7.42e-05 0.0025 5.652 inverted 13.236729734378615
0.304 0.022 0.43833333333333335 7.42e-05 0.0025 4.71 normal 6.963607601851585
0.304 0.022 0.45499999999999996 7.42e-05 0.0025 0.628 inverted 15.444626127822431
0.304 0.022 0.43833333333333335 7.42e-05 0.0025 5.338 inverted 12.61228173562628
0.304 0.022 0.43833333333333335 7.42e-05 0.0025 6.28 inverted 15.290300665371579
0.304 0.022 0.43833333333333335 7.42e-05 0.0025 5.966 inverted 14.240606257825416
0.304 0.022 0.43833333333333335 7.42e-05 0.0025 5.024 normal 7.120395439858234
0.304 0.022 0.43833333333333335 7.42e-05 0.0025 6.28 normal 12.050988674933079
0.304 0.022 0.45499999999999996 7.42e-05 0.0025 0.314 inverted 15.299354436354683
0.304 0.022 0.43833333333333335 7.42e-05 0.0025 4.082 inverted 13.386534749880175
0.304 0.022 0.45499999999999996 7.42e-05 0.0025 0.314 normal 11.452341850164874
0.304 0.022 0.43833333333333335 7.42e-05 0.0025 5.024 inverted 12.48709901988243
0.304 0.022 0.45499999999999996 7.42e-05 0.0025 0.628 normal 11.652430263162435
0.304 0.022 0.45499999999999996 7.42e-05 0.0025 0.0 inverted 14.533225906858018
0.304 0.022 0.45499999999999996 7.42e-05 0.0025 0.0 normal 10.467077179408156
0.304 0.022 0.45499999999999996 7.42e-05 0.0025 0.942 normal 10.968463463611807
0.304 0.022 0.45499999999999996 7.42e-05 0.0025 1.884 normal 6.2598962260079345
0.304 0.022 0.45499999999999996 7.42e-05 0.0025 1.256 normal 9.590506422080805
0.304 0.022 0.45499999999999996 7.42e-05 0.0025 2.198 normal 5.060085103861598
0.304 0.022 0.45499999999999996 7.42e-05 0.0025 1.256 inverted 13.744732178574283
0.304 0.022 0.45499999999999996 7.42e-05 0.0025 4.396 normal 5.9048184780028805
0.304 0.022 0.45499999999999996 7.42e-05 0.0025 2.198 inverted 10.21141186290657
0.304 0.022 0.45499999999999996 7.42e-05 0.0025 0.942 inverted 14.883361233133742
0.304 0.022 0.45499999999999996 7.42e-05 0.0025 4.396 inverted 12.216683338148838
0.304 0.022 0.45499999999999996 7.42e-05 0.0025 3.14 normal 4.91634969920349
0.304 0.022 0.45499999999999996 7.42e-05 0.0025 1.884 inverted 11.06898765967918
0.304 0.022 0.45499999999999996 7.42e-05 0.0025 1.57 normal 7.883635004486344
0.304 0.022 0.45499999999999996 7.42e-05 0.0025 1.57 inverted 12.349013436521426
0.304 0.022 0.45499999999999996 7.42e-05 0.0025 2.826 inverted 10.248327345689866
0.304 0.022 0.45499999999999996 7.42e-05 0.0025 3.14 inverted 10.92226013832131
0.304 0.022 0.45499999999999996 7.42e-05 0.0025 4.082 normal 6.0237243499097675
0.304 0.022 0.45499999999999996 7.42e-05 0.0025 3.454 normal 5.4689122762104425
0.304 0.022 0.45499999999999996 7.42e-05 0.0025 4.082 inverted 12.400095574724267
0.304 0.022 0.45499999999999996 7.42e-05 0.0025 2.512 inverted 9.945836548825667
0.304 0.022 0.45499999999999996 7.42e-05 0.0025 2.512 normal 4.474582194615899
0.304 0.022 0.45499999999999996 7.42e-05 0.0025 3.768 normal 5.889954315367244
0.304 0.022 0.45499999999999996 7.42e-05 0.0025 2.826 normal 4.490934646943156
0.304 0.022 0.45499999999999996 7.42e-05 0.0025 3.454 inverted 11.670646668597843
0.304 0.022 0.45499999999999996 7.42e-05 0.0025 3.768 inverted 12.217368647867351
0.304 0.022 0.4716666666666667 7.42e-05 0.0025 1.57 normal 7.418033345705701
0.304 0.022 0.4716666666666667 7.42e-05 0.0025 0.628 inverted 15.458094912949697
0.304 0.022 0.45499999999999996 7.42e-05 0.0025 5.024 inverted 11.607643991965698
0.304 0.022 0.45499999999999996 7.42e-05 0.0025 5.966 inverted 13.42432922533206
0.304 0.022 0.45499999999999996 7.42e-05 0.0025 5.652 inverted 12.393710585250883
0.304 0.022 0.45499999999999996 7.42e-05 0.0025 5.024 normal 5.802782762209981
0.304 0.022 0.45499999999999996 7.42e-05 0.0025 5.652 normal 7.49311279539112
0.304 0.022 0.4716666666666667 7.42e-05 0.0025 0.0 inverted 14.406587286198537
0.304 0.022 0.45499999999999996 7.42e-05 0.0025 5.966 normal 8.988668363237032
0.304 0.022 0.45499999999999996 7.42e-05 0.0025 4.71 normal 5.730153036225683
0.304 0.022 0.4716666666666667 7.42e-05 0.0025 1.57 inverted 12.349214139499077
0.304 0.022 0.45499999999999996 7.42e-05 0.0025 5.338 inverted 11.751659053822246
0.304 0.022 0.4716666666666667 7.42e-05 0.0025 0.628 normal 11.018533231376773
0.304 0.022 0.4716666666666667 7.42e-05 0.0025 0.314 inverted 15.249648855070442
0.304 0.022 0.45499999999999996 7.42e-05 0.0025 6.28 normal 10.455385374191742
0.304 0.022 0.4716666666666667 7.42e-05 0.0025 1.256 inverted 13.792553547828035
0.304 0.022 0.4716666666666667 7.42e-05 0.0025 0.314 normal 10.751130902006052
0.304 0.022 0.45499999999999996 7.42e-05 0.0025 6.28 inverted 14.522296426849184
0.304 0.022 0.4716666666666667 7.42e-05 0.0025 1.256 normal 9.098253267688781
0.304 0.022 0.45499999999999996 7.42e-05 0.0025 4.71 inverted 11.854847368559485
0.304 0.022 0.4716666666666667 7.42e-05 0.0025 0.942 inverted 14.929150188297683
0.304 0.022 0.4716666666666667 7.42e-05 0.0025 0.942 normal 10.412083029715268
0.304 0.022 0.4716666666666667 7.42e-05 0.0025 0.0 normal 9.714316712171238
0.304 0.022 0.45499999999999996 7.42e-05 0.0025 5.338 normal 6.367404159169811
0.304 0.022 0.4716666666666667 7.42e-05 0.0025 2.826 normal 3.862738049783082
0.304 0.022 0.4716666666666667 7.42e-05 0.0025 1.884 inverted 10.971044556280987
0.304 0.022 0.4716666666666667 7.42e-05 0.0025 1.884 normal 5.782377451348806
0.304 0.022 0.4716666666666667 7.42e-05 0.0025 5.338 normal 5.623114486247649
0.304 0.022 0.4716666666666667 7.42e-05 0.0025 2.512 normal 3.905314522110545
0.304 0.022 0.4716666666666667 7.42e-05 0.0025 5.338 inverted 11.405869892022926
0.304 0.022 0.4716666666666667 7.42e-05 0.0025 3.768 inverted 11.571102428326178
0.304 0.022 0.4716666666666667 7.42e-05 0.0025 3.454 normal 4.760835605835831
0.304 0.022 0.4716666666666667 7.42e-05 0.0025 2.198 normal 4.542336673686105
0.304 0.022 0.4716666666666667 7.42e-05 0.0025 2.512 inverted 9.589516250318999
0.304 0.022 0.4716666666666667 7.42e-05 0.0025 3.454 inverted 11.033541214541817
0.304 0.022 0.4716666666666667 7.42e-05 0.0025 5.024 inverted 11.192270489452964
0.304 0.022 0.4716666666666667 7.42e-05 0.0025 4.396 normal 5.1918553217929
0.304 0.022 0.4716666666666667 7.42e-05 0.0025 5.024 normal 5.082697421939909
0.304 0.022 0.4716666666666667 7.42e-05 0.0025 3.768 normal 5.168040523296556
0.304 0.022 0.4716666666666667 7.42e-05 0.0025 4.71 normal 5.0227862611771075
0.304 0.022 0.4716666666666667 7.42e-05 0.0025 4.082 normal 5.304066665444716
0.304 0.022 0.4716666666666667 7.42e-05 0.0025 3.14 normal 4.240404588352072
0.304 0.022 0.4716666666666667 7.42e-05 0.0025 4.71 inverted 11.363382213811901
0.304 0.022 0.4716666666666667 7.42e-05 0.0025 4.396 inverted 11.658642263419722
0.304 0.022 0.4716666666666667 7.42e-05 0.0025 4.082 inverted 11.776886818737795
0.304 0.022 0.4716666666666667 7.42e-05 0.0025 2.826 inverted 9.76406967689087
0.304 0.022 0.4716666666666667 7.42e-05 0.0025 3.14 inverted 10.34023123565773
0.304 0.022 0.4716666666666667 7.42e-05 0.0025 2.198 inverted 9.988230167282325
0.304 0.022 0.4716666666666667 7.42e-05 0.0025 5.652 normal 6.72804192044953
0.304 0.022 0.4883333333333333 7.42e-05 0.0025 0.0 normal 9.37205346763049
0.304 0.022 0.4883333333333333 7.42e-05 0.0025 1.256 normal 8.928062821695788
0.304 0.022 0.4883333333333333 7.42e-05 0.0025 0.628 normal 10.79503401267948
0.304 0.022 0.4716666666666667 7.42e-05 0.0025 6.28 normal 9.699915927343206
0.304 0.022 0.4716666666666667 7.42e-05 0.0025 5.966 normal 8.215331946447398
0.304 0.022 0.4883333333333333 7.42e-05 0.0025 1.57 inverted 12.510736092541562
0.304 0.022 0.4883333333333333 7.42e-05 0.0025 1.884 normal 5.538564958642038
0.304 0.022 0.4883333333333333 7.42e-05 0.0025 0.0 inverted 14.519081067616126
0.304 0.022 0.4883333333333333 7.42e-05 0.0025 0.314 normal 10.469435905314672
0.304 0.022 0.4716666666666667 7.42e-05 0.0025 5.966 inverted 13.221659426504466
0.304 0.022 0.4883333333333333 7.42e-05 0.0025 2.512 inverted 9.310197358184244
0.304 0.022 0.4883333333333333 7.42e-05 0.0025 0.628 inverted 15.711832841443256
0.304 0.022 0.4883333333333333 7.42e-05 0.0025 0.942 normal 10.227776173108625
0.304 0.022 0.4883333333333333 7.42e-05 0.0025 0.942 inverted 15.199985469467642
0.304 0.022 0.4883333333333333 7.42e-05 0.0025 2.512 normal 3.480510135141706
0.304 0.022 0.4883333333333333 7.42e-05 0.0025 1.256 inverted 14.033468267981421
0.304 0.022 0.4883333333333333 7.42e-05 0.0025 1.57 normal 7.224051712643281
0.304 0.022 0.4883333333333333 7.42e-05 0.0025 1.884 inverted 11.01025150823305
0.304 0.022 0.4883333333333333 7.42e-05 0.0025 2.198 normal 4.217997966173334
0.304 0.022 0.4883333333333333 7.42e-05 0.0025 2.198 inverted 9.872310300119016
0.304 0.022 0.4716666666666667 7.42e-05 0.0025 6.28 inverted 14.39537444811938
0.304 0.022 0.4716666666666667 7.42e-05 0.0025 5.652 inverted 12.123056182527025
0.304 0.022 0.4883333333333333 7.42e-05 0.0025 0.314 inverted 15.444102808629141
0.304 0.022 0.4883333333333333 7.42e-05 0.0025 3.454 inverted 10.408147595117313
0.304 0.022 0.4883333333333333 7.42e-05 0.0025 6.28 inverted 14.507572765431584
0.304 0.022 0.4883333333333333 7.42e-05 0.0025 2.826 normal 3.3409087415672536
0.304 0.022 0.4883333333333333 7.42e-05 0.0025 3.768 inverted 10.921703199662636
0.304 0.022 0.4883333333333333 7.42e-05 0.0025 4.396 inverted 11.093796004240781
0.304 0.022 0.4883333333333333 7.42e-05 0.0025 3.768 normal 4.496179739122023
0.304 0.022 0.4883333333333333 7.42e-05 0.0025 3.14 normal 3.6423905248991986
0.304 0.022 0.4883333333333333 7.42e-05 0.0025 4.396 normal 4.5594921921776566
0.304 0.022 0.4883333333333333 7.42e-05 0.0025 4.71 normal 4.43876292757511
0.304 0.022 0.4883333333333333 7.42e-05 0.0025 2.826 inverted 9.338042758327173
0.304 0.022 0.4883333333333333 7.42e-05 0.0025 3.14 inverted 9.791955380926339
0.304 0.022 0.4883333333333333 7.42e-05 0.0025 5.024 inverted 10.8468339093933
0.304 0.022 0.4883333333333333 7.42e-05 0.0025 3.454 normal 4.114249845385186
0.304 0.022 0.4883333333333333 7.42e-05 0.0025 5.966 inverted 13.233785879874622
0.304 0.022 0.4883333333333333 7.42e-05 0.0025 6.28 normal 9.359610235153312
0.304 0.022 0.4883333333333333 7.42e-05 0.0025 5.338 inverted 11.181598886384107
0.304 0.022 0.4883333333333333 7.42e-05 0.0025 5.338 normal 5.13427561696973
0.304 0.022 0.4883333333333333 7.42e-05 0.0025 4.082 normal 4.643271038858381
0.304 0.022 0.4883333333333333 7.42e-05 0.0025 5.024 normal 4.5445863452401145
0.304 0.022 0.4883333333333333 7.42e-05 0.0025 4.71 inverted 10.900374584335717
0.304 0.022 0.4883333333333333 7.42e-05 0.0025 4.082 inverted 11.152321285275036
0.304 0.022 0.4883333333333333 7.42e-05 0.0025 5.966 normal 7.819716516198577
0.304 0.022 0.4883333333333333 7.42e-05 0.0025 5.652 normal 6.283105860050091
0.304 0.022 0.4883333333333333 7.42e-05 0.0025 5.652 inverted 12.018037181827896
0.304 0.022 0.505 7.42e-05 0.0025 0.0 inverted 14.625806557202912
0.304 0.022 0.505 7.42e-05 0.0025 0.314 normal 10.329799398900843
0.304 0.022 0.505 7.42e-05 0.0025 3.14 inverted 9.072939380119141
0.304 0.022 0.505 7.42e-05 0.0025 1.256 normal 8.830163942654664
0.304 0.022 0.505 7.42e-05 0.0025 1.884 normal 5.286050921123928
0.304 0.022 0.505 7.42e-05 0.0025 2.826 inverted 8.758097622787963
0.304 0.022 0.505 7.42e-05 0.0025 0.942 inverted 15.456370174877842
0.304 0.022 0.505 7.42e-05 0.0025 2.198 normal 3.8508557901253235
0.304 0.022 0.505 7.42e-05 0.0025 2.198 inverted 9.64631051738917
0.304 0.022 0.505 7.42e-05 0.0025 0.0 normal 9.161813269424531
0.304 0.022 0.505 7.42e-05 0.0025 2.512 normal 2.9870653528015367
0.304 0.022 0.505 7.42e-05 0.0025 3.454 normal 3.3135223624570003
0.304 0.022 0.505 7.42e-05 0.0025 2.512 inverted 8.90164742758651
0.304 0.022 0.505 7.42e-05 0.0025 1.884 inverted 10.95200949046333
0.304 0.022 0.505 7.42e-05 0.0025 0.314 inverted 15.647206674973926
0.304 0.022 0.505 7.42e-05 0.0025 0.628 inverted 15.96370336084216
0.304 0.022 0.505 7.42e-05 0.0025 1.57 inverted 12.60445817910725
0.304 0.022 0.505 7.42e-05 0.0025 1.57 normal 7.073167266709464
0.304 0.022 0.505 7.42e-05 0.0025 3.454 inverted 9.588937448147647
0.304 0.022 0.505 7.42e-05 0.0025 0.628 normal 10.700466596298472
0.304 0.022 0.505 7.42e-05 0.0025 1.256 inverted 14.23664993898606
0.304 0.022 0.505 7.42e-05 0.0025 2.826 normal 2.725610250526635
0.304 0.022 0.505 7.42e-05 0.0025 3.14 normal 2.9204271508331896
0.304 0.022 0.505 7.42e-05 0.0025 0.942 normal 10.150076655699062
0.304 0.022 0.505 7.42e-05 0.0025 3.768 normal 3.659902053998517
0.304 0.022 0.505 7.42e-05 0.0025 4.082 inverted 10.302583169419261
0.304 0.022 0.505 7.42e-05 0.0025 4.396 normal 3.774731967529269
0.304 0.022 0.505 7.42e-05 0.0025 3.768 inverted 10.057150411487555
0.304 0.022 0.505 7.42e-05 0.0025 5.966 inverted 13.209555381962856
0.304 0.022 0.505 7.42e-05 0.0025 5.338 normal 4.634599604915433
0.304 0.022 0.505 7.42e-05 0.0025 6.28 inverted 14.612357624414132
0.304 0.022 0.505 7.42e-05 0.0025 4.71 inverted 10.24227109585941
0.304 0.022 0.505 7.42e-05 0.0025 5.024 inverted 10.337927246644457
0.304 0.022 0.505 7.42e-05 0.0025 4.082 normal 3.8102296137612948
0.304 0.022 0.505 7.42e-05 0.0025 4.396 inverted 10.31698591526378
0.304 0.022 0.505 7.42e-05 0.0025 5.652 normal 5.884859042118348
0.304 0.022 0.5216666666666667 7.42e-05 0.0025 0.314 inverted 15.76951338411694
0.304 0.022 0.505 7.42e-05 0.0025 5.652 inverted 11.839595995919609
0.304 0.022 0.505 7.42e-05 0.0025 4.71 normal 3.7290555007425485
0.304 0.022 0.5216666666666667 7.42e-05 0.0025 0.628 inverted 16.1365216411392
0.304 0.022 0.505 7.42e-05 0.0025 6.28 normal 9.149184902747004
0.304 0.022 0.5216666666666667 7.42e-05 0.0025 0.0 normal 8.963885663998862
0.304 0.022 0.505 7.42e-05 0.0025 5.024 normal 3.9364273660992057
0.304 0.022 0.5216666666666667 7.42e-05 0.0025 0.628 normal 10.633534968789917
0.304 0.022 0.505 7.42e-05 0.0025 5.966 normal 7.519254633128712
0.304 0.022 0.505 7.42e-05 0.0025 5.338 inverted 10.838592339657938
0.304 0.022 0.5216666666666667 7.42e-05 0.0025 0.0 inverted 14.642931715687574
0.304 0.022 0.5216666666666667 7.42e-05 0.0025 0.314 normal 10.218378487927877
0.304 0.022 0.5216666666666667 7.42e-05 0.0025 4.396 inverted 9.267328891045446
0.304 0.022 0.5216666666666667 7.42e-05 0.0025 1.256 normal 8.713345064316663
0.304 0.022 0.5216666666666667 7.42e-05 0.0025 3.14 inverted 8.13999275227701
0.304 0.022 0.5216666666666667 7.42e-05 0.0025 0.942 inverted 15.616428977261256
0.304 0.022 0.5216666666666667 7.42e-05 0.0025 2.512 inverted 8.319067358312541
0.304 0.022 0.5216666666666667 7.42e-05 0.0025 3.14 normal 2.022144323695865
0.304 0.022 0.5216666666666667 7.42e-05 0.0025 1.256 inverted 14.316916671821357
0.304 0.022 0.5216666666666667 7.42e-05 0.0025 2.826 inverted 7.98854414081553
0.304 0.022 0.5216666666666667 7.42e-05 0.0025 0.942 normal 10.082711668258684
0.304 0.022 0.5216666666666667 7.42e-05 0.0025 1.884 normal 4.964236129221394
0.304 0.022 0.5216666666666667 7.42e-05 0.0025 1.57 normal 6.868153021711654
0.304 0.022 0.5216666666666667 7.42e-05 0.0025 3.768 inverted 8.935832642585533
0.304 0.022 0.5216666666666667 7.42e-05 0.0025 2.198 normal 3.3825065482461145
0.304 0.022 0.5216666666666667 7.42e-05 0.0025 4.396 normal 2.7638297686538755
0.304 0.022 0.5216666666666667 7.42e-05 0.0025 4.082 inverted 9.183570367413706
0.304 0.022 0.5216666666666667 7.42e-05 0.0025 2.198 inverted 9.25881597556685
0.304 0.022 0.5216666666666667 7.42e-05 0.0025 3.454 inverted 8.537023260536948
0.304 0.022 0.5216666666666667 7.42e-05 0.0025 2.826 normal 1.960396271679846
0.304 0.022 0.5216666666666667 7.42e-05 0.0025 4.082 normal 2.7465096658049557
0.304 0.022 0.5216666666666667 7.42e-05 0.0025 3.454 normal 2.316391796496629
0.304 0.022 0.5216666666666667 7.42e-05 0.0025 1.57 inverted 12.566866935445173
0.304 0.022 0.5216666666666667 7.42e-05 0.0025 1.884 inverted 10.754778165219848
0.304 0.022 0.5216666666666667 7.42e-05 0.0025 2.512 normal 2.366962119371772
0.304 0.022 0.5216666666666667 7.42e-05 0.0025 3.768 normal 2.602304099884506
0.304 0.022 0.5216666666666667 7.42e-05 0.0025 4.71 normal 2.819260398961264
0.304 0.022 0.5216666666666667 7.42e-05 0.0025 5.338 inverted 10.303106857538383
0.304 0.022 0.5216666666666667 7.42e-05 0.0025 5.652 normal 5.4297244212035825
0.304 0.022 0.5216666666666667 7.42e-05 0.0025 5.338 normal 4.017502040313182
0.304 0.022 0.5383333333333333 7.42e-05 0.0025 0.628 normal 10.629473246293825
0.304 0.022 0.5216666666666667 7.42e-05 0.0025 6.28 inverted 14.628631339018026
0.304 0.022 0.5383333333333333 7.42e-05 0.0025 0.0 normal 8.821252262063211
0.304 0.022 0.5216666666666667 7.42e-05 0.0025 5.024 normal 3.164325852110193
0.304 0.022 0.5216666666666667 7.42e-05 0.0025 6.28 normal 8.948580909092934
0.304 0.022 0.5383333333333333 7.42e-05 0.0025 0.314 inverted 15.897295719978095
0.304 0.022 0.5216666666666667 7.42e-05 0.0025 5.024 inverted 9.599116354397925
0.304 0.022 0.5383333333333333 7.42e-05 0.0025 1.57 normal 6.679284187096222
0.304 0.022 0.5383333333333333 7.42e-05 0.0025 0.942 inverted 15.764099677493592
0.304 0.022 0.5383333333333333 7.42e-05 0.0025 1.57 inverted 12.51072976044765
0.304 0.022 0.5216666666666667 7.42e-05 0.0025 5.966 inverted 13.06987095088756
0.304 0.022 0.5383333333333333 7.42e-05 0.0025 1.256 normal 8.63663648006151
0.304 0.022 0.5383333333333333 7.42e-05 0.0025 1.256 inverted 14.386845145292183
0.304 0.022 0.5383333333333333 7.42e-05 0.0025 0.314 normal 10.171808419763716
0.304 0.022 0.5383333333333333 7.42e-05 0.0025 0.628 inverted 16.31503356274406
0.304 0.022 0.5216666666666667 7.42e-05 0.0025 4.71 inverted 9.32495732099871
0.304 0.022 0.5216666666666667 7.42e-05 0.0025 5.652 inverted 11.511937189355418
0.304 0.022 0.5383333333333333 7.42e-05 0.0025 0.0 inverted 14.656021818252714
0.304 0.022 0.5383333333333333 7.42e-05 0.0025 0.942 normal 10.073595773667764
0.304 0.022 0.5216666666666667 7.42e-05 0.0025 5.966 normal 7.204613779683155
0.304 0.022 0.5383333333333333 7.42e-05 0.0025 2.198 inverted 8.826547072021604
0.304 0.022 0.5383333333333333 7.42e-05 0.0025 3.768 normal 1.4367479878856675
0.304 0.022 0.5383333333333333 7.42e-05 0.0025 2.826 normal 1.1591819956825302
0.304 0.022 0.5383333333333333 7.42e-05 0.0025 3.14 normal 1.068747590033865
0.304 0.022 0.5383333333333333 7.42e-05 0.0025 3.454 normal 1.232634606845168
0.304 0.022 0.5383333333333333 7.42e-05 0.0025 5.024 inverted 8.730331371041107
0.304 0.022 0.5383333333333333 7.42e-05 0.0025 1.884 inverted 10.516045554685158
0.304 0.022 0.5383333333333333 7.42e-05 0.0025 4.082 inverted 7.917778018758749
0.304 0.022 0.5383333333333333 7.42e-05 0.0025 1.884 normal 4.644087346373478
0.304 0.022 0.5383333333333333 7.42e-05 0.0025 4.396 inverted 8.061500466262407
0.304 0.022 0.5383333333333333 7.42e-05 0.0025 4.396 normal 1.618842819900454
0.304 0.022 0.5383333333333333 7.42e-05 0.0025 2.198 normal 2.913213799978027
0.304 0.022 0.5383333333333333 7.42e-05 0.0025 2.826 inverted 7.1524230780010685
0.304 0.022 0.5383333333333333 7.42e-05 0.0025 3.768 inverted 7.6881819287342665
0.304 0.022 0.5383333333333333 7.42e-05 0.0025 2.512 inverted 7.682570744030921
0.304 0.022 0.5383333333333333 7.42e-05 0.0025 3.14 inverted 7.124143691818609
0.304 0.022 0.5383333333333333 7.42e-05 0.0025 5.024 normal 2.2953598725782967
0.304 0.022 0.5383333333333333 7.42e-05 0.0025 5.338 normal 3.3404952376405257
0.304 0.022 0.5383333333333333 7.42e-05 0.0025 2.512 normal 1.731264595934922
0.304 0.022 0.5383333333333333 7.42e-05 0.0025 5.338 inverted 9.672741735725458
0.304 0.022 0.5383333333333333 7.42e-05 0.0025 3.454 inverted 7.377054694315289
0.304 0.022 0.5383333333333333 7.42e-05 0.0025 4.082 normal 1.555683084729521
0.304 0.022 0.5383333333333333 7.42e-05 0.0025 4.71 normal 1.7840695647789435
0.304 0.022 0.5383333333333333 7.42e-05 0.0025 4.71 inverted 8.259112500532076
0.304 0.022 0.5383333333333333 7.42e-05 0.0025 5.966 normal 6.9107743793765755
0.304 0.022 0.5383333333333333 7.42e-05 0.0025 5.966 inverted 12.902546391201362
0.304 0.022 0.5383333333333333 7.42e-05 0.0025 5.652 inverted 11.12515543256416
0.304 0.022 0.5549999999999999 7.42e-05 0.0025 0.0 normal 8.925728902780017
0.304 0.022 0.5549999999999999 7.42e-05 0.0025 2.512 normal 1.344679935310658
0.304 0.022 0.5549999999999999 7.42e-05 0.0025 2.198 normal 2.690941002301009
0.304 0.022 0.5383333333333333 7.42e-05 0.0025 5.652 normal 4.95116471243426
0.304 0.022 0.5549999999999999 7.42e-05 0.0025 0.0 inverted 14.909560934399911
0.304 0.022 0.5549999999999999 7.42e-05 0.0025 1.256 inverted 14.712574242755425
0.304 0.022 0.5549999999999999 7.42e-05 0.0025 0.628 normal 10.897321425981033
0.304 0.022 0.5549999999999999 7.42e-05 0.0025 0.314 inverted 16.287184579546793
0.304 0.022 0.5383333333333333 7.42e-05 0.0025 6.28 inverted 14.638592244664737
0.304 0.022 0.5549999999999999 7.42e-05 0.0025 1.57 normal 6.767999575040891
0.304 0.022 0.5549999999999999 7.42e-05 0.0025 0.314 normal 10.389691715329903
0.304 0.022 0.5549999999999999 7.42e-05 0.0025 0.628 inverted 16.751018648171186
0.304 0.022 0.5549999999999999 7.42e-05 0.0025 1.884 inverted 10.524198833068874
0.304 0.022 0.5549999999999999 7.42e-05 0.0025 0.942 inverted 16.18881302704157
0.304 0.022 0.5549999999999999 7.42e-05 0.0025 0.942 normal 10.321975695459262
0.304 0.022 0.5549999999999999 7.42e-05 0.0025 1.57 inverted 12.686956012012406
0.304 0.022 0.5549999999999999 7.42e-05 0.0025 1.884 normal 4.585529664671984
0.304 0.022 0.5549999999999999 7.42e-05 0.0025 2.512 inverted 7.276983748971704
0.304 0.022 0.5383333333333333 7.42e-05 0.0025 6.28 normal 8.80269994960991
0.304 0.022 0.5549999999999999 7.42e-05 0.0025 1.256 normal 8.83102975118022
0.304 0.022 0.5549999999999999 7.42e-05 0.0025 2.198 inverted 8.633716641951438
0.304 0.022 0.5549999999999999 7.42e-05 0.0025 4.082 inverted 6.7867721817133875
0.304 0.022 0.5549999999999999 7.42e-05 0.0025 4.396 inverted 6.978823291379956
0.304 0.022 0.5549999999999999 7.42e-05 0.0025 2.826 inverted 6.5421630361743635
0.304 0.022 0.5549999999999999 7.42e-05 0.0025 3.454 inverted 6.4008029579122825
0.304 0.022 0.5549999999999999 7.42e-05 0.0025 2.826 normal 0.5965807611107741
0.304 0.022 0.5549999999999999 7.42e-05 0.0025 3.454 normal 0.3402168856438262
0.304 0.022 0.5549999999999999 7.42e-05 0.0025 5.338 inverted 9.200623134693288
0.304 0.022 0.5549999999999999 7.42e-05 0.0025 6.28 inverted 14.89229764297605
0.304 0.022 0.5549999999999999 7.42e-05 0.0025 3.14 normal 0.3303688579871843
0.304 0.022 0.5549999999999999 7.42e-05 0.0025 3.14 inverted 6.312620753015128
0.304 0.022 0.5549999999999999 7.42e-05 0.0025 3.768 inverted 6.597718219851429
0.304 0.022 0.5549999999999999 7.42e-05 0.0025 3.768 normal 0.4299993178256827
0.304 0.022 0.5549999999999999 7.42e-05 0.0025 4.082 normal 0.4999157031021503
0.304 0.022 0.5549999999999999 7.42e-05 0.0025 4.71 normal 0.8677377996790286
0.304 0.022 0.5549999999999999 7.42e-05 0.0025 4.396 normal 0.5909615661074442
0.304 0.022 0.5549999999999999 7.42e-05 0.0025 5.024 normal 1.5559029109643672
0.304 0.022 0.5549999999999999 7.42e-05 0.0025 5.966 normal 6.844352651562918
0.304 0.022 0.5549999999999999 7.42e-05 0.0025 5.652 inverted 10.92700397913445
0.304 0.022 0.5549999999999999 7.42e-05 0.0025 5.966 inverted 12.953565467341264
0.304 0.022 0.5549999999999999 7.42e-05 0.0025 4.71 inverted 7.313621494403937
0.304 0.022 0.5549999999999999 7.42e-05 0.0025 6.28 normal 8.908278410751379
0.304 0.022 0.5549999999999999 7.42e-05 0.0025 5.338 normal 2.830095743918783
0.304 0.022 0.5549999999999999 7.42e-05 0.0025 5.024 inverted 8.000942566899143
0.304 0.022 0.5549999999999999 7.42e-05 0.0025 5.652 normal 4.673082384447245
0.304 0.022 0.5716666666666667 7.42e-05 0.0025 0.0 inverted 15.810067939080671
0.304 0.022 0.5716666666666667 7.42e-05 0.0025 0.0 normal 9.640324856777513
0.304 0.022 0.5716666666666667 7.42e-05 0.0025 2.198 inverted 9.120891751705273
0.304 0.022 0.5716666666666667 7.42e-05 0.0025 2.198 normal 3.1505843605586428
0.304 0.022 0.5716666666666667 7.42e-05 0.0025 1.57 normal 7.510649269533918
0.304 0.022 0.5716666666666667 7.42e-05 0.0025 2.826 normal 0.7013165130248682
0.304 0.022 0.5716666666666667 7.42e-05 0.0025 0.628 inverted 17.845300623510052
0.304 0.022 0.5716666666666667 7.42e-05 0.0025 1.884 normal 5.188300057469856
0.304 0.022 0.5716666666666667 7.42e-05 0.0025 0.314 inverted 17.333979018744774
0.304 0.022 0.5716666666666667 7.42e-05 0.0025 0.942 inverted 17.255359077798037
0.304 0.022 0.5716666666666667 7.42e-05 0.0025 0.314 normal 11.233567494045836
0.304 0.022 0.5716666666666667 7.42e-05 0.0025 1.256 inverted 15.719488916365826
0.304 0.022 0.5716666666666667 7.42e-05 0.0025 1.256 normal 9.65331861545089
0.304 0.022 0.5716666666666667 7.42e-05 0.0025 3.14 inverted 6.16156182199503
0.304 0.022 0.5716666666666667 7.42e-05 0.0025 2.512 normal 1.628663144987623
0.304 0.022 0.5716666666666667 7.42e-05 0.0025 3.454 inverted 6.061281497864011
0.304 0.022 0.5716666666666667 7.42e-05 0.0025 2.512 inverted 7.558230461593483
0.304 0.022 0.5716666666666667 7.42e-05 0.0025 2.826 inverted 6.602257542168121
0.304 0.022 0.5716666666666667 7.42e-05 0.0025 3.14 normal 0.24320910778927768
0.304 0.022 0.5716666666666667 7.42e-05 0.0025 3.454 normal 0.07196587180483058
0.304 0.022 0.5716666666666667 7.42e-05 0.0025 1.884 inverted 11.208247704099733
0.304 0.022 0.5716666666666667 7.42e-05 0.0025 0.942 normal 11.221318144460355
0.304 0.022 0.5716666666666667 7.42e-05 0.0025 0.628 normal 11.80228490215798
0.304 0.022 0.5716666666666667 7.42e-05 0.0025 1.57 inverted 13.553705676165045
0.304 0.022 0.5716666666666667 7.42e-05 0.0025 4.71 normal 0.47062493141709305
0.304 0.022 0.5716666666666667 7.42e-05 0.0025 3.768 normal 0.014842196874620033
0.304 0.022 0.5716666666666667 7.42e-05 0.0025 6.28 normal 9.619542945076216
0.304 0.022 0.5716666666666667 7.42e-05 0.0025 4.082 normal 0.0024354989693456774
0.304 0.022 0.5716666666666667 7.42e-05 0.0025 5.966 inverted 13.638928127656472
0.304 0.022 0.5716666666666667 7.42e-05 0.0025 5.652 inverted 11.337121117166346
0.304 0.022 0.5716666666666667 7.42e-05 0.0025 5.024 inverted 7.837819877477456
0.304 0.022 0.5716666666666667 7.42e-05 0.0025 4.396 inverted 6.462827537045836
0.304 0.022 0.5716666666666667 7.42e-05 0.0025 5.966 normal 7.3664682049187284
0.304 0.022 0.5716666666666667 7.42e-05 0.0025 4.71 inverted 6.928209320370746
0.304 0.022 0.5716666666666667 7.42e-05 0.0025 5.338 normal 2.8560273951358597
0.304 0.022 0.5716666666666667 7.42e-05 0.0025 5.024 normal 1.342224278748358
0.304 0.022 0.5883333333333334 7.42e-05 0.0025 0.314 normal 13.219991219601289
0.304 0.022 0.5716666666666667 7.42e-05 0.0025 4.082 inverted 6.240386533742224
0.304 0.022 0.5716666666666667 7.42e-05 0.0025 5.338 inverted 9.315768902125601
0.304 0.022 0.5883333333333334 7.42e-05 0.0025 0.628 inverted 20.18995756980923
0.304 0.022 0.5716666666666667 7.42e-05 0.0025 3.768 inverted 6.116597997812216
0.304 0.022 0.5883333333333334 7.42e-05 0.0025 0.0 inverted 17.933814578971297
0.304 0.022 0.5883333333333334 7.42e-05 0.0025 0.628 normal 13.86309981475121
0.304 0.022 0.5883333333333334 7.42e-05 0.0025 0.0 normal 11.482488930886527
0.304 0.022 0.5883333333333334 7.42e-05 0.0025 0.314 inverted 19.615379564696966
0.304 0.022 0.5716666666666667 7.42e-05 0.0025 6.28 inverted 15.788536632167405
0.304 0.022 0.5716666666666667 7.42e-05 0.0025 5.652 normal 4.956387795782577
0.304 0.022 0.5716666666666667 7.42e-05 0.0025 4.396 normal 0.09647880654125791
0.304 0.022 0.5883333333333334 7.42e-05 0.0025 0.942 inverted 19.588780245127584
0.304 0.022 0.5883333333333334 7.42e-05 0.0025 3.768 normal 0.7770893460580853
0.304 0.022 0.5883333333333334 7.42e-05 0.0025 2.826 inverted 7.951007083604731
0.304 0.022 0.5883333333333334 7.42e-05 0.0025 2.512 normal 3.1719930414821675
0.304 0.022 0.5883333333333334 7.42e-05 0.0025 0.942 normal 13.287254044663724
0.304 0.022 0.5883333333333334 7.42e-05 0.0025 1.57 normal 9.435271069709152
0.304 0.022 0.5883333333333334 7.42e-05 0.0025 1.256 normal 11.678741424198657
0.304 0.022 0.5883333333333334 7.42e-05 0.0025 1.884 normal 7.02132362523495
0.304 0.022 0.5883333333333334 7.42e-05 0.0025 1.57 inverted 15.657745447251921
0.304 0.022 0.5883333333333334 7.42e-05 0.0025 2.512 inverted 9.125116450050932
0.304 0.022 0.5883333333333334 7.42e-05 0.0025 1.256 inverted 17.96919895664046
0.304 0.022 0.5883333333333334 7.42e-05 0.0025 2.198 normal 4.8448433088789455
0.304 0.022 0.5883333333333334 7.42e-05 0.0025 3.454 inverted 6.973044940810512
0.304 0.022 0.5883333333333334 7.42e-05 0.0025 4.396 inverted 7.11470104350568
0.304 0.022 0.5883333333333334 7.42e-05 0.0025 3.454 normal 1.0167222070541293
0.304 0.022 0.5883333333333334 7.42e-05 0.0025 3.14 inverted 7.28498246867529
0.304 0.022 0.5883333333333334 7.42e-05 0.0025 4.082 normal 0.6425207801661001
0.304 0.022 0.5883333333333334 7.42e-05 0.0025 2.826 normal 2.059082146619153
0.304 0.022 0.5883333333333334 7.42e-05 0.0025 3.14 normal 1.3968006135264106
0.304 0.022 0.5883333333333334 7.42e-05 0.0025 1.884 inverted 13.165218135522387
0.304 0.022 0.5883333333333334 7.42e-05 0.0025 4.082 inverted 6.886936151184006
0.304 0.022 0.5883333333333334 7.42e-05 0.0025 3.768 inverted 6.856948293173907
0.304 0.022 0.5883333333333334 7.42e-05 0.0025 2.198 inverted 10.890983435487144
0.304 0.022 0.5883333333333334 7.42e-05 0.0025 4.396 normal 0.7047491974228225
0.304 0.022 0.605 7.42e-05 0.0025 0.314 normal 17.031833160144906
0.304 0.022 0.5883333333333334 7.42e-05 0.0025 4.71 normal 1.1550526041826246
0.304 0.022 0.5883333333333334 7.42e-05 0.0025 5.338 inverted 10.597551129763263
0.304 0.022 0.5883333333333334 7.42e-05 0.0025 5.652 normal 6.330288710056458
0.304 0.022 0.5883333333333334 7.42e-05 0.0025 5.024 normal 2.201189665519481
0.304 0.022 0.5883333333333334 7.42e-05 0.0025 5.024 inverted 8.828569085809116
0.304 0.022 0.605 7.42e-05 0.0025 0.314 inverted 23.83969309093676
0.304 0.022 0.605 7.42e-05 0.0025 0.0 inverted 22.007637557260022
0.304 0.022 0.5883333333333334 7.42e-05 0.0025 6.28 normal 11.462731222703653
0.304 0.022 0.605 7.42e-05 0.0025 1.57 inverted 19.78908599474924
0.304 0.022 0.5883333333333334 7.42e-05 0.0025 5.966 inverted 15.528444651544064
0.304 0.022 0.5883333333333334 7.42e-05 0.0025 5.652 inverted 12.927967721389276
0.304 0.022 0.5883333333333334 7.42e-05 0.0025 6.28 inverted 17.91299223278891
0.304 0.022 0.605 7.42e-05 0.0025 1.57 normal 13.285664580640297
0.304 0.022 0.5883333333333334 7.42e-05 0.0025 4.71 inverted 7.704415246053576
0.304 0.022 0.605 7.42e-05 0.0025 0.628 inverted 24.51031628250355
0.304 0.022 0.5883333333333334 7.42e-05 0.0025 5.338 normal 3.955266135955769
0.304 0.022 0.605 7.42e-05 0.0025 1.256 inverted 22.22088640417534
0.304 0.022 0.5883333333333334 7.42e-05 0.0025 5.966 normal 8.994235772567267
0.304 0.022 0.605 7.42e-05 0.0025 0.0 normal 15.121430606342894
0.304 0.022 0.605 7.42e-05 0.0025 0.942 inverted 23.912771609227814
0.304 0.022 0.605 7.42e-05 0.0025 0.942 normal 17.212314627140074
0.304 0.022 0.605 7.42e-05 0.0025 0.628 normal 17.762472330054386
0.304 0.022 0.605 7.42e-05 0.0025 1.256 normal 15.57834821208663
0.304 0.022 0.605 7.42e-05 0.0025 1.884 normal 10.786033130170281
0.304 0.022 0.605 7.42e-05 0.0025 2.826 normal 5.405995732406639
0.304 0.022 0.605 7.42e-05 0.0025 2.198 inverted 14.705308455223637
0.304 0.022 0.605 7.42e-05 0.0025 2.826 inverted 11.351741723345434
0.304 0.022 0.605 7.42e-05 0.0025 3.768 inverted 9.586668093313047
0.304 0.022 0.605 7.42e-05 0.0025 1.884 inverted 17.142576005158308
0.304 0.022 0.605 7.42e-05 0.0025 3.454 normal 3.9140019890529927
0.304 0.022 0.605 7.42e-05 0.0025 2.198 normal 8.514190707524456
0.304 0.022 0.605 7.42e-05 0.0025 4.082 normal 3.1521152037537976
0.304 0.022 0.605 7.42e-05 0.0025 3.454 inverted 9.900439433454146
0.304 0.022 0.605 7.42e-05 0.0025 4.396 inverted 9.699907544199512
0.304 0.022 0.605 7.42e-05 0.0025 4.71 inverted 10.390002335603286
0.304 0.022 0.605 7.42e-05 0.0025 5.024 inverted 11.721069323153218
0.304 0.022 0.605 7.42e-05 0.0025 3.14 inverted 10.448323232108942
0.304 0.022 0.605 7.42e-05 0.0025 3.768 normal 3.4518331652483294
0.304 0.022 0.605 7.42e-05 0.0025 2.512 normal 6.697800994644666
0.304 0.022 0.605 7.42e-05 0.0025 3.14 normal 4.52972614544105
0.304 0.022 0.605 7.42e-05 0.0025 5.024 normal 4.833230617704944
0.304 0.022 0.605 7.42e-05 0.0025 4.082 inverted 9.487057218360894
0.304 0.022 0.605 7.42e-05 0.0025 5.338 normal 6.813193555039881
0.304 0.022 0.605 7.42e-05 0.0025 2.512 inverted 12.744943209914688
0.304 0.022 0.605 7.42e-05 0.0025 5.338 inverted 13.783226020965998
0.304 0.022 0.605 7.42e-05 0.0025 4.396 normal 3.14513452031157
0.304 0.022 0.605 7.42e-05 0.0025 4.71 normal 3.6335156982578654
0.304 0.022 0.6216666666666666 7.42e-05 0.0025 1.256 normal 22.21202006975245
0.304 0.022 0.605 7.42e-05 0.0025 5.652 inverted 16.439138583965182
0.304 0.022 0.6216666666666666 7.42e-05 0.0025 0.0 normal 21.36509643711607
0.304 0.022 0.6216666666666666 7.42e-05 0.0025 0.314 inverted 30.907815564580527
0.304 0.022 0.6216666666666666 7.42e-05 0.0025 1.256 inverted 29.318578773392623
0.304 0.022 0.605 7.42e-05 0.0025 5.652 normal 9.459552987209493
0.304 0.022 0.6216666666666666 7.42e-05 0.0025 0.628 normal 24.2878566833937
0.304 0.022 0.605 7.42e-05 0.0025 5.966 normal 12.400766349911127
0.304 0.022 0.6216666666666666 7.42e-05 0.0025 2.198 inverted 21.462918169632736
0.304 0.022 0.6216666666666666 7.42e-05 0.0025 1.57 normal 19.874406700250486
0.304 0.022 0.605 7.42e-05 0.0025 5.966 inverted 19.346643453936906
0.304 0.022 0.605 7.42e-05 0.0025 6.28 normal 15.0965590883836
0.304 0.022 0.6216666666666666 7.42e-05 0.0025 0.314 normal 23.44871432677818
0.304 0.022 0.605 7.42e-05 0.0025 6.28 inverted 21.97995920774945
0.304 0.022 0.6216666666666666 7.42e-05 0.0025 0.628 inverted 31.67442448643951
0.304 0.022 0.6216666666666666 7.42e-05 0.0025 0.0 inverted 28.900891129840502
0.304 0.022 0.6216666666666666 7.42e-05 0.0025 2.512 inverted 19.315961027288022
0.304 0.022 0.6216666666666666 7.42e-05 0.0025 0.942 normal 23.81841392328499
0.304 0.022 0.6216666666666666 7.42e-05 0.0025 1.884 inverted 24.041114269257335
0.304 0.022 0.6216666666666666 7.42e-05 0.0025 2.512 normal 13.078239046078831
0.304 0.022 0.6216666666666666 7.42e-05 0.0025 1.57 inverted 26.816266252015303
0.304 0.022 0.6216666666666666 7.42e-05 0.0025 1.884 normal 17.350803003414853
0.304 0.022 0.6216666666666666 7.42e-05 0.0025 2.198 normal 15.00566512423716
0.304 0.022 0.6216666666666666 7.42e-05 0.0025 0.942 inverted 31.084596157224556
0.304 0.022 0.6216666666666666 7.42e-05 0.0025 2.826 normal 11.620636053060046
0.304 0.022 0.6216666666666666 7.42e-05 0.0025 3.454 inverted 15.761355492103627
0.304 0.022 0.6216666666666666 7.42e-05 0.0025 4.396 normal 8.280601386261953
0.304 0.022 0.6216666666666666 7.42e-05 0.0025 5.024 inverted 17.42360762596334
0.304 0.022 0.6216666666666666 7.42e-05 0.0025 6.28 inverted 28.871851336737418
0.304 0.022 0.6216666666666666 7.42e-05 0.0025 5.966 normal 18.40048824778571
0.304 0.022 0.6216666666666666 7.42e-05 0.0025 3.768 inverted 15.217875188103314
0.304 0.022 0.6216666666666666 7.42e-05 0.0025 4.396 inverted 15.121816498623938
0.304 0.022 0.6216666666666666 7.42e-05 0.0025 3.454 normal 9.646928785287779
0.304 0.022 0.6216666666666666 7.42e-05 0.0025 4.71 inverted 15.888322161776644
0.304 0.022 0.6216666666666666 7.42e-05 0.0025 3.14 normal 10.523392433247086
0.304 0.022 0.6216666666666666 7.42e-05 0.0025 5.338 normal 12.279761884351796
0.304 0.022 0.6216666666666666 7.42e-05 0.0025 4.082 inverted 14.969121909532957
0.304 0.022 0.6216666666666666 7.42e-05 0.0025 3.768 normal 8.921868620038717
0.304 0.022 0.6216666666666666 7.42e-05 0.0025 6.28 normal 21.343095117521578
0.304 0.022 0.6216666666666666 7.42e-05 0.0025 5.652 normal 15.19513865400302
0.304 0.022 0.6216666666666666 7.42e-05 0.0025 5.338 inverted 19.76512645289528
0.304 0.022 0.6216666666666666 7.42e-05 0.0025 5.966 inverted 25.960659517760988
0.304 0.022 0.6216666666666666 7.42e-05 0.0025 4.71 normal 8.769139157734106
0.304 0.022 0.6216666666666666 7.42e-05 0.0025 2.826 inverted 17.71355019135818
0.304 0.022 0.6216666666666666 7.42e-05 0.0025 3.14 inverted 16.562615856811078
0.304 0.022 0.6216666666666666 7.42e-05 0.0025 4.082 normal 8.407657900856819
0.304 0.022 0.6216666666666666 7.42e-05 0.0025 5.024 normal 10.081794588889613
0.304 0.022 0.6216666666666666 7.42e-05 0.0025 5.652 inverted 22.749768727399275
0.304 0.022 0.6383333333333333 7.42e-05 0.0025 0.942 normal 34.06024793535178
0.304 0.022 0.6383333333333333 7.42e-05 0.0025 0.0 normal 31.178977180591
0.304 0.022 0.6383333333333333 7.42e-05 0.0025 1.57 normal 30.236960429772097
0.304 0.022 0.6383333333333333 7.42e-05 0.0025 0.314 normal 33.45996191732817
0.304 0.022 0.6383333333333333 7.42e-05 0.0025 0.942 inverted 42.147992229850615
0.304 0.022 0.6383333333333333 7.42e-05 0.0025 0.628 normal 34.444147986298674
0.304 0.022 0.6383333333333333 7.42e-05 0.0025 3.14 inverted 26.68801978515674
0.304 0.022 0.6383333333333333 7.42e-05 0.0025 1.256 normal 32.5148213166826
0.304 0.022 0.6383333333333333 7.42e-05 0.0025 3.454 normal 19.23779066977302
0.304 0.022 0.6383333333333333 7.42e-05 0.0025 1.884 inverted 34.908527275720054
0.304 0.022 0.6383333333333333 7.42e-05 0.0025 1.256 inverted 40.355045522294574
0.304 0.022 0.6383333333333333 7.42e-05 0.0025 2.198 inverted 32.20274768253312
0.304 0.022 0.6383333333333333 7.42e-05 0.0025 0.628 inverted 42.70036497805571
0.304 0.022 0.6383333333333333 7.42e-05 0.0025 2.198 normal 25.327527577781925
0.304 0.022 0.6383333333333333 7.42e-05 0.0025 2.826 normal 21.721307447742056
0.304 0.022 0.6383333333333333 7.42e-05 0.0025 3.454 inverted 25.6141956468084
0.304 0.022 0.6383333333333333 7.42e-05 0.0025 0.0 inverted 39.62120805481209
0.304 0.022 0.6383333333333333 7.42e-05 0.0025 2.512 normal 23.32605283417311
0.304 0.022 0.6383333333333333 7.42e-05 0.0025 1.884 normal 27.710821893170454
0.304 0.022 0.6383333333333333 7.42e-05 0.0025 1.57 inverted 37.77019799680435
0.304 0.022 0.6383333333333333 7.42e-05 0.0025 3.14 normal 20.400868472696224
0.304 0.022 0.6383333333333333 7.42e-05 0.0025 0.314 inverted 41.83671515462206
0.304 0.022 0.6383333333333333 7.42e-05 0.0025 2.826 inverted 28.088060994402376
0.304 0.022 0.6383333333333333 7.42e-05 0.0025 2.512 inverted 29.896728660902323
0.304 0.022 0.6383333333333333 7.42e-05 0.0025 3.768 inverted 24.809944814062778
0.304 0.022 0.6383333333333333 7.42e-05 0.0025 5.652 normal 24.49801034441717
0.304 0.022 0.6383333333333333 7.42e-05 0.0025 4.082 normal 17.425127403333523
0.304 0.022 0.6383333333333333 7.42e-05 0.0025 4.71 normal 17.558184407770646
0.304 0.022 0.6383333333333333 7.42e-05 0.0025 4.71 inverted 25.23659012222931
0.304 0.022 0.655 7.42e-05 0.0025 0.628 inverted 58.74056756581131
0.304 0.022 0.6383333333333333 7.42e-05 0.0025 4.082 inverted 24.360792134522452
0.304 0.022 0.6383333333333333 7.42e-05 0.0025 5.024 normal 18.95030830143297
0.304 0.022 0.655 7.42e-05 0.0025 0.0 normal 45.66111724953405
0.304 0.022 0.6383333333333333 7.42e-05 0.0025 5.024 inverted 26.95662604738787
0.304 0.022 0.6383333333333333 7.42e-05 0.0025 5.652 inverted 32.884495109755676
0.304 0.022 0.6383333333333333 7.42e-05 0.0025 4.396 normal 17.117183565917614
0.304 0.022 0.6383333333333333 7.42e-05 0.0025 3.768 normal 18.208295249520148
0.304 0.022 0.655 7.42e-05 0.0025 0.314 inverted 57.74870936723468
0.304 0.022 0.6383333333333333 7.42e-05 0.0025 6.28 normal 31.14895427497651
0.304 0.022 0.6383333333333333 7.42e-05 0.0025 5.966 inverted 36.41430227783294
0.304 0.022 0.655 7.42e-05 0.0025 0.628 normal 49.311206749487326
0.304 0.022 0.6383333333333333 7.42e-05 0.0025 4.396 inverted 24.43733095383133
0.304 0.022 0.6383333333333333 7.42e-05 0.0025 5.338 inverted 29.56975016351933
0.304 0.022 0.6383333333333333 7.42e-05 0.0025 5.966 normal 27.96973297281951
0.304 0.022 0.6383333333333333 7.42e-05 0.0025 6.28 inverted 39.59691020371074
0.304 0.022 0.655 7.42e-05 0.0025 0.314 normal 48.157076692628465
0.304 0.022 0.6383333333333333 7.42e-05 0.0025 5.338 normal 21.32751573556545
0.304 0.022 0.655 7.42e-05 0.0025 0.0 inverted 55.33793470896561
0.304 0.022 0.655 7.42e-05 0.0025 1.884 normal 42.98029915953966
0.304 0.022 0.655 7.42e-05 0.0025 0.942 normal 49.073729081990585
0.304 0.022 0.655 7.42e-05 0.0025 2.826 normal 36.86642980050123
0.304 0.022 0.655 7.42e-05 0.0025 3.768 normal 32.46398055004373
0.304 0.022 0.655 7.42e-05 0.0025 2.198 inverted 48.122085065752245
0.304 0.022 0.655 7.42e-05 0.0025 3.454 inverted 40.64278648152174
0.304 0.022 0.655 7.42e-05 0.0025 1.256 normal 47.64000417044421
0.304 0.022 0.655 7.42e-05 0.0025 3.14 normal 35.30743741384763
0.304 0.022 0.655 7.42e-05 0.0025 0.942 inverted 58.24707474065348
0.304 0.022 0.655 7.42e-05 0.0025 4.082 inverted 38.879317760528856
0.304 0.022 0.655 7.42e-05 0.0025 3.14 inverted 42.012590145532414
0.304 0.022 0.655 7.42e-05 0.0025 3.454 normal 33.836825524047754
0.304 0.022 0.655 7.42e-05 0.0025 1.57 inverted 53.85337250191613
0.304 0.022 0.655 7.42e-05 0.0025 1.884 inverted 50.92945657255008
0.304 0.022 0.655 7.42e-05 0.0025 1.256 inverted 56.435818441293634
0.304 0.022 0.655 7.42e-05 0.0025 2.198 normal 40.63556794035112
0.304 0.022 0.655 7.42e-05 0.0025 4.396 normal 30.815074150921696
0.304 0.022 0.655 7.42e-05 0.0025 2.826 inverted 43.66355175568719
0.304 0.022 0.655 7.42e-05 0.0025 2.512 normal 38.59363280626333
0.304 0.022 0.655 7.42e-05 0.0025 3.768 inverted 39.562537253932895
0.304 0.022 0.655 7.42e-05 0.0025 4.082 normal 31.36640633310494
0.304 0.022 0.655 7.42e-05 0.0025 1.57 normal 45.438964953742754
0.304 0.022 0.655 7.42e-05 0.0025 4.396 inverted 38.82936841476915
0.304 0.022 0.655 7.42e-05 0.0025 2.512 inverted 45.67241024426925
0.304 0.022 0.655 7.42e-05 0.0025 5.024 normal 32.56653850356397
0.304 0.022 0.6716666666666666 7.42e-05 0.0025 0.314 inverted 79.94022542936963
0.304 0.022 0.655 7.42e-05 0.0025 5.966 inverted 51.855529845075566
0.304 0.022 0.655 7.42e-05 0.0025 5.338 normal 35.08392973084604
0.304 0.022 0.6716666666666666 7.42e-05 0.0025 0.0 normal 66.0286157873026
0.304 0.022 0.655 7.42e-05 0.0025 5.966 normal 42.20124833503725
0.304 0.022 0.655 7.42e-05 0.0025 5.338 inverted 44.37540892389775
0.304 0.022 0.655 7.42e-05 0.0025 5.024 inverted 41.5040696288976
0.304 0.022 0.6716666666666666 7.42e-05 0.0025 1.57 normal 66.7536857657057
0.304 0.022 0.6716666666666666 7.42e-05 0.0025 0.0 inverted 77.3233910298693
0.304 0.022 0.6716666666666666 7.42e-05 0.0025 1.256 normal 68.78789464076522
0.304 0.022 0.655 7.42e-05 0.0025 6.28 normal 45.63154127247842
0.304 0.022 0.655 7.42e-05 0.0025 5.652 normal 38.47341156450816
0.304 0.022 0.655 7.42e-05 0.0025 6.28 inverted 55.31036391304141
0.304 0.022 0.655 7.42e-05 0.0025 4.71 normal 31.143797346927702
0.304 0.022 0.655 7.42e-05 0.0025 5.652 inverted 48.00473149671395
0.304 0.022 0.655 7.42e-05 0.0025 4.71 inverted 39.653754244399295
0.304 0.022 0.6716666666666666 7.42e-05 0.0025 0.628 normal 70.12220449658534
0.304 0.022 0.6716666666666666 7.42e-05 0.0025 0.942 inverted 80.63941562380462
0.304 0.022 0.6716666666666666 7.42e-05 0.0025 1.256 inverted 78.92059416151082
0.304 0.022 0.6716666666666666 7.42e-05 0.0025 0.628 inverted 81.07560670350013
0.304 0.022 0.6716666666666666 7.42e-05 0.0025 1.57 inverted 76.29160216710285
0.304 0.022 0.6716666666666666 7.42e-05 0.0025 0.942 normal 70.05326871588608
0.304 0.022 0.6716666666666666 7.42e-05 0.0025 0.314 normal 68.7468330263106
0.304 0.022 0.6716666666666666 7.42e-05 0.0025 2.198 normal 62.17746891837164
0.304 0.022 0.6716666666666666 7.42e-05 0.0025 2.826 normal 58.30655172073114
0.304 0.022 0.6716666666666666 7.42e-05 0.0025 1.884 normal 64.42203708170113
0.304 0.022 0.6716666666666666 7.42e-05 0.0025 3.454 normal 54.71613448234494
0.304 0.022 0.6716666666666666 7.42e-05 0.0025 4.396 normal 50.62530337986764
0.304 0.022 0.6716666666666666 7.42e-05 0.0025 5.338 normal 54.77916425172462
0.304 0.022 0.6716666666666666 7.42e-05 0.0025 3.454 inverted 62.178919374082106
0.304 0.022 0.6716666666666666 7.42e-05 0.0025 1.884 inverted 73.37256701827303
0.304 0.022 0.6716666666666666 7.42e-05 0.0025 2.198 inverted 70.50624740669973
0.304 0.022 0.6716666666666666 7.42e-05 0.0025 4.082 inverted 59.82189035511077
0.304 0.022 0.6716666666666666 7.42e-05 0.0025 4.396 inverted 59.61698701345289
0.304 0.022 0.6716666666666666 7.42e-05 0.0025 3.14 inverted 63.84037645722271
0.304 0.022 0.6716666666666666 7.42e-05 0.0025 5.024 inverted 62.37468777216815
0.304 0.022 0.6716666666666666 7.42e-05 0.0025 3.768 inverted 60.772248036955574
0.304 0.022 0.6716666666666666 7.42e-05 0.0025 2.512 inverted 67.94351944737862
0.304 0.022 0.6716666666666666 7.42e-05 0.0025 2.512 normal 60.13428866128756
0.304 0.022 0.6716666666666666 7.42e-05 0.0025 5.338 inverted 65.4861519260595
0.304 0.022 0.6716666666666666 7.42e-05 0.0025 3.768 normal 52.959705076683925
0.304 0.022 0.6716666666666666 7.42e-05 0.0025 2.826 inverted 65.75041463194125
0.304 0.022 0.6716666666666666 7.42e-05 0.0025 4.082 normal 51.47806029443712
0.304 0.022 0.6716666666666666 7.42e-05 0.0025 3.14 normal 56.51337853528452
0.304 0.022 0.6716666666666666 7.42e-05 0.0025 4.71 inverted 60.40174731253558
0.304 0.022 0.6716666666666666 7.42e-05 0.0025 4.71 normal 50.77757889295246
0.304 0.022 0.6716666666666666 7.42e-05 0.0025 5.024 normal 52.15647284130595
0.304 0.022 0.6883333333333332 7.42e-05 0.0025 0.628 normal 98.20227200429468
0.304 0.022 0.6883333333333332 7.42e-05 0.0025 1.57 inverted 106.59306575870126
0.304 0.022 0.6883333333333332 7.42e-05 0.0025 1.256 normal 97.3433154504127
0.304 0.022 0.6716666666666666 7.42e-05 0.0025 6.28 inverted 77.28873633415633
0.304 0.022 0.6883333333333332 7.42e-05 0.0025 2.198 inverted 100.78965594698646
0.304 0.022 0.6716666666666666 7.42e-05 0.0025 5.966 inverted 73.55990826794356
0.304 0.022 0.6883333333333332 7.42e-05 0.0025 0.0 inverted 106.98443894001738
0.304 0.022 0.6883333333333332 7.42e-05 0.0025 0.314 inverted 109.84130598726716
0.304 0.022 0.6883333333333332 7.42e-05 0.0025 2.512 inverted 98.14489672130495
0.304 0.022 0.6716666666666666 7.42e-05 0.0025 5.652 inverted 69.39760058825567
0.304 0.022 0.6716666666666666 7.42e-05 0.0025 5.652 normal 58.35230583978049
0.304 0.022 0.6883333333333332 7.42e-05 0.0025 0.314 normal 96.59828547227042
0.304 0.022 0.6883333333333332 7.42e-05 0.0025 1.256 inverted 109.14836746061721
0.304 0.022 0.6716666666666666 7.42e-05 0.0025 5.966 normal 62.324906472519594
0.304 0.022 0.6883333333333332 7.42e-05 0.0025 2.512 normal 89.33132419082948
0.304 0.022 0.6883333333333332 7.42e-05 0.0025 2.198 normal 91.31478065761283
0.304 0.022 0.6883333333333332 7.42e-05 0.0025 1.884 inverted 103.66775105176973
0.304 0.022 0.6716666666666666 7.42e-05 0.0025 6.28 normal 65.99554963788495
0.304 0.022 0.6883333333333332 7.42e-05 0.0025 0.0 normal 93.6300577702955
0.304 0.022 0.6883333333333332 7.42e-05 0.0025 0.942 normal 98.37673302094073
0.304 0.022 0.6883333333333332 7.42e-05 0.0025 1.57 normal 95.53268045507502
0.304 0.022 0.6883333333333332 7.42e-05 0.0025 0.628 inverted 111.12400118522245
0.304 0.022 0.6883333333333332 7.42e-05 0.0025 1.884 normal 93.41922248102841
0.304 0.022 0.6883333333333332 7.42e-05 0.0025 0.942 inverted 110.82016339093525
0.304 0.022 0.6883333333333332 7.42e-05 0.0025 2.826 inverted 95.7778753215989
0.304 0.022 0.6883333333333332 7.42e-05 0.0025 2.826 normal 87.41860089281766
0.304 0.022 0.6883333333333332 7.42e-05 0.0025 3.768 normal 81.08284346081236
0.304 0.022 0.6883333333333332 7.42e-05 0.0025 3.14 inverted 93.61722668540347
0.304 0.022 0.6883333333333332 7.42e-05 0.0025 3.14 normal 85.41411790160903
0.304 0.022 0.6883333333333332 7.42e-05 0.0025 4.082 inverted 88.63272264688206
0.304 0.022 0.6883333333333332 7.42e-05 0.0025 4.396 normal 77.9542695381629
0.304 0.022 0.6883333333333332 7.42e-05 0.0025 4.082 normal 79.17431593551223
0.304 0.022 0.6883333333333332 7.42e-05 0.0025 3.454 normal 83.27047874295528
0.304 0.022 0.6883333333333332 7.42e-05 0.0025 3.454 inverted 91.62562062009624
0.304 0.022 0.6883333333333332 7.42e-05 0.0025 4.71 inverted 88.94665278012862
0.304 0.022 0.6883333333333332 7.42e-05 0.0025 5.652 normal 85.50100869906112
0.304 0.022 0.6883333333333332 7.42e-05 0.0025 5.024 normal 79.12065436419978
0.304 0.022 0.6883333333333332 7.42e-05 0.0025 3.768 inverted 89.8880382501112
0.304 0.022 0.6883333333333332 7.42e-05 0.0025 4.396 inverted 88.23949411136071
0.304 0.022 0.6883333333333332 7.42e-05 0.0025 6.28 normal 93.59661721864805
0.304 0.022 0.6883333333333332 7.42e-05 0.0025 5.024 inverted 90.99558186179661
0.304 0.022 0.6883333333333332 7.42e-05 0.0025 5.338 inverted 94.29152392651845
0.304 0.022 0.6883333333333332 7.42e-05 0.0025 6.28 inverted 106.94538996252632
0.304 0.022 0.6883333333333332 7.42e-05 0.0025 5.338 normal 81.78935751340089
0.304 0.022 0.6883333333333332 7.42e-05 0.0025 5.966 normal 89.68727832167968
0.304 0.022 0.6883333333333332 7.42e-05 0.0025 5.966 inverted 102.95700832140808
0.304 0.022 0.6883333333333332 7.42e-05 0.0025 4.71 normal 77.85287166443906
0.304 0.022 0.6883333333333332 7.42e-05 0.0025 5.652 inverted 98.49606924985194
0.304 0.022 0.705 7.42e-05 0.0025 0.0 inverted 145.85199947117962
0.304 0.022 0.705 7.42e-05 0.0025 0.942 normal 135.48248721573404
0.304 0.022 0.705 7.42e-05 0.0025 0.314 inverted 148.9204612389289
0.304 0.022 0.705 7.42e-05 0.0025 0.314 normal 133.14919210444626
0.304 0.022 0.705 7.42e-05 0.0025 0.628 normal 135.01536967758156
0.304 0.022 0.705 7.42e-05 0.0025 3.454 normal 120.9808188288007
0.304 0.022 0.705 7.42e-05 0.0025 0.0 normal 129.92879011537676
0.304 0.022 0.705 7.42e-05 0.0025 2.198 inverted 140.4910874039708
0.304 0.022 0.705 7.42e-05 0.0025 2.512 inverted 137.79559815155343
0.304 0.022 0.705 7.42e-05 0.0025 0.942 inverted 150.2328787974455
0.304 0.022 0.705 7.42e-05 0.0025 3.14 inverted 132.87306697014563
0.304 0.022 0.705 7.42e-05 0.0025 1.57 normal 133.24523198470393
0.304 0.022 0.705 7.42e-05 0.0025 1.256 normal 134.74555596187622
0.304 0.022 0.705 7.42e-05 0.0025 2.198 normal 129.54041133584013
0.304 0.022 0.705 7.42e-05 0.0025 0.628 inverted 150.3978087603678
0.304 0.022 0.705 7.42e-05 0.0025 3.454 inverted 130.53823628873658
0.304 0.022 0.705 7.42e-05 0.0025 2.512 normal 127.65652122344218
0.304 0.022 0.705 7.42e-05 0.0025 2.826 normal 125.71302210495834
0.304 0.022 0.705 7.42e-05 0.0025 1.884 normal 131.4432137932433
0.304 0.022 0.705 7.42e-05 0.0025 1.57 inverted 146.19988958044163
0.304 0.022 0.705 7.42e-05 0.0025 1.884 inverted 143.3623515129726
0.304 0.022 0.705 7.42e-05 0.0025 2.826 inverted 135.279283153559
0.304 0.022 0.705 7.42e-05 0.0025 3.14 normal 123.48771280972052
0.304 0.022 0.705 7.42e-05 0.0025 1.256 inverted 148.6928943249708
0.304 0.022 0.705 7.42e-05 0.0025 3.768 normal 118.33746002424044
0.304 0.022 0.705 7.42e-05 0.0025 5.338 normal 117.58138195049523
0.304 0.022 0.705 7.42e-05 0.0025 3.768 inverted 128.45579865339036
0.304 0.022 0.705 7.42e-05 0.0025 5.024 normal 114.95053240439192
0.304 0.022 0.705 7.42e-05 0.0025 5.024 inverted 128.9048472745657
0.304 0.022 0.705 7.42e-05 0.0025 5.652 inverted 136.8112539005613
0.304 0.022 0.705 7.42e-05 0.0025 5.652 normal 121.39447507428604
0.304 0.022 0.705 7.42e-05 0.0025 5.338 inverted 132.3724661387327
0.304 0.022 0.705 7.42e-05 0.0025 6.28 normal 129.89707403238688
0.304 0.022 0.705 7.42e-05 0.0025 4.71 inverted 126.83779198380878
0.304 0.022 0.705 7.42e-05 0.0025 6.28 inverted 145.80891214205306
0.304 0.022 0.705 7.42e-05 0.0025 4.082 normal 115.93771688129077
0.304 0.022 0.705 7.42e-05 0.0025 4.396 inverted 126.22947087490614
0.304 0.022 0.705 7.42e-05 0.0025 4.396 normal 114.2846202974419
0.304 0.022 0.705 7.42e-05 0.0025 5.966 normal 125.75519390862296
0.304 0.022 0.705 7.42e-05 0.0025 5.966 inverted 141.54584895466252
0.304 0.022 0.705 7.42e-05 0.0025 4.71 normal 113.855223001401
0.304 0.022 0.705 7.42e-05 0.0025 4.082 inverted 126.8788702356413
