Sin2Theta12 Sin2Theta13 Sin2Theta23 Dm221 Dm231 dCP Ordering FluxNormalization_Below1GeV FluxNormalization_Above1GeV X2 
0.304 0.022 0.305 7.42e-05 0.00205 4.014 normal 0.9534584338200578 0.9737671087307929 85.03159380947756
0.304 0.022 0.305 7.42e-05 0.00235 4.014 normal 0.9593218977933369 0.9753611979218628 78.28393179377905
0.304 0.022 0.305 7.42e-05 0.0021 4.014 normal 0.9548251250434469 0.9739770225797191 83.38349508690091
0.304 0.022 0.305 7.42e-05 0.00215 4.014 normal 0.9555585132212229 0.974140997270299 82.46274258965471
0.304 0.022 0.305 7.42e-05 0.0022500000000000003 4.014 normal 0.9571798703383612 0.9746690958892553 80.69345978058531
0.304 0.022 0.305 7.42e-05 0.0023 4.014 normal 0.9585771260369512 0.9750339437640343 79.10533137810963
0.304 0.022 0.305 7.42e-05 0.002 4.014 normal 0.9528403588799955 0.9734612630447828 86.44722716595751
0.304 0.022 0.305 7.42e-05 0.0022 4.014 normal 0.9570767092345676 0.9742649827505883 81.43946006136854
0.304 0.022 0.305 7.42e-05 0.0024000000000000002 4.014 normal 0.9604027241221978 0.9756748689589402 77.32204873734563
0.304 0.022 0.305 7.42e-05 0.0025 4.014 normal 0.9626672965949261 0.9762248084345212 75.54157044103864
0.304 0.022 0.305 7.42e-05 0.00245 4.014 normal 0.9614903509923964 0.9759726729420493 76.58527368587372
0.304 0.022 0.305 7.42e-05 0.00275 4.014 normal 0.9665787958957129 0.9778668210632068 75.7492664990228
0.304 0.022 0.305 7.42e-05 0.0027 4.014 normal 0.9659225884101863 0.9777943625451407 75.12751050215219
0.304 0.022 0.305 7.42e-05 0.0026 4.014 normal 0.9643490494584267 0.9773479739401559 74.30454041076075
0.304 0.022 0.305 7.42e-05 0.00255 4.014 normal 0.9632052182514714 0.976728802376775 75.17102724143798
0.304 0.022 0.305 7.42e-05 0.00265 4.014 normal 0.9648563425479605 0.9777616733762736 74.53808023030304
0.304 0.022 0.305 7.42e-05 0.0029000000000000002 4.014 normal 0.9701376361820682 0.9786439459634371 75.76429553030177
0.304 0.022 0.305 7.42e-05 0.00285 4.014 normal 0.9689382954536699 0.9782944069520172 75.1516405385786
0.304 0.022 0.305 7.42e-05 0.0028 4.014 normal 0.9682562044329549 0.9778263816364067 75.88666555607517
0.304 0.022 0.305 7.42e-05 0.003 4.014 normal 0.9720076519143667 0.9792440285622567 76.07947825453573
0.304 0.022 0.305 7.42e-05 0.00295 4.014 normal 0.9710129025217556 0.9789812761638309 76.086369620965
0.304 0.022 0.32166666666666666 7.42e-05 0.00205 4.014 normal 0.9585983444191617 0.9788329378760214 64.3889356408321
0.304 0.022 0.32166666666666666 7.42e-05 0.002 4.014 normal 0.9579522459691225 0.9785067280718563 65.75272334394978
0.304 0.022 0.32166666666666666 7.42e-05 0.0021 4.014 normal 0.9600197766656844 0.9790598395414272 62.78888708879189
0.304 0.022 0.32166666666666666 7.42e-05 0.0023 4.014 normal 0.9638785717936986 0.9802002132890179 58.6716545545925
0.304 0.022 0.32166666666666666 7.42e-05 0.0025 4.014 normal 0.9681052329964978 0.9814688515026343 55.4244173157571
0.304 0.022 0.32166666666666666 7.42e-05 0.0022 4.014 normal 0.9623253500808938 0.9793846981842919 60.83868245322607
0.304 0.022 0.32166666666666666 7.42e-05 0.00235 4.014 normal 0.9646486602137357 0.9805480614606401 57.866847300522
0.304 0.022 0.32166666666666666 7.42e-05 0.00215 4.014 normal 0.960759073487925 0.9792440152758721 61.77177562407022
0.304 0.022 0.32166666666666666 7.42e-05 0.0024000000000000002 4.014 normal 0.9657621728284945 0.9808843178358625 56.99743775573363
0.304 0.022 0.32166666666666666 7.42e-05 0.0022500000000000003 4.014 normal 0.9624328077050708 0.9798135720294412 60.053188325110256
0.304 0.022 0.32166666666666666 7.42e-05 0.00245 4.014 normal 0.9668757794975885 0.9812009031331581 56.328706389566385
0.304 0.022 0.32166666666666666 7.42e-05 0.0029000000000000002 4.014 normal 0.9757535244696421 0.9840686785613436 57.0511467597082
0.304 0.022 0.32166666666666666 7.42e-05 0.00265 4.014 normal 0.9703503146604603 0.9830826021522342 55.03698461891754
0.304 0.022 0.32166666666666666 7.42e-05 0.0027 4.014 normal 0.9714598533740257 0.9831223628213861 55.72474767814988
0.304 0.022 0.32166666666666666 7.42e-05 0.0026 4.014 normal 0.9698525754343137 0.9826429089712471 54.73879847395846
0.304 0.022 0.32166666666666666 7.42e-05 0.0028 4.014 normal 0.9733131909649174 0.9833785913775147 56.78927073887098
0.304 0.022 0.32166666666666666 7.42e-05 0.00255 4.014 normal 0.9686617034858804 0.9819943979059017 55.25443991123249
0.304 0.022 0.32166666666666666 7.42e-05 0.00285 4.014 normal 0.9740287709406305 0.9838664127781253 56.34052196051338
0.304 0.022 0.32166666666666666 7.42e-05 0.00275 4.014 normal 0.9721301237404197 0.9832060035318428 56.40994538831279
0.304 0.022 0.32166666666666666 7.42e-05 0.003 4.014 normal 0.9776953011350561 0.9847015201256994 57.72130914724954
0.304 0.022 0.32166666666666666 7.42e-05 0.00295 4.014 normal 0.9766626977602573 0.9844243073315947 57.513603556549846
0.304 0.022 0.3383333333333333 7.42e-05 0.00205 4.014 normal 0.9633678951584458 0.9834044121135407 48.3278320103933
0.304 0.022 0.3383333333333333 7.42e-05 0.0022 4.014 normal 0.9671937377273689 0.9840088542446036 44.81713434861506
0.304 0.022 0.3383333333333333 7.42e-05 0.0021 4.014 normal 0.9648257739732721 0.9836496876996687 46.74681941373173
0.304 0.022 0.3383333333333333 7.42e-05 0.002 4.014 normal 0.9627129678724614 0.983056324128591 49.68802196811395
0.304 0.022 0.3383333333333333 7.42e-05 0.00215 4.014 normal 0.965586080703284 0.9838525399364969 45.67465399234924
0.304 0.022 0.3383333333333333 7.42e-05 0.0022500000000000003 4.014 normal 0.967310918644312 0.9844591518039906 44.02183326563745
0.304 0.022 0.3383333333333333 7.42e-05 0.0023 4.014 normal 0.9688031122636707 0.984866264570139 42.82097093879648
0.304 0.022 0.3383333333333333 7.42e-05 0.0025 4.014 normal 0.9731463629626147 0.9862099014372365 39.87970615464056
0.304 0.022 0.3383333333333333 7.42e-05 0.00255 4.014 normal 0.9737269988484364 0.9867570569857125 39.8964272511102
0.304 0.022 0.3383333333333333 7.42e-05 0.00245 4.014 normal 0.9718907271384877 0.9859257620140288 40.68917035459875
0.304 0.022 0.3383333333333333 7.42e-05 0.00235 4.014 normal 0.9696065376288113 0.9852326512101551 42.04686726548157
0.304 0.022 0.3383333333333333 7.42e-05 0.0024000000000000002 4.014 normal 0.9707392584160706 0.9855912752261837 41.25977871091977
0.304 0.022 0.3383333333333333 7.42e-05 0.00265 4.014 normal 0.9754555028991151 0.9878928898188415 40.122960397935145
0.304 0.022 0.3383333333333333 7.42e-05 0.0026 4.014 normal 0.9749380498449528 0.9874348254395898 39.696900423585085
0.304 0.022 0.3383333333333333 7.42e-05 0.00295 4.014 normal 0.9818836395187149 0.9893637583029856 43.48784951535657
0.304 0.022 0.3383333333333333 7.42e-05 0.003 4.014 normal 0.9829442040918225 0.9896568371258053 43.89811199142886
0.304 0.022 0.3383333333333333 7.42e-05 0.00285 4.014 normal 0.9792369927674155 0.9887286799629956 42.06384353828653
0.304 0.022 0.3383333333333333 7.42e-05 0.00275 4.014 normal 0.977285997775206 0.9880342059095302 41.64100312872035
0.304 0.022 0.355 7.42e-05 0.002 4.014 normal 0.9671002036198394 0.987109336982714 37.54660592392784
0.304 0.022 0.3383333333333333 7.42e-05 0.0028 4.014 normal 0.9785042169769052 0.9882196515916772 42.242019069859786
0.304 0.022 0.3383333333333333 7.42e-05 0.0029000000000000002 4.014 normal 0.9805387890855658 0.989113663441243 42.87466698743449
0.304 0.022 0.3383333333333333 7.42e-05 0.0027 4.014 normal 0.9765996638586728 0.9879418363869161 40.882452837647364
0.304 0.022 0.355 7.42e-05 0.00215 4.014 normal 0.9700369346676283 0.9879622512058466 33.49819751994157
0.304 0.022 0.355 7.42e-05 0.0021 4.014 normal 0.9692584208224713 0.9877424445904167 34.62901207419432
0.304 0.022 0.355 7.42e-05 0.0023 4.014 normal 0.9733434221102626 0.9890319394673749 30.87013588028958
0.304 0.022 0.355 7.42e-05 0.0022500000000000003 4.014 normal 0.9718077936510133 0.9886042565701323 31.882036353933984
0.304 0.022 0.355 7.42e-05 0.0022 4.014 normal 0.9716952030029932 0.9881328199702621 32.72662043866222
0.304 0.022 0.355 7.42e-05 0.00205 4.014 normal 0.9677755431533447 0.9874789403702211 36.19910129817797
0.304 0.022 0.355 7.42e-05 0.0024000000000000002 4.014 normal 0.9753347189424114 0.9897930851719975 29.415296395953348
0.304 0.022 0.355 7.42e-05 0.00235 4.014 normal 0.9741613419607551 0.9894170841723116 30.08987743405651
0.304 0.022 0.355 7.42e-05 0.00245 4.014 normal 0.9765160450438457 0.9901455213497126 28.925460331171184
0.304 0.022 0.355 7.42e-05 0.0025 4.014 normal 0.9778058941087678 0.990442693396228 28.215893049199824
0.304 0.022 0.355 7.42e-05 0.0028 4.014 normal 0.9832828574931568 0.9925484560593765 31.515290442733708
0.304 0.022 0.355 7.42e-05 0.00255 4.014 normal 0.9783942380605272 0.9910117677077409 28.39959802711325
0.304 0.022 0.355 7.42e-05 0.0027 4.014 normal 0.9813386801229279 0.9922483677262904 29.88248144017486
0.304 0.022 0.355 7.42e-05 0.00275 4.014 normal 0.9820464087086694 0.9923494824877965 30.705653064486146
0.304 0.022 0.355 7.42e-05 0.00265 4.014 normal 0.9801667711235009 0.9921916084614268 29.056700940149316
0.304 0.022 0.355 7.42e-05 0.0026 4.014 normal 0.9796321047566068 0.9917152368735707 28.518813109227626
0.304 0.022 0.355 7.42e-05 0.003 4.014 normal 0.9877465785337742 0.9941065126551284 33.87818459578182
0.304 0.022 0.37166666666666665 7.42e-05 0.002 4.014 normal 0.9711183671880155 0.9906680521288869 28.676208144348145
0.304 0.022 0.37166666666666665 7.42e-05 0.00205 4.014 normal 0.9718191593201004 0.9910557548728787 27.353966539206258
0.304 0.022 0.37166666666666665 7.42e-05 0.00215 4.014 normal 0.974122719993221 0.9915722098606249 24.590868066322756
0.304 0.022 0.37166666666666665 7.42e-05 0.0021 4.014 normal 0.9733166245882516 0.9913363810774053 25.781031118800353
0.304 0.022 0.355 7.42e-05 0.0029000000000000002 4.014 normal 0.9853723110482703 0.9934765181932852 32.51893762669523
0.304 0.022 0.355 7.42e-05 0.00285 4.014 normal 0.9840394868239801 0.9930762348122082 31.609142786280895
0.304 0.022 0.355 7.42e-05 0.00295 4.014 normal 0.986368255111357 0.9938636772247734 33.269938728909196
0.304 0.022 0.37166666666666665 7.42e-05 0.0023 4.014 normal 0.9774905645922368 0.9926960766482112 22.12052786068443
0.304 0.022 0.37166666666666665 7.42e-05 0.0022 4.014 normal 0.9758020569363306 0.99175917574319 23.860275876531045
0.304 0.022 0.37166666666666665 7.42e-05 0.0024000000000000002 4.014 normal 0.9795306750268286 0.9934918658309617 20.770587524990553
0.304 0.022 0.37166666666666665 7.42e-05 0.00255 4.014 normal 0.982660978839055 0.994757102568918 20.084478991864426
0.304 0.022 0.37166666666666665 7.42e-05 0.0022500000000000003 4.014 normal 0.9759228107174343 0.992250361084445 22.984347855951803
0.304 0.022 0.37166666666666665 7.42e-05 0.00235 4.014 normal 0.9783252203173066 0.9930996173610276 21.350328098059567
0.304 0.022 0.37166666666666665 7.42e-05 0.0025 4.014 normal 0.9820573900537131 0.9941708671876414 19.732746562674464
0.304 0.022 0.37166666666666665 7.42e-05 0.00245 4.014 normal 0.9807420138634865 0.9938596259430007 20.35330278869263
0.304 0.022 0.37166666666666665 7.42e-05 0.0027 4.014 normal 0.9856619826850407 0.9960431933845976 22.024002862198227
0.304 0.022 0.37166666666666665 7.42e-05 0.00275 4.014 normal 0.986386193772466 0.9961535537966885 22.905565505806862
0.304 0.022 0.37166666666666665 7.42e-05 0.00265 4.014 normal 0.9844578954854284 0.9959798346532527 21.132800130330835
0.304 0.022 0.37166666666666665 7.42e-05 0.0029000000000000002 4.014 normal 0.9897892618517636 0.9973208287687555 25.269105687250537
0.304 0.022 0.37166666666666665 7.42e-05 0.0028 4.014 normal 0.9876516138477114 0.9963625423045733 23.916604793795138
0.304 0.022 0.37166666666666665 7.42e-05 0.0026 4.014 normal 0.983924937062524 0.995483507337626 20.512239338587626
0.304 0.022 0.37166666666666665 7.42e-05 0.00285 4.014 normal 0.9884242693493044 0.9969087977321672 24.263575482567997
0.304 0.022 0.37166666666666665 7.42e-05 0.00295 4.014 normal 0.9908128593072808 0.997722467627412 26.150304790067842
0.304 0.022 0.37166666666666665 7.42e-05 0.003 4.014 normal 0.9920618760167564 0.9980397005936917 26.943706056981338
0.304 0.022 0.3883333333333333 7.42e-05 0.00215 4.014 normal 0.977825799801715 0.9946852173458938 18.31228127681452
0.304 0.022 0.3883333333333333 7.42e-05 0.002 4.014 normal 0.9747510036926739 0.993735837711033 22.44310460305645
0.304 0.022 0.3883333333333333 7.42e-05 0.0022500000000000003 4.014 normal 0.9796469519212433 0.9953962821602172 16.70487373288798
0.304 0.022 0.3883333333333333 7.42e-05 0.0021 4.014 normal 0.9770022332487373 0.9944370653494826 19.571126400601432
0.304 0.022 0.3883333333333333 7.42e-05 0.00205 4.014 normal 0.975460181792744 0.994140619832965 21.119713200213134
0.304 0.022 0.3883333333333333 7.42e-05 0.0023 4.014 normal 0.9812494372114655 0.9958589251108894 15.97263069737843
0.304 0.022 0.3883333333333333 7.42e-05 0.0022 4.014 normal 0.9795345798440936 0.994885651982728 17.61903389829955
0.304 0.022 0.3883333333333333 7.42e-05 0.0024000000000000002 4.014 normal 0.9833242580025889 0.9966868077092551 14.70135126748298
0.304 0.022 0.3883333333333333 7.42e-05 0.00255 4.014 normal 0.9865196394816272 0.9979934530590883 14.308388040173739
0.304 0.022 0.3883333333333333 7.42e-05 0.00265 4.014 normal 0.9883574657189291 0.999253957101716 15.720136613819824
0.304 0.022 0.3883333333333333 7.42e-05 0.0027 4.014 normal 0.9895744646239538 0.9993250550061213 16.66149565167134
0.304 0.022 0.3883333333333333 7.42e-05 0.0026 4.014 normal 0.9878123803183307 0.9987416784045396 15.008900516895329
0.304 0.022 0.3883333333333333 7.42e-05 0.00235 4.014 normal 0.9821049894500048 0.9962775121548504 15.203926728240505
0.304 0.022 0.3883333333333333 7.42e-05 0.0025 4.014 normal 0.9859127820929801 0.9973903053594412 13.810970586912978
0.304 0.022 0.3883333333333333 7.42e-05 0.00245 4.014 normal 0.9845656819479393 0.9970687432882809 14.342660310260475
0.304 0.022 0.3883333333333333 7.42e-05 0.00295 4.014 normal 0.9948291666175088 1.0010637915094245 21.458320525936536
0.304 0.022 0.3883333333333333 7.42e-05 0.003 4.014 normal 0.9959702590583771 1.0014008359425433 22.42033756293213
0.304 0.022 0.3883333333333333 7.42e-05 0.00285 4.014 normal 0.9923926855072821 1.0002231695796138 19.358185741960327
0.304 0.022 0.3883333333333333 7.42e-05 0.0029000000000000002 4.014 normal 0.9937852054975305 1.0006485331126924 20.451593923747794
0.304 0.022 0.405 7.42e-05 0.00205 4.014 normal 0.9787166929745018 0.9967318336294076 16.958660699303216
0.304 0.022 0.405 7.42e-05 0.002 4.014 normal 0.9780061241081808 0.9963107398809257 18.28510759367032
0.304 0.022 0.3883333333333333 7.42e-05 0.00275 4.014 normal 0.9903104928801121 0.9994427960385616 17.59486672399151
0.304 0.022 0.3883333333333333 7.42e-05 0.0028 4.014 normal 0.991599289687983 0.999662273572624 18.781544272117777
0.304 0.022 0.405 7.42e-05 0.00215 4.014 normal 0.9811346800014433 0.9973027156255596 14.073590775622879
0.304 0.022 0.405 7.42e-05 0.0021 4.014 normal 0.980284860152183 0.9970421366460628 15.408534867471044
0.304 0.022 0.405 7.42e-05 0.0023 4.014 normal 0.9846077327118159 0.9985226502036226 11.839227294706173
0.304 0.022 0.405 7.42e-05 0.0022 4.014 normal 0.9828626704832393 0.9975182003586516 13.405749698173773
0.304 0.022 0.405 7.42e-05 0.0024000000000000002 4.014 normal 0.9867183351283589 0.9993784757034485 10.617133676761087
0.304 0.022 0.405 7.42e-05 0.00245 4.014 normal 0.9879820657643671 0.9997740551957669 10.303196107993859
0.304 0.022 0.405 7.42e-05 0.00235 4.014 normal 0.9854738093057052 0.9989544354258525 11.058687461002446
0.304 0.022 0.405 7.42e-05 0.0022500000000000003 4.014 normal 0.9829854021800534 0.9980433441713744 12.455469163668644
0.304 0.022 0.405 7.42e-05 0.00275 4.014 normal 0.9938166348838183 1.0022214826046758 14.16345534277796
0.304 0.022 0.405 7.42e-05 0.00285 4.014 normal 0.9959275476307938 1.0030251820503655 16.287540062324226
0.304 0.022 0.405 7.42e-05 0.0028 4.014 normal 0.9951275519618787 1.0024495154160444 15.504497864893452
0.304 0.022 0.405 7.42e-05 0.0027 4.014 normal 0.9930677699321844 1.0020944302259316 13.189966444814297
0.304 0.022 0.405 7.42e-05 0.00265 4.014 normal 0.9918302622111367 1.0020174243944464 12.203909742093087
0.304 0.022 0.405 7.42e-05 0.0025 4.014 normal 0.9893482788130221 1.0001062360480055 9.840960658561336
0.304 0.022 0.405 7.42e-05 0.00255 4.014 normal 0.9899689937472083 1.0007239535446166 10.471565955148046
0.304 0.022 0.405 7.42e-05 0.0026 4.014 normal 0.9912651629524004 1.0014917381028434 11.418376034739813
0.304 0.022 0.405 7.42e-05 0.0029000000000000002 4.014 normal 0.9973589464514917 1.0034706400147804 17.464686882719008
0.304 0.022 0.405 7.42e-05 0.00295 4.014 normal 0.9984118987152292 1.0038862309396972 18.57863141119417
0.304 0.022 0.405 7.42e-05 0.003 4.014 normal 0.9995746661081618 1.0042339738602482 19.68653053132834
0.304 0.022 0.42166666666666663 7.42e-05 0.00205 4.014 normal 0.9815914562093012 0.998834131969551 14.35324759044289
0.304 0.022 0.42166666666666663 7.42e-05 0.00215 4.014 normal 0.9840250251286534 0.9994300778717263 11.361744840946155
0.304 0.022 0.42166666666666663 7.42e-05 0.0021 4.014 normal 0.9831830053622135 0.9991555989428609 12.787558747860128
0.304 0.022 0.42166666666666663 7.42e-05 0.002 4.014 normal 0.9808652521612244 0.9983982494986089 15.68190779130554
0.304 0.022 0.42166666666666663 7.42e-05 0.0022 4.014 normal 0.985797671256158 0.9996539509715118 10.704445062691065
0.304 0.022 0.42166666666666663 7.42e-05 0.0026 4.014 normal 0.9943162382383963 1.0037322600205734 9.193429037505878
0.304 0.022 0.42166666666666663 7.42e-05 0.0024000000000000002 4.014 normal 0.9897022399557459 1.0015676413166863 7.995210229306137
0.304 0.022 0.42166666666666663 7.42e-05 0.0025 4.014 normal 0.99236784017341 1.0023186369464965 7.30430175344235
0.304 0.022 0.42166666666666663 7.42e-05 0.0023 4.014 normal 0.987566217285567 1.0006866541010875 9.181470913992948
0.304 0.022 0.42166666666666663 7.42e-05 0.0022500000000000003 4.014 normal 0.9859193315652908 1.0001951104398257 9.713184132921326
0.304 0.022 0.42166666666666663 7.42e-05 0.00235 4.014 normal 0.9884422271648925 1.0011320610911394 8.39043568879296
0.304 0.022 0.42166666666666663 7.42e-05 0.00245 4.014 normal 0.9909790163633008 1.0019770929732228 7.714968462640439
0.304 0.022 0.42166666666666663 7.42e-05 0.00255 4.014 normal 0.9929806142641515 1.0029505832332632 8.049553558109213
0.304 0.022 0.42166666666666663 7.42e-05 0.00275 4.014 normal 0.996980900452517 1.0045324091222043 12.06796014168347
0.304 0.022 0.42166666666666663 7.42e-05 0.0027 4.014 normal 0.9960733089306618 1.0043210587315308 11.063583809109277
0.304 0.022 0.42166666666666663 7.42e-05 0.003 4.014 normal 1.002729103958584 1.0065500539389123 18.19094737946433
0.304 0.022 0.42166666666666663 7.42e-05 0.00295 4.014 normal 1.0015575134585997 1.0061907615633106 16.95526769994359
0.304 0.022 0.42166666666666663 7.42e-05 0.0028 4.014 normal 0.9982143207202285 1.0047251892378 13.536937835699566
0.304 0.022 0.42166666666666663 7.42e-05 0.00265 4.014 normal 0.994878999331645 1.0042721402784445 10.042690735949941
0.304 0.022 0.42166666666666663 7.42e-05 0.0029000000000000002 4.014 normal 1.0004717120530195 1.0057556732677124 15.743251122995828
0.304 0.022 0.42166666666666663 7.42e-05 0.00285 4.014 normal 0.9990294377010368 1.0053118203752327 14.496959620684944
0.304 0.022 0.43833333333333335 7.42e-05 0.0021 4.014 normal 0.9856803615972465 1.0007802724514772 11.244486663557101
0.304 0.022 0.43833333333333335 7.42e-05 0.0022 4.014 normal 0.98831780979396 1.0013012693251475 9.058877733740013
0.304 0.022 0.43833333333333335 7.42e-05 0.00215 4.014 normal 0.9865322109592579 1.0010657456115208 9.733558695904897
0.304 0.022 0.43833333333333335 7.42e-05 0.0023 4.014 normal 0.9901139411240218 1.0023576785986292 7.554033488882674
0.304 0.022 0.43833333333333335 7.42e-05 0.00205 4.014 normal 0.9840755370343905 1.0004468590279276 12.832671637309792
0.304 0.022 0.43833333333333335 7.42e-05 0.002 4.014 normal 0.9833459448110121 0.9999987824826508 14.189177960946791
0.304 0.022 0.43833333333333335 7.42e-05 0.0022500000000000003 4.014 normal 0.9884432126742063 1.0018541023979313 8.028715014221707
0.304 0.022 0.43833333333333335 7.42e-05 0.00235 4.014 normal 0.9910083721158605 1.0028124941676801 6.738650900506045
0.304 0.022 0.43833333333333335 7.42e-05 0.00265 4.014 normal 0.9974999012755967 1.0060173921946385 8.770880183114711
0.304 0.022 0.43833333333333335 7.42e-05 0.00255 4.014 normal 0.9955902223509917 1.0046723814768137 6.5667781593217045
0.304 0.022 0.43833333333333335 7.42e-05 0.0026 4.014 normal 0.9969352803692966 1.0054642789578678 7.874462784711358
0.304 0.022 0.43833333333333335 7.42e-05 0.0025 4.014 normal 0.9949641698389292 1.004030111788831 5.736817067701599
0.304 0.022 0.43833333333333335 7.42e-05 0.0027 4.014 normal 0.9987722299009373 1.0061068013923868 9.81455642696219
0.304 0.022 0.43833333333333335 7.42e-05 0.0024000000000000002 4.014 normal 0.9922732432168134 1.0032601436208899 6.370625347634982
0.304 0.022 0.43833333333333335 7.42e-05 0.00275 4.014 normal 0.9995384390963323 1.0062462689814926 10.841408552431899
0.304 0.022 0.43833333333333335 7.42e-05 0.00245 4.014 normal 0.9935625494755895 1.0036794439673438 6.112391776454566
0.304 0.022 0.43833333333333335 7.42e-05 0.00295 4.014 normal 1.004254409579511 1.0079823358093514 16.107508976487896
0.304 0.022 0.43833333333333335 7.42e-05 0.003 4.014 normal 1.0054385532025578 1.008347278024493 17.44239304013465
0.304 0.022 0.43833333333333335 7.42e-05 0.0029000000000000002 4.014 normal 1.0031511793241579 1.0075379651506526 14.813802050988857
0.304 0.022 0.45499999999999996 7.42e-05 0.00205 4.014 normal 0.9861509155094481 1.0015774348848439 12.02713905630277
0.304 0.022 0.43833333333333335 7.42e-05 0.0028 4.014 normal 1.0008693609952637 1.0064909193774332 12.40744221142644
0.304 0.022 0.43833333333333335 7.42e-05 0.00285 4.014 normal 1.0016955625132589 1.0070879111543967 13.505740473964634
0.304 0.022 0.45499999999999996 7.42e-05 0.002 4.014 normal 0.9854136532716763 1.0011177535511349 13.412109613590351
0.304 0.022 0.45499999999999996 7.42e-05 0.0021 4.014 normal 0.9877666711698735 1.0019205350715912 10.400354747165839
0.304 0.022 0.45499999999999996 7.42e-05 0.0025 4.014 normal 0.9971435646805585 1.0052392493659545 4.745023253456339
0.304 0.022 0.45499999999999996 7.42e-05 0.00245 4.014 normal 0.9957301966518053 1.0048846880805637 5.107179786063136
0.304 0.022 0.45499999999999996 7.42e-05 0.0024000000000000002 4.014 normal 0.9944244203592619 1.0044579271153091 5.366170949667745
0.304 0.022 0.45499999999999996 7.42e-05 0.0023 4.014 normal 0.992237559722692 1.003536423687291 6.5644931671344215
0.304 0.022 0.45499999999999996 7.42e-05 0.0022500000000000003 4.014 normal 0.9905504910378575 1.0030237436681337 7.015477131455717
0.304 0.022 0.45499999999999996 7.42e-05 0.0022 4.014 normal 0.9904287492888755 1.0024595122376798 8.083784940096379
0.304 0.022 0.45499999999999996 7.42e-05 0.00215 4.014 normal 0.9886269997942937 1.0022154541305068 8.805803647459781
0.304 0.022 0.45499999999999996 7.42e-05 0.00235 4.014 normal 0.9931461506728696 1.0039996008294354 5.7199281786708065
0.304 0.022 0.45499999999999996 7.42e-05 0.00255 4.014 normal 0.9977641653407208 1.0058932287716875 5.643847424950539
0.304 0.022 0.45499999999999996 7.42e-05 0.0029000000000000002 4.014 normal 1.0053872806952384 1.0088097330225843 14.273260737588252
0.304 0.022 0.45499999999999996 7.42e-05 0.00285 4.014 normal 1.0039270899634547 1.008353462120297 12.907757687988804
0.304 0.022 0.45499999999999996 7.42e-05 0.0026 4.014 normal 0.999124579425892 1.0066987291037455 7.056422875217222
0.304 0.022 0.45499999999999996 7.42e-05 0.00275 4.014 normal 1.0017468384618742 1.0074983492189897 10.083263249148656
0.304 0.022 0.45499999999999996 7.42e-05 0.00265 4.014 normal 0.9996843122300969 1.0072594074501626 7.988373611686147
0.304 0.022 0.45499999999999996 7.42e-05 0.0027 4.014 normal 1.0009724208579225 1.0073532256601399 9.042360740130666
0.304 0.022 0.45499999999999996 7.42e-05 0.0028 4.014 normal 1.0030890319610832 1.007748274651911 11.711365711959752
0.304 0.022 0.45499999999999996 7.42e-05 0.00295 4.014 normal 1.0065065856799391 1.009255685568799 15.629541261682789
0.304 0.022 0.45499999999999996 7.42e-05 0.003 4.014 normal 1.0077040327458802 1.009615008274304 17.034280277843585
0.304 0.022 0.4716666666666667 7.42e-05 0.0022 4.014 normal 0.992128846765793 1.003132629867808 7.487484896772094
0.304 0.022 0.4716666666666667 7.42e-05 0.0021 4.014 normal 0.9894498276253891 1.002578509120135 9.9505286000582
0.304 0.022 0.4716666666666667 7.42e-05 0.002 4.014 normal 0.98707718225838 1.0017600335513035 13.058332387915453
0.304 0.022 0.4716666666666667 7.42e-05 0.00215 4.014 normal 0.9903281842355394 1.0028813375866525 8.269188150768649
0.304 0.022 0.4716666666666667 7.42e-05 0.00205 4.014 normal 0.9878251376126633 1.0022290266788088 11.633312579310505
0.304 0.022 0.4716666666666667 7.42e-05 0.0022500000000000003 4.014 normal 0.99225809478632 1.003704965927306 6.376832647983299
0.304 0.022 0.4716666666666667 7.42e-05 0.00235 4.014 normal 0.994865765580797 1.0046975785587737 5.03078487402812
0.304 0.022 0.4716666666666667 7.42e-05 0.00245 4.014 normal 0.997462542150843 1.0055950978057178 4.399414971815444
0.304 0.022 0.4716666666666667 7.42e-05 0.0023 4.014 normal 0.9939509559874687 1.0042276012318263 5.9168431406977495
0.304 0.022 0.4716666666666667 7.42e-05 0.0024000000000000002 4.014 normal 0.9961377852793808 1.0051484873275556 4.67118171401435
0.304 0.022 0.4716666666666667 7.42e-05 0.00255 4.014 normal 0.9995015987945906 1.0066177708751332 4.966464702113688
0.304 0.022 0.4716666666666667 7.42e-05 0.0025 4.014 normal 0.9988832708660907 1.0059588404459785 4.030430683145242
0.304 0.022 0.4716666666666667 7.42e-05 0.0026 4.014 normal 1.0008731731354037 1.0074316923394404 6.439439595461076
0.304 0.022 0.4716666666666667 7.42e-05 0.00265 4.014 normal 1.0014405311842236 1.0079990204352491 7.383097659622564
0.304 0.022 0.4716666666666667 7.42e-05 0.003 4.014 normal 1.009523027048451 1.0103736913025323 16.65591663821859
0.304 0.022 0.4716666666666667 7.42e-05 0.0028 4.014 normal 1.0048575227819128 1.0085023625513243 11.143390900784505
0.304 0.022 0.4716666666666667 7.42e-05 0.0029000000000000002 4.014 normal 1.0071739773762634 1.0095644802795283 13.805427790529077
0.304 0.022 0.4716666666666667 7.42e-05 0.00285 4.014 normal 1.0056968010797125 1.0091120821616657 12.406064406226617
0.304 0.022 0.4716666666666667 7.42e-05 0.00295 4.014 normal 1.008312901551993 1.0100030358366878 15.205660994290891
0.304 0.022 0.4883333333333333 7.42e-05 0.002 4.014 normal 0.988333185165938 1.001927662647742 12.910702906496294
0.304 0.022 0.4716666666666667 7.42e-05 0.00275 4.014 normal 1.0035103645744645 1.0082469619054235 9.48639448406054
0.304 0.022 0.4716666666666667 7.42e-05 0.0027 4.014 normal 1.002734730111184 1.0080967644002636 8.43818396869813
0.304 0.022 0.4883333333333333 7.42e-05 0.0024000000000000002 4.014 normal 0.9974384347308436 1.005377389837216 4.073399152015821
0.304 0.022 0.4883333333333333 7.42e-05 0.0023 4.014 normal 0.9952331860328151 1.0044325367678235 5.393730379856588
0.304 0.022 0.4883333333333333 7.42e-05 0.00235 4.014 normal 0.9961492517093562 1.0049043606414199 4.463083219608622
0.304 0.022 0.4883333333333333 7.42e-05 0.00205 4.014 normal 0.9890850972871706 1.0024028999381664 11.429771949396962
0.304 0.022 0.4883333333333333 7.42e-05 0.0021 4.014 normal 0.9907162975687459 1.002759407735622 9.686356295665748
0.304 0.022 0.4883333333333333 7.42e-05 0.0022500000000000003 4.014 normal 0.9935289301739831 1.0039043317020515 5.8973394789520475
0.304 0.022 0.4883333333333333 7.42e-05 0.00215 4.014 normal 0.9915916002257709 1.0030692089933053 7.91611875001437
0.304 0.022 0.4883333333333333 7.42e-05 0.0022 4.014 normal 0.9934091698038006 1.0033253341098602 7.0486193228130505
0.304 0.022 0.4883333333333333 7.42e-05 0.0028 4.014 normal 1.0061783233301318 1.0087502495707752 10.481211253167265
0.304 0.022 0.4883333333333333 7.42e-05 0.0027 4.014 normal 1.0040473588018752 1.00834200241692 7.788579323477631
0.304 0.022 0.4883333333333333 7.42e-05 0.0025 4.014 normal 1.0001869543888404 1.0061838011028525 3.376624235998629
0.304 0.022 0.4883333333333333 7.42e-05 0.0026 4.014 normal 1.0021798199641623 1.0076683257863936 5.8024257618651385
0.304 0.022 0.4883333333333333 7.42e-05 0.00245 4.014 normal 0.9987557187930998 1.005818513045262 3.776372973481772
0.304 0.022 0.4883333333333333 7.42e-05 0.00265 4.014 normal 1.0027483882416803 1.0082404885488185 6.74418284297842
0.304 0.022 0.4883333333333333 7.42e-05 0.00255 4.014 normal 1.0008082038660993 1.006847977866397 4.32001759385072
0.304 0.022 0.4883333333333333 7.42e-05 0.00275 4.014 normal 1.0048300215917543 1.0084958679587461 8.830413637230334
0.304 0.022 0.4883333333333333 7.42e-05 0.00285 4.014 normal 1.0070234261619124 1.009359067789936 11.761223829417212
0.304 0.022 0.4883333333333333 7.42e-05 0.0029000000000000002 4.014 normal 1.0085182692010735 1.0098023222789507 13.18665838954907
0.304 0.022 0.4883333333333333 7.42e-05 0.00295 4.014 normal 1.0096664920968255 1.0102620229948573 14.61304755222263
0.304 0.022 0.4883333333333333 7.42e-05 0.003 4.014 normal 1.0108322747681024 1.0106767461391732 16.078499497776786
0.304 0.022 0.505 7.42e-05 0.00205 4.014 normal 0.9899392220525184 1.0021047650708452 11.292866895742772
0.304 0.022 0.505 7.42e-05 0.0021 4.014 normal 0.9915644159186532 1.0024656772522313 9.476313230619587
0.304 0.022 0.505 7.42e-05 0.002 4.014 normal 0.9891879968572043 1.0016248752263728 12.841444275753698
0.304 0.022 0.505 7.42e-05 0.00215 4.014 normal 0.9924444073039733 1.0027784918728082 7.613670271552393
0.304 0.022 0.505 7.42e-05 0.0022500000000000003 4.014 normal 0.9943847049287483 1.003623858276592 5.449097715858511
0.304 0.022 0.505 7.42e-05 0.0023 4.014 normal 0.996089395621186 1.0041560718913445 4.8706873138143925
0.304 0.022 0.505 7.42e-05 0.00235 4.014 normal 0.9970137052686533 1.004627003121886 3.885573754836756
0.304 0.022 0.505 7.42e-05 0.0025 4.014 normal 1.0010520417464994 1.0059203301228392 2.6587143650939895
0.304 0.022 0.505 7.42e-05 0.00245 4.014 normal 0.9996229980795529 1.0055512145980026 3.100903806419244
0.304 0.022 0.505 7.42e-05 0.0024000000000000002 4.014 normal 0.9982980491512854 1.0051090046699611 3.4474566737794414
0.304 0.022 0.505 7.42e-05 0.0022 4.014 normal 0.9942665599033711 1.0030413168903227 6.642141219496499
0.304 0.022 0.505 7.42e-05 0.00255 4.014 normal 1.0016713169943976 1.0065876519850543 3.580991650812698
0.304 0.022 0.505 7.42e-05 0.0028 4.014 normal 1.007055077155877 1.0084875641042563 9.59911986102285
0.304 0.022 0.505 7.42e-05 0.0027 4.014 normal 1.004914584136396 1.0080905867562269 6.961997354223101
0.304 0.022 0.505 7.42e-05 0.00285 4.014 normal 1.0079059437083544 1.0090970103915784 10.856876951213092
0.304 0.022 0.505 7.42e-05 0.0029000000000000002 4.014 normal 1.0093833279941289 1.0095799352708823 12.297033459012702
0.304 0.022 0.505 7.42e-05 0.00275 4.014 normal 1.0056970516992993 1.0082444741378669 7.991578360041829
0.304 0.022 0.505 7.42e-05 0.00295 4.014 normal 1.0104914881444529 1.0100619929967805 13.728392948862442
0.304 0.022 0.505 7.42e-05 0.0026 4.014 normal 1.0030490144760127 1.0074105030956844 5.015920863296711
0.304 0.022 0.505 7.42e-05 0.00265 4.014 normal 1.0036176997982584 1.0079862854017783 5.936347724579338
0.304 0.022 0.5216666666666667 7.42e-05 0.0023 4.014 normal 0.9965170204956522 1.0034020396577499 4.314365376345329
0.304 0.022 0.505 7.42e-05 0.003 4.014 normal 1.011650739764682 1.0104494744733576 15.177548421475795
0.304 0.022 0.5216666666666667 7.42e-05 0.0022500000000000003 4.014 normal 0.9948144378676518 1.0028669182775054 5.0005878883086945
0.304 0.022 0.5216666666666667 7.42e-05 0.002 4.014 normal 0.9896122523925689 1.0008553294361733 12.81185458407627
0.304 0.022 0.5216666666666667 7.42e-05 0.00205 4.014 normal 0.9903697412262779 1.00133773664581 11.183063192351934
0.304 0.022 0.5216666666666667 7.42e-05 0.00215 4.014 normal 0.9928714753861501 1.0020177468004943 7.333731438040522
0.304 0.022 0.5216666666666667 7.42e-05 0.0021 4.014 normal 0.9919886617313437 1.0017018921011842 9.285373905863986
0.304 0.022 0.5216666666666667 7.42e-05 0.0022 4.014 normal 0.9946878860790284 1.002281362815361 6.235134729909709
0.304 0.022 0.5216666666666667 7.42e-05 0.00235 4.014 normal 0.9974417442413482 1.0038734754019145 3.2684403330952994
0.304 0.022 0.5216666666666667 7.42e-05 0.0027 4.014 normal 1.0053274246717572 1.007341935427625 5.934677561162723
0.304 0.022 0.5216666666666667 7.42e-05 0.0025 4.014 normal 1.0014690349171893 1.0051721030507348 1.8507944474034284
0.304 0.022 0.5216666666666667 7.42e-05 0.00245 4.014 normal 1.0000471486726081 1.0048014005068187 2.3542562785354595
0.304 0.022 0.5216666666666667 7.42e-05 0.0024000000000000002 4.014 normal 0.9987235079959574 1.0043569044606584 2.7615633843936145
0.304 0.022 0.5216666666666667 7.42e-05 0.00255 4.014 normal 1.0020881070748031 1.0058397314903262 2.7222711212154436
0.304 0.022 0.5216666666666667 7.42e-05 0.0026 4.014 normal 1.0034665462639811 1.0066630985159364 4.057082128820333
0.304 0.022 0.5216666666666667 7.42e-05 0.00265 4.014 normal 1.0040239763205465 1.007240888370679 4.946228175448414
0.304 0.022 0.5216666666666667 7.42e-05 0.00275 4.014 normal 1.0061079078711765 1.0074901088734889 6.9490627539539895
0.304 0.022 0.5216666666666667 7.42e-05 0.0028 4.014 normal 1.0074694289045125 1.0077546438142302 8.47626859783907
0.304 0.022 0.5216666666666667 7.42e-05 0.00295 4.014 normal 1.0108637252052155 1.0093153259643293 12.52411640109041
0.304 0.022 0.5216666666666667 7.42e-05 0.003 4.014 normal 1.0120581336416785 1.0096882606001196 13.931080200527365
0.304 0.022 0.5216666666666667 7.42e-05 0.0029000000000000002 4.014 normal 1.0097227931735546 1.0088675903010293 11.108316135776084
0.304 0.022 0.5216666666666667 7.42e-05 0.00285 4.014 normal 1.0083062980517294 1.0083801065097449 9.664531555643858
0.304 0.022 0.5383333333333333 7.42e-05 0.00205 4.014 normal 0.990379156609562 1.0001057420838153 11.159550265657227
0.304 0.022 0.5383333333333333 7.42e-05 0.002 4.014 normal 0.9896285166387928 0.9996220751165447 12.877705657622377
0.304 0.022 0.5383333333333333 7.42e-05 0.0023 4.014 normal 0.996508547284736 1.002171119957588 3.7869666517670417
0.304 0.022 0.5383333333333333 7.42e-05 0.0024000000000000002 4.014 normal 0.9987036235920065 1.0031275932760437 2.083313966926056
0.304 0.022 0.5383333333333333 7.42e-05 0.00235 4.014 normal 0.9974291004704372 1.0026522240143259 2.6760160488005074
0.304 0.022 0.5383333333333333 7.42e-05 0.0022 4.014 normal 0.9946894290403182 1.001052495787511 5.886081881386737
0.304 0.022 0.5383333333333333 7.42e-05 0.00215 4.014 normal 0.9928788304488446 1.000788228363798 7.131018068856074
0.304 0.022 0.5383333333333333 7.42e-05 0.0022500000000000003 4.014 normal 0.9948066625992842 1.0016371924237892 4.61169121295546
0.304 0.022 0.5383333333333333 7.42e-05 0.0021 4.014 normal 0.9919966969432111 1.0004721648526704 9.169574145720452
0.304 0.022 0.5383333333333333 7.42e-05 0.00245 4.014 normal 1.0000236737951376 1.0035714089095118 1.5992320337416208
0.304 0.022 0.5383333333333333 7.42e-05 0.0028 4.014 normal 1.0073534376599254 1.0065499295774623 7.184513496822812
0.304 0.022 0.5383333333333333 7.42e-05 0.0026 4.014 normal 1.0034248047543837 1.0054289504088647 2.997357041325716
0.304 0.022 0.5383333333333333 7.42e-05 0.0027 4.014 normal 1.0052862378637322 1.0060955491361439 4.780469513038512
0.304 0.022 0.5383333333333333 7.42e-05 0.00285 4.014 normal 1.00819592061622 1.007161786877831 8.257556202402261
0.304 0.022 0.5383333333333333 7.42e-05 0.00265 4.014 normal 1.0039815432226828 1.006005201890571 3.8301369678580355
0.304 0.022 0.5383333333333333 7.42e-05 0.00275 4.014 normal 1.0060628330323762 1.0062651514786107 5.76638689327906
0.304 0.022 0.5383333333333333 7.42e-05 0.0025 4.014 normal 1.0014426720964802 1.0039417592898499 1.0143665135523787
0.304 0.022 0.5383333333333333 7.42e-05 0.00255 4.014 normal 1.0020513324417275 1.0046082543751635 1.8119283904611876
0.304 0.022 0.5383333333333333 7.42e-05 0.003 4.014 normal 1.0120225637370186 1.008436650348994 12.404100486688993
0.304 0.022 0.5383333333333333 7.42e-05 0.00295 4.014 normal 1.0108259762244287 1.0080591745398095 11.075929205428562
0.304 0.022 0.5383333333333333 7.42e-05 0.0029000000000000002 4.014 normal 1.0096686446957288 1.0076123298002901 9.68869239733028
0.304 0.022 0.5549999999999999 7.42e-05 0.00215 4.014 normal 0.9924408181854802 0.9990915529876186 7.154697365059797
0.304 0.022 0.5549999999999999 7.42e-05 0.0021 4.014 normal 0.9915686093160708 0.9987759432004534 9.277104740355409
0.304 0.022 0.5549999999999999 7.42e-05 0.0022 4.014 normal 0.9942496878842386 0.9993542411330775 5.74718256084824
0.304 0.022 0.5549999999999999 7.42e-05 0.00205 4.014 normal 0.9899658501917715 0.9984112591156646 11.360819121225543
0.304 0.022 0.5549999999999999 7.42e-05 0.002 4.014 normal 0.9892131418476585 0.9979281567143646 13.182415333349113
0.304 0.022 0.5549999999999999 7.42e-05 0.0026 4.014 normal 1.0029331764336138 1.003704857705268 1.9953507298801196
0.304 0.022 0.5549999999999999 7.42e-05 0.0024000000000000002 4.014 normal 0.9982441566396494 1.0014212788162822 1.564374513862354
0.304 0.022 0.5549999999999999 7.42e-05 0.00245 4.014 normal 0.9995573945599272 1.0018625689203728 0.9912487440959414
0.304 0.022 0.5549999999999999 7.42e-05 0.0022500000000000003 4.014 normal 0.994373626377933 0.9999375044247041 4.433978492844502
0.304 0.022 0.5549999999999999 7.42e-05 0.00235 4.014 normal 0.9969706628681722 1.0009493647419243 2.2637030908392393
0.304 0.022 0.5549999999999999 7.42e-05 0.0025 4.014 normal 1.0009565700047525 1.0022329257950426 0.3149092726303681
0.304 0.022 0.5549999999999999 7.42e-05 0.0023 4.014 normal 0.9960610810924633 1.0004701558665532 3.443847460686287
0.304 0.022 0.5549999999999999 7.42e-05 0.00255 4.014 normal 1.0015613853157153 1.0028963680922043 1.009806363265429
0.304 0.022 0.5549999999999999 7.42e-05 0.00265 4.014 normal 1.0034880566165472 1.0042763609820053 2.756326670537989
0.304 0.022 0.5549999999999999 7.42e-05 0.0028 4.014 normal 1.0068530321041924 1.0048150611932742 5.891923280488498
0.304 0.022 0.5549999999999999 7.42e-05 0.0027 4.014 normal 1.004747700535928 1.0044053242371245 3.660234528671756
0.304 0.022 0.5549999999999999 7.42e-05 0.00285 4.014 normal 1.0076998857806163 1.0054215825149124 6.809247148748103
0.304 0.022 0.5549999999999999 7.42e-05 0.00275 4.014 normal 1.00550445002469 1.0045605550108125 4.615157553698884
0.304 0.022 0.5549999999999999 7.42e-05 0.0029000000000000002 4.014 normal 1.0091588453962532 1.0058785945486548 8.221299401424446
0.304 0.022 0.5549999999999999 7.42e-05 0.003 4.014 normal 1.011507423430569 1.0067031743511343 10.782859355152583
0.304 0.022 0.5549999999999999 7.42e-05 0.00295 4.014 normal 1.0103245290756893 1.0063277717080048 9.55812701370547
0.304 0.022 0.5716666666666667 7.42e-05 0.0022500000000000003 4.014 normal 0.993493094104018 0.9977722835497027 4.707624226605016
0.304 0.022 0.5716666666666667 7.42e-05 0.0023 4.014 normal 0.9951631669599454 0.9983023484219404 3.527613704180927
0.304 0.022 0.5716666666666667 7.42e-05 0.00205 4.014 normal 0.9891197426467226 0.9962580507986598 12.027450713808692
0.304 0.022 0.5716666666666667 7.42e-05 0.002 4.014 normal 0.9883778451527336 0.9957773240497834 13.963090688757081
0.304 0.022 0.5716666666666667 7.42e-05 0.0022 4.014 normal 0.9933655144264599 0.997194563876536 6.05592230858595
0.304 0.022 0.5716666666666667 7.42e-05 0.0021 4.014 normal 0.9907118258779719 0.9966200760758015 9.84449672537975
0.304 0.022 0.5716666666666667 7.42e-05 0.00215 4.014 normal 0.991583936527547 0.9969348281102371 7.644038526889744
0.304 0.022 0.5716666666666667 7.42e-05 0.00235 4.014 normal 0.9960715096491699 0.998776259153013 2.2754756311694613
0.304 0.022 0.5716666666666667 7.42e-05 0.0025 4.014 normal 1.0000386782462858 1.0000411990523432 0.00015099582540728027
0.304 0.022 0.5716666666666667 7.42e-05 0.00255 4.014 normal 1.000632102659471 1.0006945812680497 0.5699535155666972
0.304 0.022 0.5716666666666667 7.42e-05 0.0024000000000000002 4.014 normal 0.9973352822307704 0.9992428059817169 1.4565505566668024
0.304 0.022 0.5716666666666667 7.42e-05 0.0026 4.014 normal 1.0019642902426167 1.0015138111507331 1.3133997114425986
0.304 0.022 0.5716666666666667 7.42e-05 0.00245 4.014 normal 0.9986573550360409 0.9996794140676839 0.7828761801105557
0.304 0.022 0.5716666666666667 7.42e-05 0.00265 4.014 normal 1.0025078323221766 1.0020869638943315 1.9884365641279478
0.304 0.022 0.5716666666666667 7.42e-05 0.0027 4.014 normal 1.0037957447629549 1.0021922076223282 2.836729671558602
0.304 0.022 0.5716666666666667 7.42e-05 0.00275 4.014 normal 1.004555411736471 1.0023525130493651 3.7531789920092797
0.304 0.022 0.5883333333333334 7.42e-05 0.00205 4.014 normal 0.9878525274685516 0.9936481382859674 13.47877575508955
0.304 0.022 0.5883333333333334 7.42e-05 0.002 4.014 normal 0.9871116393525393 0.9931730668004302 15.530529247210483
0.304 0.022 0.5716666666666667 7.42e-05 0.00295 4.014 normal 1.0093077452575068 1.0041030547228391 8.236137632682347
0.304 0.022 0.5716666666666667 7.42e-05 0.0028 4.014 normal 1.005873795710637 1.0026123158227922 4.862001894012717
0.304 0.022 0.5716666666666667 7.42e-05 0.00285 4.014 normal 1.0067196821838447 1.0032128418568236 5.588508581933736
0.304 0.022 0.5716666666666667 7.42e-05 0.003 4.014 normal 1.0104747774930165 1.0044730277015392 9.337080669343223
0.304 0.022 0.5883333333333334 7.42e-05 0.0021 4.014 normal 0.9894190382705993 0.9940088184844038 11.191847340011938
0.304 0.022 0.5716666666666667 7.42e-05 0.0029000000000000002 4.014 normal 1.008163232348603 1.0036651539211454 6.967162176699278
0.304 0.022 0.5883333333333334 7.42e-05 0.0023 4.014 normal 0.9939355203919669 0.9956104853536342 4.369061954282537
0.304 0.022 0.5883333333333334 7.42e-05 0.00245 4.014 normal 0.9972427226099215 0.9970383564699101 1.3077684385397224
0.304 0.022 0.5883333333333334 7.42e-05 0.0022 4.014 normal 0.9922009420790582 0.994501141607168 7.14238947638625
0.304 0.022 0.5883333333333334 7.42e-05 0.0024000000000000002 4.014 normal 0.9960069058602278 0.9965711736567333 2.0900540146578956
0.304 0.022 0.5883333333333334 7.42e-05 0.0022500000000000003 4.014 normal 0.992346159114957 0.9950736703320984 5.761024210975629
0.304 0.022 0.5883333333333334 7.42e-05 0.0025 4.014 normal 0.9985976629959401 0.9974305058390811 0.41075920905467406
0.304 0.022 0.5883333333333334 7.42e-05 0.00235 4.014 normal 0.9948068211881367 0.9960902627244791 3.042228295411456
0.304 0.022 0.5883333333333334 7.42e-05 0.00215 4.014 normal 0.9902714630861494 0.9943164241442545 8.913593053404
0.304 0.022 0.5883333333333334 7.42e-05 0.00265 4.014 normal 1.0011634117810668 0.9994751254085533 1.8726068341008095
0.304 0.022 0.5883333333333334 7.42e-05 0.0026 4.014 normal 1.0005588446267644 0.9988386488621811 1.2950030647748811
0.304 0.022 0.5883333333333334 7.42e-05 0.00255 4.014 normal 0.9991997661147339 0.9980704261885538 0.8352875987317249
0.304 0.022 0.5883333333333334 7.42e-05 0.0028 4.014 normal 1.0044077869792696 0.9999258346405484 4.448220268471967
0.304 0.022 0.5883333333333334 7.42e-05 0.0027 4.014 normal 1.0023581946088944 0.999512067776516 2.6619441194215776
0.304 0.022 0.5883333333333334 7.42e-05 0.00285 4.014 normal 1.0052459066302641 1.0005172902884802 4.947482833339488
0.304 0.022 0.5883333333333334 7.42e-05 0.00275 4.014 normal 1.0031037433975316 0.9996711650352768 3.5362873253639413
0.304 0.022 0.5883333333333334 7.42e-05 0.0029000000000000002 4.014 normal 1.0066651796991168 1.0009633513839629 6.289957155608999
0.304 0.022 0.605 7.42e-05 0.002 4.014 normal 0.9856877897225022 0.9899943252777628 18.286407323635387
0.304 0.022 0.605 7.42e-05 0.0022500000000000003 4.014 normal 0.9905102134922105 0.9919922686744947 7.992626293886875
0.304 0.022 0.605 7.42e-05 0.00215 4.014 normal 0.9886987577590602 0.9911514425589527 11.375373540027233
0.304 0.022 0.605 7.42e-05 0.0022 4.014 normal 0.9903594475054122 0.9914423873246313 9.40967549029931
0.304 0.022 0.605 7.42e-05 0.00205 4.014 normal 0.9864032119937196 0.9904676064917114 16.10716732369632
0.304 0.022 0.605 7.42e-05 0.0021 4.014 normal 0.9878845167138286 0.9908361919068951 13.71791668550864
0.304 0.022 0.5883333333333334 7.42e-05 0.00295 4.014 normal 1.007805539697864 1.0013921273985418 7.475524087956384
0.304 0.022 0.5883333333333334 7.42e-05 0.003 4.014 normal 1.0089583799063946 1.0017540075371376 8.425589285334707
0.304 0.022 0.605 7.42e-05 0.00245 4.014 normal 0.9953661786252358 0.9939734070242093 2.9850934264328464
0.304 0.022 0.605 7.42e-05 0.0024000000000000002 4.014 normal 0.9941216554477291 0.993513406875412 3.884377668506601
0.304 0.022 0.605 7.42e-05 0.00235 4.014 normal 0.9929260853134678 0.9930265647255635 4.976741911209271
0.304 0.022 0.605 7.42e-05 0.0023 4.014 normal 0.9920706035650971 0.9925475628475979 6.380199712760589
0.304 0.022 0.605 7.42e-05 0.0025 4.014 normal 0.9967646303055521 0.994266560829849 1.9659884686042122
0.304 0.022 0.605 7.42e-05 0.0026 4.014 normal 0.9986694761053335 0.9956913225800399 2.370245306210295
0.304 0.022 0.605 7.42e-05 0.00255 4.014 normal 0.9973408339656195 0.9949074731242844 2.2276622434006956
0.304 0.022 0.605 7.42e-05 0.00265 4.014 normal 0.9992001335601483 0.996247875557014 2.838333280311633
0.304 0.022 0.605 7.42e-05 0.00285 4.014 normal 1.0032903390552117 0.9973357407242908 5.3309969539903985
0.304 0.022 0.605 7.42e-05 0.0028 4.014 normal 1.0024608566982345 0.9967625704227336 5.090028951620156
0.304 0.022 0.605 7.42e-05 0.0029000000000000002 4.014 normal 1.0046924191926718 0.997778526629947 6.629041257218965
0.304 0.022 0.6216666666666666 7.42e-05 0.002 4.014 normal 0.9834868910682111 0.986494989933814 22.688487945299393
0.304 0.022 0.605 7.42e-05 0.0027 4.014 normal 1.0004458644833356 0.9963541688574806 3.5669564571905847
0.304 0.022 0.605 7.42e-05 0.00295 4.014 normal 1.0058188563829178 0.9981972728285816 7.719792032904253
0.304 0.022 0.605 7.42e-05 0.00275 4.014 normal 1.001179915941312 0.996511846681772 4.395081124344332
0.304 0.022 0.605 7.42e-05 0.003 4.014 normal 1.0069539453115672 0.9985502745744604 8.50041333898176
0.304 0.022 0.6216666666666666 7.42e-05 0.00205 4.014 normal 0.9841955498693624 0.9869614097760039 20.388626914806718
0.304 0.022 0.6216666666666666 7.42e-05 0.0024000000000000002 4.014 normal 0.9917995850220509 0.9899962309420415 7.3196901625913195
0.304 0.022 0.6216666666666666 7.42e-05 0.00215 4.014 normal 0.9864383060352968 0.9876579826633347 15.505980753456022
0.304 0.022 0.6216666666666666 7.42e-05 0.0022 4.014 normal 0.9880713277778569 0.987963689605921 13.329675973878645
0.304 0.022 0.6216666666666666 7.42e-05 0.00235 4.014 normal 0.9906128961521735 0.989520447743584 8.567920812956011
0.304 0.022 0.6216666666666666 7.42e-05 0.0021 4.014 normal 0.9856347121045774 0.987343282072702 17.900026606844794
0.304 0.022 0.6216666666666666 7.42e-05 0.0023 4.014 normal 0.9897621483967523 0.9890501209123819 10.040304580172279
0.304 0.022 0.6216666666666666 7.42e-05 0.0022500000000000003 4.014 normal 0.9882185815337995 0.9884956839184733 11.888847251719199
0.304 0.022 0.6216666666666666 7.42e-05 0.00245 4.014 normal 0.9930389498048932 0.9904379234168396 6.3048552883855
0.304 0.022 0.6216666666666666 7.42e-05 0.0027 4.014 normal 0.9980616781031435 0.9927240632002189 6.06042921587674
0.304 0.022 0.6216666666666666 7.42e-05 0.00265 4.014 normal 0.9968381358797552 0.9926190150372283 5.393738406900627
0.304 0.022 0.6216666666666666 7.42e-05 0.0025 4.014 normal 0.9944489518057117 0.9906744346142278 5.1636737850058925
0.304 0.022 0.6216666666666666 7.42e-05 0.0026 4.014 normal 0.9963181090356736 0.992073447552509 5.043303739240502
0.304 0.022 0.6216666666666666 7.42e-05 0.00255 4.014 normal 0.9950078136060478 0.9913052155650706 5.247572739343593
0.304 0.022 0.6216666666666666 7.42e-05 0.0028 4.014 normal 1.00003848925443 0.9931224938854037 7.300174688641985
0.304 0.022 0.6216666666666666 7.42e-05 0.00275 4.014 normal 0.9987768830083997 0.992878666256803 6.838721635379777
0.304 0.022 0.6383333333333333 7.42e-05 0.002 4.014 normal 0.9808371850728298 0.9825842085664415 29.27937833034526
0.304 0.022 0.6216666666666666 7.42e-05 0.003 4.014 normal 1.0044548414671939 0.9948706379791312 10.085941836505068
0.304 0.022 0.6383333333333333 7.42e-05 0.00205 4.014 normal 0.9815346468539022 0.9830424257185968 26.84864886397776
0.304 0.022 0.6383333333333333 7.42e-05 0.0021 4.014 normal 0.9829413303759876 0.9834257900960626 24.267725112837375
0.304 0.022 0.6383333333333333 7.42e-05 0.00215 4.014 normal 0.9837307079163955 0.9837378214194883 21.824654520234063
0.304 0.022 0.6216666666666666 7.42e-05 0.0029000000000000002 4.014 normal 1.0022312622799672 0.9941164706080976 8.506353510646113
0.304 0.022 0.6216666666666666 7.42e-05 0.00295 4.014 normal 1.0033457567673285 0.9945230828154922 9.491732262002147
0.304 0.022 0.6216666666666666 7.42e-05 0.00285 4.014 normal 1.0008627573873141 0.9936892616184599 7.256143627212974
0.304 0.022 0.6383333333333333 7.42e-05 0.00235 4.014 normal 0.9878614551728058 0.9855570191433264 14.363459791074323
0.304 0.022 0.6383333333333333 7.42e-05 0.00245 4.014 normal 0.9902562837760761 0.9864415875826013 11.826088814810065
0.304 0.022 0.6383333333333333 7.42e-05 0.0022500000000000003 4.014 normal 0.9854964696040334 0.9845584211013034 17.99085390521051
0.304 0.022 0.6383333333333333 7.42e-05 0.0022 4.014 normal 0.9853466449934128 0.984038550997998 19.44029427516752
0.304 0.022 0.6383333333333333 7.42e-05 0.0023 4.014 normal 0.9870171075257816 0.9850999644174961 15.894646866394028
0.304 0.022 0.6383333333333333 7.42e-05 0.0024000000000000002 4.014 normal 0.9890288891538628 0.9860147950040448 12.951599768786362
0.304 0.022 0.6383333333333333 7.42e-05 0.0025 4.014 normal 0.9916638337747087 0.9866213930231316 10.558032596689216
0.304 0.022 0.6383333333333333 7.42e-05 0.00255 4.014 normal 0.9922091496410163 0.9872389555857838 10.452490564793413
0.304 0.022 0.6383333333333333 7.42e-05 0.0026 4.014 normal 0.9934996066242748 0.9879887875347949 9.889268791946002
0.304 0.022 0.6383333333333333 7.42e-05 0.00265 4.014 normal 0.99400366375679 0.9885234349933799 10.108580911275435
0.304 0.022 0.6383333333333333 7.42e-05 0.0028 4.014 normal 0.9971385671066458 0.9890125299037046 11.660527063443872
0.304 0.022 0.6383333333333333 7.42e-05 0.00295 4.014 normal 1.0003837984192931 0.9903732633699105 13.383316508003153
0.304 0.022 0.6383333333333333 7.42e-05 0.0029000000000000002 4.014 normal 0.9992858500408652 0.9899802445714553 12.510205479015594
0.304 0.022 0.6383333333333333 7.42e-05 0.00275 4.014 normal 0.9959028476646891 0.9887753628224961 11.447387868273905
0.304 0.022 0.6383333333333333 7.42e-05 0.00285 4.014 normal 0.9979504258665983 0.9895645022643372 11.313162844288943
0.304 0.022 0.6383333333333333 7.42e-05 0.0027 4.014 normal 0.9952024272857264 0.9886251389075086 10.71642475813092
0.304 0.022 0.655 7.42e-05 0.0023 4.014 normal 0.9838319284978797 0.9806939905684916 24.549436760108385
0.304 0.022 0.655 7.42e-05 0.00205 4.014 normal 0.9784356166165007 0.978696771362723 36.077334124320956
0.304 0.022 0.655 7.42e-05 0.002 4.014 normal 0.9777547199073137 0.978246566428176 38.64689964864417
0.304 0.022 0.655 7.42e-05 0.0022500000000000003 4.014 normal 0.9823288675667031 0.9801718267095352 26.877760029666188
0.304 0.022 0.655 7.42e-05 0.0022 4.014 normal 0.9821916795280682 0.9796643910787523 28.350705455416325
0.304 0.022 0.655 7.42e-05 0.00215 4.014 normal 0.9805932627388688 0.9793753089475384 30.93298657416674
0.304 0.022 0.655 7.42e-05 0.0021 4.014 normal 0.9798194726818191 0.9790731245155957 33.42399329689616
0.304 0.022 0.6383333333333333 7.42e-05 0.003 4.014 normal 1.0014737880524807 0.9907027986768748 13.779232971293974
0.304 0.022 0.655 7.42e-05 0.00245 4.014 normal 0.9870061579411586 0.9819851921851368 20.142235273449433
0.304 0.022 0.655 7.42e-05 0.00235 4.014 normal 0.9846584178350937 0.9811357696825989 22.956411967016475
0.304 0.022 0.655 7.42e-05 0.0024000000000000002 4.014 normal 0.9858085899446204 0.9815755464891959 21.392325228563838
0.304 0.022 0.655 7.42e-05 0.0025 4.014 normal 0.9884148236405428 0.9821124745067364 18.765589944858483
0.304 0.022 0.655 7.42e-05 0.0027 4.014 normal 0.9918683555718194 0.9840618963688809 18.164909847042274
0.304 0.022 0.655 7.42e-05 0.00265 4.014 normal 0.9906994629583011 0.9839627191516074 17.618363674525163
0.304 0.022 0.655 7.42e-05 0.00255 4.014 normal 0.9889465687842868 0.9827131462654939 18.47306631044344
0.304 0.022 0.655 7.42e-05 0.0026 4.014 normal 0.9902095222431455 0.983442640724609 17.526310508682442
0.304 0.022 0.6716666666666666 7.42e-05 0.00205 4.014 normal 0.9749131989573661 0.9739153891972561 48.708077904418715
0.304 0.022 0.6716666666666666 7.42e-05 0.002 4.014 normal 0.9742458630469739 0.9734800893035387 51.4029869345122
0.304 0.022 0.655 7.42e-05 0.00295 4.014 normal 0.9969322275670528 0.9857517495540403 20.0392266697025
0.304 0.022 0.655 7.42e-05 0.0029000000000000002 4.014 normal 0.9958557721330368 0.985374691391342 19.28808303349244
0.304 0.022 0.655 7.42e-05 0.003 4.014 normal 0.9979982973117478 0.9860685027730711 20.232319277198368
0.304 0.022 0.655 7.42e-05 0.00285 4.014 normal 0.9945531315131135 0.9849717480115759 18.13803123221569
0.304 0.022 0.655 7.42e-05 0.0028 4.014 normal 0.9937563945276315 0.9844365982494008 18.807898949167537
0.304 0.022 0.655 7.42e-05 0.00275 4.014 normal 0.9925527525248051 0.98420693893446 18.84780793073359
0.304 0.022 0.6716666666666666 7.42e-05 0.0024000000000000002 4.014 normal 0.9821345945242204 0.9766832354156263 33.288158648997765
0.304 0.022 0.6716666666666666 7.42e-05 0.0023 4.014 normal 0.9802051823950517 0.9758366306582618 36.661254379456764
0.304 0.022 0.6716666666666666 7.42e-05 0.0022 4.014 normal 0.9786003868837375 0.9748438316549952 40.70998144849995
0.304 0.022 0.6716666666666666 7.42e-05 0.0022500000000000003 4.014 normal 0.978737553884238 0.9753354507772156 39.22550627010403
0.304 0.022 0.6716666666666666 7.42e-05 0.0021 4.014 normal 0.9762679264315255 0.9742804394324341 45.9847143693806
0.304 0.022 0.6716666666666666 7.42e-05 0.00245 4.014 normal 0.9833020406268524 0.9770761992279806 31.93067799720454
0.304 0.022 0.6716666666666666 7.42e-05 0.00215 4.014 normal 0.9770269877722833 0.9745735208230502 43.46740232945049
0.304 0.022 0.6716666666666666 7.42e-05 0.00235 4.014 normal 0.9810087181894207 0.9762635673132168 35.00350218783524
0.304 0.022 0.6716666666666666 7.42e-05 0.0026 4.014 normal 0.9864508678122096 0.9784375253413033 28.641843864863215
0.304 0.022 0.6716666666666666 7.42e-05 0.00275 4.014 normal 0.9887253352662051 0.9791791983961828 29.721349804528156
0.304 0.022 0.6716666666666666 7.42e-05 0.00255 4.014 normal 0.9852162797568293 0.9777320324749252 29.959827781074882
0.304 0.022 0.6716666666666666 7.42e-05 0.0025 4.014 normal 0.9846989521523335 0.9771494734923977 30.443451654397172
0.304 0.022 0.6716666666666666 7.42e-05 0.0028 4.014 normal 0.9898977287981187 0.9793987354309466 29.43060410726734
0.304 0.022 0.6716666666666666 7.42e-05 0.0027 4.014 normal 0.9880605690237796 0.979038890793245 29.08664004113212
0.304 0.022 0.6716666666666666 7.42e-05 0.00265 4.014 normal 0.9869231430000491 0.9789442005339821 28.58864162590984
0.304 0.022 0.6716666666666666 7.42e-05 0.00285 4.014 normal 0.9906802213723876 0.9799155495955008 28.433351966665363
0.304 0.022 0.6883333333333332 7.42e-05 0.0021 4.014 normal 0.9722911291344707 0.9690524932657162 62.6575320440995
0.304 0.022 0.6883333333333332 7.42e-05 0.00205 4.014 normal 0.9709674378580023 0.9687009345548908 65.40589923874029
0.304 0.022 0.6883333333333332 7.42e-05 0.002 4.014 normal 0.9703166657440657 0.9682821827715431 68.2405297337976
0.304 0.022 0.6883333333333332 7.42e-05 0.0022 4.014 normal 0.9745702814024264 0.969580662373953 57.175367353063024
0.304 0.022 0.6883333333333332 7.42e-05 0.00215 4.014 normal 0.9730327902241966 0.969330011475923 60.12083695574187
0.304 0.022 0.6716666666666666 7.42e-05 0.003 4.014 normal 0.9940301388949483 0.9809671832868008 30.145614166198108
0.304 0.022 0.6716666666666666 7.42e-05 0.00295 4.014 normal 0.9929941758386215 0.9806648669012387 30.161500926291826
0.304 0.022 0.6716666666666666 7.42e-05 0.0029000000000000002 4.014 normal 0.9919420248011981 0.9803041324083002 29.532206083405335
0.304 0.022 0.6883333333333332 7.42e-05 0.00245 4.014 normal 0.979150438223744 0.9717170275075319 47.88815261447845
0.304 0.022 0.6883333333333332 7.42e-05 0.00235 4.014 normal 0.9769141813252316 0.9709430870711534 51.20116788566234
0.304 0.022 0.6883333333333332 7.42e-05 0.0024000000000000002 4.014 normal 0.9780106595539116 0.9713419190023356 49.34119751713223
0.304 0.022 0.6883333333333332 7.42e-05 0.0022500000000000003 4.014 normal 0.9747052247141653 0.9700547407984622 55.68922013280837
0.304 0.022 0.6883333333333332 7.42e-05 0.0023 4.014 normal 0.9761300691213873 0.9705344438241729 52.90144638268441
0.304 0.022 0.6883333333333332 7.42e-05 0.0025 4.014 normal 0.9805272918321756 0.9717363240480138 46.302655950316904
0.304 0.022 0.6883333333333332 7.42e-05 0.00255 4.014 normal 0.9810223203961473 0.972301215396024 45.620564096747536
0.304 0.022 0.6883333333333332 7.42e-05 0.0026 4.014 normal 0.9822225250451122 0.9729811711363364 43.926476654345734
0.304 0.022 0.6883333333333332 7.42e-05 0.0027 4.014 normal 0.9837838440015241 0.9735609828755 44.200306265976515
0.304 0.022 0.6883333333333332 7.42e-05 0.00265 4.014 normal 0.9826789060980491 0.9734697458002025 43.73508790777091
0.304 0.022 0.6883333333333332 7.42e-05 0.003 4.014 normal 0.9895714892444636 0.9754045742115948 44.25532488558942
0.304 0.022 0.6883333333333332 7.42e-05 0.0029000000000000002 4.014 normal 0.987540766509532 0.9747745420652939 43.96755856830391
0.304 0.022 0.6883333333333332 7.42e-05 0.00285 4.014 normal 0.9863244235133272 0.9744007823824806 42.918122596071385
0.304 0.022 0.6883333333333332 7.42e-05 0.00275 4.014 normal 0.9844309540979274 0.9736944708800515 44.80479134139286
0.304 0.022 0.6883333333333332 7.42e-05 0.0028 4.014 normal 0.9855614169275329 0.9739048212526554 44.248219652355175
0.304 0.022 0.6883333333333332 7.42e-05 0.00295 4.014 normal 0.9885709559328189 0.9751177312685312 44.481647632044584
0.304 0.022 0.705 7.42e-05 0.002 4.014 normal 0.9659662921312194 0.962655758368707 89.83005796272916
0.304 0.022 0.705 7.42e-05 0.0022 4.014 normal 0.9701018474680795 0.9638783740213999 78.43227991633057
0.304 0.022 0.705 7.42e-05 0.00205 4.014 normal 0.9666026287855585 0.9630541805543408 86.88837142361638
0.304 0.022 0.705 7.42e-05 0.0021 4.014 normal 0.9678831020049101 0.9633867479599958 84.08735272322649
0.304 0.022 0.705 7.42e-05 0.00235 4.014 normal 0.9723764139151115 0.9651794491497693 72.2489619641232
0.304 0.022 0.705 7.42e-05 0.0022500000000000003 4.014 normal 0.9702281933425724 0.964336196791784 76.95519851703085
0.304 0.022 0.705 7.42e-05 0.00215 4.014 normal 0.96860965210853 0.9636484399512083 81.56761314732768
0.304 0.022 0.705 7.42e-05 0.0023 4.014 normal 0.9716147100442244 0.9647909058961014 73.97932655291379
0.304 0.022 0.705 7.42e-05 0.00245 4.014 normal 0.9745407770425322 0.9659146872132441 68.71898384206676
0.304 0.022 0.705 7.42e-05 0.0024000000000000002 4.014 normal 0.9734397169423642 0.9655570502670545 70.2546254465848
0.304 0.022 0.705 7.42e-05 0.0025 4.014 normal 0.9756681632456835 0.9662195198759616 67.04741198287361
0.304 0.022 0.705 7.42e-05 0.00255 4.014 normal 0.9761431543997039 0.9667614617005567 66.18310443630423
0.304 0.022 0.705 7.42e-05 0.00265 4.014 normal 0.9779708381965021 0.967548003738285 63.80913569892135
0.304 0.022 0.705 7.42e-05 0.00275 4.014 normal 0.9796587094074521 0.9677618115363616 64.79850862784201
0.304 0.022 0.705 7.42e-05 0.0027 4.014 normal 0.9790380689545088 0.9676346239005108 64.24404326649513
0.304 0.022 0.705 7.42e-05 0.0026 4.014 normal 0.9775339682263522 0.9670780843559842 64.13245229069112
0.304 0.022 0.705 7.42e-05 0.0029000000000000002 4.014 normal 0.9826642649660474 0.9687917835997496 63.35892153799092
0.304 0.022 0.705 7.42e-05 0.0028 4.014 normal 0.9807508195863331 0.9679612045996336 64.0029900668872
0.304 0.022 0.705 7.42e-05 0.00295 4.014 normal 0.9836606978440873 0.9691167589571701 63.758644296635005
0.304 0.022 0.705 7.42e-05 0.00285 4.014 normal 0.9814923854581148 0.9684354581805269 62.353255495345984
0.304 0.022 0.705 7.42e-05 0.003 4.014 normal 0.984631153488817 0.9693864615735895 63.33761139680968
