Sin2Theta12 Sin2Theta13 Sin2Theta23 Dm221 Dm231 dCP Ordering X2 
0.304 0.022 0.305 7.42e-05 0.0021 4.014 normal 282.88193480136795
0.304 0.022 0.305 7.42e-05 0.0022500000000000003 4.014 normal 208.12902859686832
0.304 0.022 0.305 7.42e-05 0.002 4.014 normal 348.4387410410616
0.304 0.022 0.305 7.42e-05 0.00205 4.014 normal 315.13721607896406
0.304 0.022 0.305 7.42e-05 0.0022 4.014 normal 227.26946799127109
0.304 0.022 0.305 7.42e-05 0.0023 4.014 normal 193.82725746625772
0.304 0.022 0.305 7.42e-05 0.00235 4.014 normal 180.52529909018443
0.304 0.022 0.305 7.42e-05 0.00215 4.014 normal 252.1953967152022
0.304 0.022 0.305 7.42e-05 0.0024000000000000002 4.014 normal 166.6599025151613
0.304 0.022 0.305 7.42e-05 0.0026 4.014 normal 149.08347903565334
0.304 0.022 0.305 7.42e-05 0.0025 4.014 normal 145.02737266747846
0.304 0.022 0.305 7.42e-05 0.00255 4.014 normal 143.3811043765093
0.304 0.022 0.305 7.42e-05 0.00245 4.014 normal 153.7397088938046
0.304 0.022 0.305 7.42e-05 0.00275 4.014 normal 185.7281684864483
0.304 0.022 0.305 7.42e-05 0.00265 4.014 normal 160.1979116057121
0.304 0.022 0.305 7.42e-05 0.0027 4.014 normal 173.28042321993127
0.304 0.022 0.305 7.42e-05 0.00285 4.014 normal 209.93818067893932
0.304 0.022 0.305 7.42e-05 0.00295 4.014 normal 240.54858020842224
0.304 0.022 0.305 7.42e-05 0.0028 4.014 normal 197.7113129943471
0.304 0.022 0.305 7.42e-05 0.003 4.014 normal 258.8849906226864
0.304 0.022 0.32166666666666666 7.42e-05 0.00205 4.014 normal 265.5642160740052
0.304 0.022 0.32166666666666666 7.42e-05 0.0021 4.014 normal 232.54145996378696
0.304 0.022 0.32166666666666666 7.42e-05 0.002 4.014 normal 300.19413318651914
0.304 0.022 0.305 7.42e-05 0.0029000000000000002 4.014 normal 224.2761944866834
0.304 0.022 0.32166666666666666 7.42e-05 0.00215 4.014 normal 202.4060159585581
0.304 0.022 0.32166666666666666 7.42e-05 0.0022 4.014 normal 177.56228207302647
0.304 0.022 0.32166666666666666 7.42e-05 0.00235 4.014 normal 127.93973616645394
0.304 0.022 0.32166666666666666 7.42e-05 0.0024000000000000002 4.014 normal 113.54234103682592
0.304 0.022 0.32166666666666666 7.42e-05 0.0023 4.014 normal 142.31189408087542
0.304 0.022 0.32166666666666666 7.42e-05 0.0025 4.014 normal 93.03756973460972
0.304 0.022 0.32166666666666666 7.42e-05 0.0022500000000000003 4.014 normal 157.98760722682118
0.304 0.022 0.32166666666666666 7.42e-05 0.00245 4.014 normal 101.023363547207
0.304 0.022 0.32166666666666666 7.42e-05 0.00255 4.014 normal 92.17620551485928
0.304 0.022 0.32166666666666666 7.42e-05 0.00275 4.014 normal 136.28035154393658
0.304 0.022 0.32166666666666666 7.42e-05 0.0029000000000000002 4.014 normal 177.4627805730344
0.304 0.022 0.32166666666666666 7.42e-05 0.0026 4.014 normal 98.39896405005307
0.304 0.022 0.32166666666666666 7.42e-05 0.0027 4.014 normal 122.98584018790102
0.304 0.022 0.32166666666666666 7.42e-05 0.00285 4.014 normal 162.44590210035173
0.304 0.022 0.32166666666666666 7.42e-05 0.00265 4.014 normal 109.7093306732897
0.304 0.022 0.32166666666666666 7.42e-05 0.0028 4.014 normal 149.10158385906274
0.304 0.022 0.3383333333333333 7.42e-05 0.00205 4.014 normal 230.40413336070708
0.304 0.022 0.3383333333333333 7.42e-05 0.0022500000000000003 4.014 normal 122.70344148794445
0.304 0.022 0.32166666666666666 7.42e-05 0.003 4.014 normal 213.1198797028167
0.304 0.022 0.3383333333333333 7.42e-05 0.002 4.014 normal 266.27962552617595
0.304 0.022 0.3383333333333333 7.42e-05 0.0022 4.014 normal 142.7051734225428
0.304 0.022 0.3383333333333333 7.42e-05 0.00215 4.014 normal 167.1499263166445
0.304 0.022 0.32166666666666666 7.42e-05 0.00295 4.014 normal 194.42934413771252
0.304 0.022 0.3383333333333333 7.42e-05 0.0021 4.014 normal 197.2768972591886
0.304 0.022 0.3383333333333333 7.42e-05 0.0023 4.014 normal 105.92741945882925
0.304 0.022 0.3383333333333333 7.42e-05 0.00255 4.014 normal 56.25949725373311
0.304 0.022 0.3383333333333333 7.42e-05 0.0024000000000000002 4.014 normal 75.77037512256022
0.304 0.022 0.3383333333333333 7.42e-05 0.0026 4.014 normal 63.00399762357091
0.304 0.022 0.3383333333333333 7.42e-05 0.00235 4.014 normal 90.6104493240997
0.304 0.022 0.3383333333333333 7.42e-05 0.00245 4.014 normal 63.444228799218514
0.304 0.022 0.3383333333333333 7.42e-05 0.0025 4.014 normal 56.30701939697064
0.304 0.022 0.3383333333333333 7.42e-05 0.00265 4.014 normal 74.50978256684243
0.304 0.022 0.3383333333333333 7.42e-05 0.0027 4.014 normal 87.99774308629512
0.304 0.022 0.3383333333333333 7.42e-05 0.00275 4.014 normal 102.06425844549968
0.304 0.022 0.3383333333333333 7.42e-05 0.00285 4.014 normal 130.0840595678726
0.304 0.022 0.3383333333333333 7.42e-05 0.003 4.014 normal 182.50009234525436
0.304 0.022 0.3383333333333333 7.42e-05 0.0028 4.014 normal 115.80698090547935
0.304 0.022 0.355 7.42e-05 0.002 4.014 normal 243.96223765834176
0.304 0.022 0.3383333333333333 7.42e-05 0.00295 4.014 normal 163.43635859481705
0.304 0.022 0.3383333333333333 7.42e-05 0.0029000000000000002 4.014 normal 145.99676635005366
0.304 0.022 0.355 7.42e-05 0.0021 4.014 normal 173.2804032883115
0.304 0.022 0.355 7.42e-05 0.00205 4.014 normal 206.9955489878971
0.304 0.022 0.355 7.42e-05 0.0022500000000000003 4.014 normal 99.33039363273967
0.304 0.022 0.355 7.42e-05 0.00215 4.014 normal 143.72687681275465
0.304 0.022 0.355 7.42e-05 0.0024000000000000002 4.014 normal 50.1744439297421
0.304 0.022 0.355 7.42e-05 0.0023 4.014 normal 81.5228717396453
0.304 0.022 0.355 7.42e-05 0.00235 4.014 normal 65.42506531282274
0.304 0.022 0.355 7.42e-05 0.0022 4.014 normal 119.75853979765559
0.304 0.022 0.355 7.42e-05 0.00255 4.014 normal 32.58507833246243
0.304 0.022 0.355 7.42e-05 0.00245 4.014 normal 38.12111461767326
0.304 0.022 0.355 7.42e-05 0.00275 4.014 normal 80.07366411005532
0.304 0.022 0.355 7.42e-05 0.0025 4.014 normal 31.841253999296445
0.304 0.022 0.355 7.42e-05 0.0028 4.014 normal 94.72620847351
0.304 0.022 0.355 7.42e-05 0.0026 4.014 normal 39.782827729304465
0.304 0.022 0.355 7.42e-05 0.00265 4.014 normal 51.46129614247792
0.304 0.022 0.355 7.42e-05 0.0027 4.014 normal 65.30503105884931
0.304 0.022 0.355 7.42e-05 0.00285 4.014 normal 109.90882776511282
0.304 0.022 0.37166666666666665 7.42e-05 0.002 4.014 normal 230.53180689856123
0.304 0.022 0.355 7.42e-05 0.0029000000000000002 4.014 normal 126.53179777960256
0.304 0.022 0.37166666666666665 7.42e-05 0.00205 4.014 normal 192.67682164016935
0.304 0.022 0.37166666666666665 7.42e-05 0.00215 4.014 normal 129.53187014641938
0.304 0.022 0.37166666666666665 7.42e-05 0.0021 4.014 normal 158.62521827380138
0.304 0.022 0.355 7.42e-05 0.00295 4.014 normal 144.59857463455953
0.304 0.022 0.355 7.42e-05 0.003 4.014 normal 163.86870812085166
0.304 0.022 0.37166666666666665 7.42e-05 0.00235 4.014 normal 49.744689933552124
0.304 0.022 0.37166666666666665 7.42e-05 0.0022 4.014 normal 105.84802528164674
0.304 0.022 0.37166666666666665 7.42e-05 0.00255 4.014 normal 18.376530277639368
0.304 0.022 0.37166666666666665 7.42e-05 0.0023 4.014 normal 66.56749039345902
0.304 0.022 0.37166666666666665 7.42e-05 0.00245 4.014 normal 22.324136721326745
0.304 0.022 0.37166666666666665 7.42e-05 0.0025 4.014 normal 16.87555843211869
0.304 0.022 0.37166666666666665 7.42e-05 0.0022500000000000003 4.014 normal 85.18506758688862
0.304 0.022 0.37166666666666665 7.42e-05 0.0024000000000000002 4.014 normal 34.1399474933719
0.304 0.022 0.37166666666666665 7.42e-05 0.00265 4.014 normal 37.9288679011508
0.304 0.022 0.37166666666666665 7.42e-05 0.0026 4.014 normal 26.028494471174188
0.304 0.022 0.37166666666666665 7.42e-05 0.0027 4.014 normal 52.04087557612904
0.304 0.022 0.37166666666666665 7.42e-05 0.0029000000000000002 4.014 normal 116.2759560556872
0.304 0.022 0.37166666666666665 7.42e-05 0.00285 4.014 normal 99.01293354477515
0.304 0.022 0.37166666666666665 7.42e-05 0.00295 4.014 normal 134.95857698880855
0.304 0.022 0.37166666666666665 7.42e-05 0.0028 4.014 normal 82.94585648627496
0.304 0.022 0.37166666666666665 7.42e-05 0.00275 4.014 normal 67.44737888894333
0.304 0.022 0.3883333333333333 7.42e-05 0.002 4.014 normal 223.64438338916605
0.304 0.022 0.3883333333333333 7.42e-05 0.0022500000000000003 4.014 normal 77.8028664017335
0.304 0.022 0.37166666666666665 7.42e-05 0.003 4.014 normal 154.43239519160974
0.304 0.022 0.3883333333333333 7.42e-05 0.00205 4.014 normal 185.03118271369226
0.304 0.022 0.3883333333333333 7.42e-05 0.0022 4.014 normal 98.64004969589583
0.304 0.022 0.3883333333333333 7.42e-05 0.00215 4.014 normal 122.06870629201966
0.304 0.022 0.3883333333333333 7.42e-05 0.0023 4.014 normal 58.462863520427646
0.304 0.022 0.3883333333333333 7.42e-05 0.0021 4.014 normal 150.56595922431572
0.304 0.022 0.3883333333333333 7.42e-05 0.00245 4.014 normal 13.610331244945588
0.304 0.022 0.3883333333333333 7.42e-05 0.00265 4.014 normal 31.34463492779882
0.304 0.022 0.3883333333333333 7.42e-05 0.00235 4.014 normal 40.9925125012279
0.304 0.022 0.3883333333333333 7.42e-05 0.0024000000000000002 4.014 normal 25.15228935965489
0.304 0.022 0.3883333333333333 7.42e-05 0.00255 4.014 normal 11.148946540430462
0.304 0.022 0.3883333333333333 7.42e-05 0.0027 4.014 normal 45.69645716506131
0.304 0.022 0.3883333333333333 7.42e-05 0.0025 4.014 normal 8.98311893874817
0.304 0.022 0.3883333333333333 7.42e-05 0.0026 4.014 normal 19.238664744971057
0.304 0.022 0.3883333333333333 7.42e-05 0.00285 4.014 normal 94.81620235150999
0.304 0.022 0.3883333333333333 7.42e-05 0.0028 4.014 normal 77.95521025832484
0.304 0.022 0.3883333333333333 7.42e-05 0.00295 4.014 normal 131.89945465347816
0.304 0.022 0.3883333333333333 7.42e-05 0.00275 4.014 normal 61.66640795341873
0.304 0.022 0.405 7.42e-05 0.002 4.014 normal 221.21119826544492
0.304 0.022 0.3883333333333333 7.42e-05 0.003 4.014 normal 151.85265131913636
0.304 0.022 0.405 7.42e-05 0.00205 4.014 normal 181.94026940160776
0.304 0.022 0.3883333333333333 7.42e-05 0.0029000000000000002 4.014 normal 112.81660560156224
0.304 0.022 0.405 7.42e-05 0.0022 4.014 normal 96.07143243802514
0.304 0.022 0.405 7.42e-05 0.0021 4.014 normal 147.33384443510198
0.304 0.022 0.405 7.42e-05 0.0024000000000000002 4.014 normal 21.14226635745819
0.304 0.022 0.405 7.42e-05 0.00235 4.014 normal 37.223985297270595
0.304 0.022 0.405 7.42e-05 0.00215 4.014 normal 119.21118993379064
0.304 0.022 0.405 7.42e-05 0.0022500000000000003 4.014 normal 75.07302348221413
0.304 0.022 0.405 7.42e-05 0.00245 4.014 normal 9.863563755052134
0.304 0.022 0.405 7.42e-05 0.0023 4.014 normal 55.19749691119778
0.304 0.022 0.405 7.42e-05 0.0025 4.014 normal 5.935662200064054
0.304 0.022 0.405 7.42e-05 0.00255 4.014 normal 8.80331570647623
0.304 0.022 0.405 7.42e-05 0.0026 4.014 normal 17.249452088302345
0.304 0.022 0.405 7.42e-05 0.0027 4.014 normal 44.11267897976063
0.304 0.022 0.405 7.42e-05 0.00275 4.014 normal 60.545907899944986
0.304 0.022 0.405 7.42e-05 0.0028 4.014 normal 77.55777832565379
0.304 0.022 0.405 7.42e-05 0.00265 4.014 normal 29.51879101923342
0.304 0.022 0.405 7.42e-05 0.00285 4.014 normal 95.105663047105
0.304 0.022 0.405 7.42e-05 0.0029000000000000002 4.014 normal 113.73354682545472
0.304 0.022 0.42166666666666663 7.42e-05 0.002 4.014 normal 221.55855859822077
0.304 0.022 0.42166666666666663 7.42e-05 0.00205 4.014 normal 181.69317280108498
0.304 0.022 0.42166666666666663 7.42e-05 0.0022 4.014 normal 96.34630412878384
0.304 0.022 0.405 7.42e-05 0.00295 4.014 normal 133.16839757351866
0.304 0.022 0.405 7.42e-05 0.003 4.014 normal 153.77088448027766
0.304 0.022 0.42166666666666663 7.42e-05 0.00215 4.014 normal 119.20847327880018
0.304 0.022 0.42166666666666663 7.42e-05 0.0021 4.014 normal 146.99179831166472
0.304 0.022 0.42166666666666663 7.42e-05 0.0023 4.014 normal 54.909487673317805
0.304 0.022 0.42166666666666663 7.42e-05 0.0022500000000000003 4.014 normal 75.21278117508187
0.304 0.022 0.42166666666666663 7.42e-05 0.0025 4.014 normal 5.889307827507489
0.304 0.022 0.42166666666666663 7.42e-05 0.00235 4.014 normal 36.533515375591165
0.304 0.022 0.42166666666666663 7.42e-05 0.00255 4.014 normal 9.34995815875111
0.304 0.022 0.42166666666666663 7.42e-05 0.00245 4.014 normal 9.224769133215284
0.304 0.022 0.42166666666666663 7.42e-05 0.0024000000000000002 4.014 normal 20.25229640373726
0.304 0.022 0.42166666666666663 7.42e-05 0.0026 4.014 normal 18.16934631290995
0.304 0.022 0.42166666666666663 7.42e-05 0.00275 4.014 normal 62.179845597237495
0.304 0.022 0.42166666666666663 7.42e-05 0.003 4.014 normal 157.70589993616107
0.304 0.022 0.42166666666666663 7.42e-05 0.00265 4.014 normal 30.571315606026335
0.304 0.022 0.42166666666666663 7.42e-05 0.00285 4.014 normal 97.97285144675388
0.304 0.022 0.42166666666666663 7.42e-05 0.0027 4.014 normal 45.36375650016794
0.304 0.022 0.42166666666666663 7.42e-05 0.0028 4.014 normal 79.85087544117064
0.304 0.022 0.42166666666666663 7.42e-05 0.00295 4.014 normal 136.83226443351217
0.304 0.022 0.42166666666666663 7.42e-05 0.0029000000000000002 4.014 normal 117.10088290411977
0.304 0.022 0.43833333333333335 7.42e-05 0.00205 4.014 normal 182.85464649096022
0.304 0.022 0.43833333333333335 7.42e-05 0.00215 4.014 normal 120.58279479906199
0.304 0.022 0.43833333333333335 7.42e-05 0.0023 4.014 normal 56.104343692862166
0.304 0.022 0.43833333333333335 7.42e-05 0.00235 4.014 normal 37.42205086477488
0.304 0.022 0.43833333333333335 7.42e-05 0.002 4.014 normal 223.1590526890781
0.304 0.022 0.43833333333333335 7.42e-05 0.0021 4.014 normal 148.08306022915406
0.304 0.022 0.43833333333333335 7.42e-05 0.0022500000000000003 4.014 normal 76.74481377046182
0.304 0.022 0.43833333333333335 7.42e-05 0.0022 4.014 normal 97.98828526579163
0.304 0.022 0.43833333333333335 7.42e-05 0.0024000000000000002 4.014 normal 21.007186990353976
0.304 0.022 0.43833333333333335 7.42e-05 0.0026 4.014 normal 20.429253249362866
0.304 0.022 0.43833333333333335 7.42e-05 0.00245 4.014 normal 10.204853765619077
0.304 0.022 0.43833333333333335 7.42e-05 0.00275 4.014 normal 65.05535349267588
0.304 0.022 0.43833333333333335 7.42e-05 0.0025 4.014 normal 7.342153996445396
0.304 0.022 0.43833333333333335 7.42e-05 0.00255 4.014 normal 11.322400570554313
0.304 0.022 0.43833333333333335 7.42e-05 0.0027 4.014 normal 47.90356440258334
0.304 0.022 0.43833333333333335 7.42e-05 0.00265 4.014 normal 32.95289444138738
0.304 0.022 0.43833333333333335 7.42e-05 0.00285 4.014 normal 101.80861665556907
0.304 0.022 0.43833333333333335 7.42e-05 0.0029000000000000002 4.014 normal 121.3348845766864
0.304 0.022 0.43833333333333335 7.42e-05 0.003 4.014 normal 162.4749406135315
0.304 0.022 0.43833333333333335 7.42e-05 0.0028 4.014 normal 83.21175759698382
0.304 0.022 0.45499999999999996 7.42e-05 0.00205 4.014 normal 184.29308613333666
0.304 0.022 0.45499999999999996 7.42e-05 0.0021 4.014 normal 149.47558059221703
0.304 0.022 0.45499999999999996 7.42e-05 0.002 4.014 normal 224.93077162298172
0.304 0.022 0.43833333333333335 7.42e-05 0.00295 4.014 normal 141.34526169424828
0.304 0.022 0.45499999999999996 7.42e-05 0.00215 4.014 normal 122.2071412350672
0.304 0.022 0.45499999999999996 7.42e-05 0.0022 4.014 normal 99.82329837521297
0.304 0.022 0.45499999999999996 7.42e-05 0.0024000000000000002 4.014 normal 22.195497963260284
0.304 0.022 0.45499999999999996 7.42e-05 0.0022500000000000003 4.014 normal 78.48298874923438
0.304 0.022 0.45499999999999996 7.42e-05 0.00235 4.014 normal 38.723468995133516
0.304 0.022 0.45499999999999996 7.42e-05 0.00245 4.014 normal 11.62599177398846
0.304 0.022 0.45499999999999996 7.42e-05 0.0023 4.014 normal 57.61011915007116
0.304 0.022 0.45499999999999996 7.42e-05 0.0025 4.014 normal 9.101843478678417
0.304 0.022 0.45499999999999996 7.42e-05 0.0026 4.014 normal 22.80068517245947
0.304 0.022 0.45499999999999996 7.42e-05 0.0028 4.014 normal 86.42930335476305
0.304 0.022 0.45499999999999996 7.42e-05 0.00255 4.014 normal 13.444508164342736
0.304 0.022 0.45499999999999996 7.42e-05 0.00265 4.014 normal 35.42263188068094
0.304 0.022 0.45499999999999996 7.42e-05 0.0029000000000000002 4.014 normal 125.17908362971575
0.304 0.022 0.45499999999999996 7.42e-05 0.00275 4.014 normal 67.87776186758681
0.304 0.022 0.45499999999999996 7.42e-05 0.00285 4.014 normal 105.36550572814468
0.304 0.022 0.45499999999999996 7.42e-05 0.0027 4.014 normal 50.509095336641735
0.304 0.022 0.4716666666666667 7.42e-05 0.00205 4.014 normal 185.20768166220554
0.304 0.022 0.45499999999999996 7.42e-05 0.003 4.014 normal 166.79076819390167
0.304 0.022 0.4716666666666667 7.42e-05 0.0021 4.014 normal 150.36633538939634
0.304 0.022 0.4716666666666667 7.42e-05 0.0022500000000000003 4.014 normal 79.5883036281821
0.304 0.022 0.4716666666666667 7.42e-05 0.0022 4.014 normal 100.97839376817437
0.304 0.022 0.4716666666666667 7.42e-05 0.002 4.014 normal 226.08290534572058
0.304 0.022 0.45499999999999996 7.42e-05 0.00295 4.014 normal 145.4090120615713
0.304 0.022 0.4716666666666667 7.42e-05 0.00215 4.014 normal 123.21172977236218
0.304 0.022 0.4716666666666667 7.42e-05 0.0023 4.014 normal 58.57708890693764
0.304 0.022 0.4716666666666667 7.42e-05 0.00235 4.014 normal 39.576731796229524
0.304 0.022 0.4716666666666667 7.42e-05 0.0025 4.014 normal 10.29711273255945
0.304 0.022 0.4716666666666667 7.42e-05 0.00245 4.014 normal 12.56798348899417
0.304 0.022 0.4716666666666667 7.42e-05 0.00265 4.014 normal 37.07925156439515
0.304 0.022 0.4716666666666667 7.42e-05 0.00255 4.014 normal 14.880935615272659
0.304 0.022 0.4716666666666667 7.42e-05 0.0026 4.014 normal 24.39994753232967
0.304 0.022 0.4716666666666667 7.42e-05 0.0024000000000000002 4.014 normal 23.014152882082808
0.304 0.022 0.4716666666666667 7.42e-05 0.0027 4.014 normal 52.24013634370157
0.304 0.022 0.4716666666666667 7.42e-05 0.00285 4.014 normal 107.74337268365292
0.304 0.022 0.4716666666666667 7.42e-05 0.00295 4.014 normal 148.10472423249567
0.304 0.022 0.4716666666666667 7.42e-05 0.0028 4.014 normal 88.51875203163313
0.304 0.022 0.4883333333333333 7.42e-05 0.002 4.014 normal 226.15137415740372
0.304 0.022 0.4716666666666667 7.42e-05 0.0029000000000000002 4.014 normal 127.7273850322536
0.304 0.022 0.4716666666666667 7.42e-05 0.00275 4.014 normal 69.76909976277312
0.304 0.022 0.4716666666666667 7.42e-05 0.003 4.014 normal 169.71978902377091
0.304 0.022 0.4883333333333333 7.42e-05 0.0021 4.014 normal 150.29603801444335
0.304 0.022 0.4883333333333333 7.42e-05 0.0024000000000000002 4.014 normal 22.931345399125817
0.304 0.022 0.4883333333333333 7.42e-05 0.00205 4.014 normal 185.16472326041406
0.304 0.022 0.4883333333333333 7.42e-05 0.0022 4.014 normal 100.9616511552362
0.304 0.022 0.4883333333333333 7.42e-05 0.00215 4.014 normal 123.15926211576458
0.304 0.022 0.4883333333333333 7.42e-05 0.00235 4.014 normal 39.47880926746585
0.304 0.022 0.4883333333333333 7.42e-05 0.0023 4.014 normal 58.50783894241021
0.304 0.022 0.4883333333333333 7.42e-05 0.0022500000000000003 4.014 normal 79.57439281252253
0.304 0.022 0.4883333333333333 7.42e-05 0.0025 4.014 normal 10.400823821847005
0.304 0.022 0.4883333333333333 7.42e-05 0.00255 4.014 normal 15.093331664793578
0.304 0.022 0.4883333333333333 7.42e-05 0.00265 4.014 normal 37.38873758729939
0.304 0.022 0.4883333333333333 7.42e-05 0.00245 4.014 normal 12.532825633218133
0.304 0.022 0.4883333333333333 7.42e-05 0.0028 4.014 normal 89.00357603422924
0.304 0.022 0.4883333333333333 7.42e-05 0.00275 4.014 normal 70.15670182390355
0.304 0.022 0.4883333333333333 7.42e-05 0.0026 4.014 normal 24.681304600310682
0.304 0.022 0.4883333333333333 7.42e-05 0.0027 4.014 normal 52.58399171668123
0.304 0.022 0.4883333333333333 7.42e-05 0.00295 4.014 normal 148.92032869652155
0.304 0.022 0.505 7.42e-05 0.00205 4.014 normal 183.98389426678588
0.304 0.022 0.4883333333333333 7.42e-05 0.0029000000000000002 4.014 normal 128.4200444646729
0.304 0.022 0.505 7.42e-05 0.00215 4.014 normal 121.83603165040662
0.304 0.022 0.505 7.42e-05 0.0021 4.014 normal 149.0778205215814
0.304 0.022 0.4883333333333333 7.42e-05 0.003 4.014 normal 170.64436367412864
0.304 0.022 0.4883333333333333 7.42e-05 0.00285 4.014 normal 108.33682401528652
0.304 0.022 0.505 7.42e-05 0.002 4.014 normal 225.00926109884685
0.304 0.022 0.505 7.42e-05 0.00235 4.014 normal 38.26293488650407
0.304 0.022 0.505 7.42e-05 0.00255 4.014 normal 13.894694917847907
0.304 0.022 0.505 7.42e-05 0.0023 4.014 normal 57.2377207790142
0.304 0.022 0.505 7.42e-05 0.0022500000000000003 4.014 normal 78.28555463184797
0.304 0.022 0.505 7.42e-05 0.0024000000000000002 4.014 normal 21.761559180618367
0.304 0.022 0.505 7.42e-05 0.0025 4.014 normal 9.10773008681028
0.304 0.022 0.505 7.42e-05 0.0022 4.014 normal 99.61380196555986
0.304 0.022 0.505 7.42e-05 0.00245 4.014 normal 11.356096257336262
0.304 0.022 0.505 7.42e-05 0.00275 4.014 normal 68.82706689909723
0.304 0.022 0.505 7.42e-05 0.0028 4.014 normal 87.6400830821635
0.304 0.022 0.505 7.42e-05 0.00265 4.014 normal 36.156520621225816
0.304 0.022 0.505 7.42e-05 0.0026 4.014 normal 23.453767492883575
0.304 0.022 0.505 7.42e-05 0.0029000000000000002 4.014 normal 127.0368879226613
0.304 0.022 0.505 7.42e-05 0.0027 4.014 normal 51.324705005533424
0.304 0.022 0.505 7.42e-05 0.00285 4.014 normal 106.9460422778011
0.304 0.022 0.505 7.42e-05 0.00295 4.014 normal 147.57634180174594
0.304 0.022 0.505 7.42e-05 0.003 4.014 normal 169.33964949743932
0.304 0.022 0.5216666666666667 7.42e-05 0.0022 4.014 normal 97.15092050300774
0.304 0.022 0.5216666666666667 7.42e-05 0.002 4.014 normal 222.8643329879574
0.304 0.022 0.5216666666666667 7.42e-05 0.00205 4.014 normal 181.9343913697501
0.304 0.022 0.5216666666666667 7.42e-05 0.0022500000000000003 4.014 normal 75.89346780400919
0.304 0.022 0.5216666666666667 7.42e-05 0.00215 4.014 normal 119.49459684979284
0.304 0.022 0.5216666666666667 7.42e-05 0.0021 4.014 normal 146.9143990456036
0.304 0.022 0.5216666666666667 7.42e-05 0.0023 4.014 normal 54.944607969325155
0.304 0.022 0.5216666666666667 7.42e-05 0.00245 4.014 normal 9.210989597944632
0.304 0.022 0.5216666666666667 7.42e-05 0.0024000000000000002 4.014 normal 19.6714314777138
0.304 0.022 0.5216666666666667 7.42e-05 0.00235 4.014 normal 36.10047818352004
0.304 0.022 0.5216666666666667 7.42e-05 0.0025 4.014 normal 6.821043583143081
0.304 0.022 0.5216666666666667 7.42e-05 0.0026 4.014 normal 20.869356875629105
0.304 0.022 0.5216666666666667 7.42e-05 0.00265 4.014 normal 33.52613382089943
0.304 0.022 0.5216666666666667 7.42e-05 0.0027 4.014 normal 48.6085893505572
0.304 0.022 0.5216666666666667 7.42e-05 0.00255 4.014 normal 11.431880678759848
0.304 0.022 0.5216666666666667 7.42e-05 0.0028 4.014 normal 84.606969418222
0.304 0.022 0.5383333333333333 7.42e-05 0.002 4.014 normal 220.26207992608863
0.304 0.022 0.5383333333333333 7.42e-05 0.00205 4.014 normal 179.48922422278952
0.304 0.022 0.5216666666666667 7.42e-05 0.00285 4.014 normal 103.71348629591942
0.304 0.022 0.5216666666666667 7.42e-05 0.00275 4.014 normal 65.94097981931951
0.304 0.022 0.5216666666666667 7.42e-05 0.0029000000000000002 4.014 normal 123.71765878356828
0.304 0.022 0.5216666666666667 7.42e-05 0.00295 4.014 normal 144.21764207995807
0.304 0.022 0.5216666666666667 7.42e-05 0.003 4.014 normal 165.94747867969687
0.304 0.022 0.5383333333333333 7.42e-05 0.0022 4.014 normal 94.1397318052026
0.304 0.022 0.5383333333333333 7.42e-05 0.0021 4.014 normal 144.35803815553683
0.304 0.022 0.5383333333333333 7.42e-05 0.0023 4.014 normal 52.13434052194929
0.304 0.022 0.5383333333333333 7.42e-05 0.00215 4.014 normal 116.65982063029821
0.304 0.022 0.5383333333333333 7.42e-05 0.0022500000000000003 4.014 normal 72.92666697538868
0.304 0.022 0.5383333333333333 7.42e-05 0.00245 4.014 normal 6.597606655936775
0.304 0.022 0.5383333333333333 7.42e-05 0.00235 4.014 normal 33.28564241839123
0.304 0.022 0.5383333333333333 7.42e-05 0.0024000000000000002 4.014 normal 17.178816666078
0.304 0.022 0.5383333333333333 7.42e-05 0.0025 4.014 normal 3.9177659901669895
0.304 0.022 0.5383333333333333 7.42e-05 0.00275 4.014 normal 61.99956616720646
0.304 0.022 0.5383333333333333 7.42e-05 0.00255 4.014 normal 8.206735509807455
0.304 0.022 0.5383333333333333 7.42e-05 0.0026 4.014 normal 17.430782981243816
0.304 0.022 0.5383333333333333 7.42e-05 0.0027 4.014 normal 44.938594978923405
0.304 0.022 0.5383333333333333 7.42e-05 0.0028 4.014 normal 80.32696943175627
0.304 0.022 0.5383333333333333 7.42e-05 0.00265 4.014 normal 29.97699342117218
0.304 0.022 0.5383333333333333 7.42e-05 0.00285 4.014 normal 99.1461830797118
0.304 0.022 0.5549999999999999 7.42e-05 0.002 4.014 normal 218.08250009340665
0.304 0.022 0.5383333333333333 7.42e-05 0.003 4.014 normal 160.9583759469097
0.304 0.022 0.5383333333333333 7.42e-05 0.00295 4.014 normal 139.3043005309592
0.304 0.022 0.5549999999999999 7.42e-05 0.0022 4.014 normal 91.39382054345272
0.304 0.022 0.5383333333333333 7.42e-05 0.0029000000000000002 4.014 normal 118.92635064592915
0.304 0.022 0.5549999999999999 7.42e-05 0.00215 4.014 normal 114.22081924219158
0.304 0.022 0.5549999999999999 7.42e-05 0.00205 4.014 normal 177.5382196147999
0.304 0.022 0.5549999999999999 7.42e-05 0.0021 4.014 normal 142.42865416907688
0.304 0.022 0.5549999999999999 7.42e-05 0.0022500000000000003 4.014 normal 70.26300167745377
0.304 0.022 0.5549999999999999 7.42e-05 0.00245 4.014 normal 4.360731579977717
0.304 0.022 0.5549999999999999 7.42e-05 0.0026 4.014 normal 13.991799458359726
0.304 0.022 0.5549999999999999 7.42e-05 0.0024000000000000002 4.014 normal 15.179851655065502
0.304 0.022 0.5549999999999999 7.42e-05 0.00235 4.014 normal 31.142273248398723
0.304 0.022 0.5549999999999999 7.42e-05 0.0023 4.014 normal 49.72098989655951
0.304 0.022 0.5549999999999999 7.42e-05 0.00255 4.014 normal 5.055536628442112
0.304 0.022 0.5549999999999999 7.42e-05 0.0025 4.014 normal 1.2462845312682007
0.304 0.022 0.5549999999999999 7.42e-05 0.00275 4.014 normal 57.85130903605721
0.304 0.022 0.5549999999999999 7.42e-05 0.00265 4.014 normal 26.11652471688704
0.304 0.022 0.5549999999999999 7.42e-05 0.0027 4.014 normal 41.17194585452779
0.304 0.022 0.5549999999999999 7.42e-05 0.00285 4.014 normal 94.06608939081735
0.304 0.022 0.5549999999999999 7.42e-05 0.0029000000000000002 4.014 normal 113.52189173249926
0.304 0.022 0.5549999999999999 7.42e-05 0.00295 4.014 normal 133.6860851398768
0.304 0.022 0.5549999999999999 7.42e-05 0.0028 4.014 normal 75.67622160109173
0.304 0.022 0.5549999999999999 7.42e-05 0.003 4.014 normal 155.1508236570001
0.304 0.022 0.5716666666666667 7.42e-05 0.002 4.014 normal 217.52277927855536
0.304 0.022 0.5716666666666667 7.42e-05 0.0022 4.014 normal 90.09366392973142
0.304 0.022 0.5716666666666667 7.42e-05 0.00215 4.014 normal 113.36422275743854
0.304 0.022 0.5716666666666667 7.42e-05 0.00235 4.014 normal 30.621720980758838
0.304 0.022 0.5716666666666667 7.42e-05 0.0021 4.014 normal 142.0562751011126
0.304 0.022 0.5716666666666667 7.42e-05 0.0022500000000000003 4.014 normal 69.08574298409411
0.304 0.022 0.5716666666666667 7.42e-05 0.00205 4.014 normal 177.23811966755224
0.304 0.022 0.5716666666666667 7.42e-05 0.0023 4.014 normal 48.8689331976381
0.304 0.022 0.5716666666666667 7.42e-05 0.00245 4.014 normal 3.683061974913709
0.304 0.022 0.5716666666666667 7.42e-05 0.0025 4.014 normal 0.0005859756813829952
0.304 0.022 0.5716666666666667 7.42e-05 0.00255 4.014 normal 3.2267687921497776
0.304 0.022 0.5716666666666667 7.42e-05 0.0027 4.014 normal 38.47258188313463
0.304 0.022 0.5716666666666667 7.42e-05 0.00275 4.014 normal 54.64405997694116
0.304 0.022 0.5716666666666667 7.42e-05 0.00265 4.014 normal 23.69451228331116
0.304 0.022 0.5716666666666667 7.42e-05 0.0024000000000000002 4.014 normal 14.819486389894386
0.304 0.022 0.5716666666666667 7.42e-05 0.0026 4.014 normal 11.756502309710383
0.304 0.022 0.5883333333333334 7.42e-05 0.0021 4.014 normal 144.68550761724322
0.304 0.022 0.5716666666666667 7.42e-05 0.0029000000000000002 4.014 normal 108.68127451521836
0.304 0.022 0.5716666666666667 7.42e-05 0.00295 4.014 normal 128.55590873441284
0.304 0.022 0.5883333333333334 7.42e-05 0.00205 4.014 normal 180.14429578078193
0.304 0.022 0.5716666666666667 7.42e-05 0.003 4.014 normal 149.8409683940229
0.304 0.022 0.5716666666666667 7.42e-05 0.0028 4.014 normal 71.85882786541298
0.304 0.022 0.5716666666666667 7.42e-05 0.00285 4.014 normal 89.63854730679881
0.304 0.022 0.5883333333333334 7.42e-05 0.002 4.014 normal 220.13114398969716
0.304 0.022 0.5883333333333334 7.42e-05 0.0022500000000000003 4.014 normal 70.96338278198152
0.304 0.022 0.5883333333333334 7.42e-05 0.00215 4.014 normal 115.6035602569953
0.304 0.022 0.5883333333333334 7.42e-05 0.00235 4.014 normal 33.26383482798663
0.304 0.022 0.5883333333333334 7.42e-05 0.0022 4.014 normal 91.84304536164805
0.304 0.022 0.5883333333333334 7.42e-05 0.0023 4.014 normal 51.06731300505706
0.304 0.022 0.5883333333333334 7.42e-05 0.00245 4.014 normal 6.1182414810154295
0.304 0.022 0.5883333333333334 7.42e-05 0.0024000000000000002 4.014 normal 17.631760007335362
0.304 0.022 0.5883333333333334 7.42e-05 0.0025 4.014 normal 1.695092443937095
0.304 0.022 0.5883333333333334 7.42e-05 0.00255 4.014 normal 4.209874285163433
0.304 0.022 0.5883333333333334 7.42e-05 0.00285 4.014 normal 87.48640926120581
0.304 0.022 0.5883333333333334 7.42e-05 0.0027 4.014 normal 38.29855078667885
0.304 0.022 0.5883333333333334 7.42e-05 0.0026 4.014 normal 12.243187323944912
0.304 0.022 0.5883333333333334 7.42e-05 0.00265 4.014 normal 23.934903959279065
0.304 0.022 0.5883333333333334 7.42e-05 0.0028 4.014 normal 70.39644589185689
0.304 0.022 0.5883333333333334 7.42e-05 0.0029000000000000002 4.014 normal 105.92489170305936
0.304 0.022 0.5883333333333334 7.42e-05 0.00275 4.014 normal 53.91703451140914
0.304 0.022 0.5883333333333334 7.42e-05 0.00295 4.014 normal 125.47027840381025
0.304 0.022 0.605 7.42e-05 0.0021 4.014 normal 152.5132611289204
0.304 0.022 0.605 7.42e-05 0.002 4.014 normal 227.79244874460093
0.304 0.022 0.5883333333333334 7.42e-05 0.003 4.014 normal 146.18149891876155
0.304 0.022 0.605 7.42e-05 0.0022500000000000003 4.014 normal 77.58735504500797
0.304 0.022 0.605 7.42e-05 0.00205 4.014 normal 188.1601669637457
0.304 0.022 0.605 7.42e-05 0.00215 4.014 normal 122.75416983246436
0.304 0.022 0.605 7.42e-05 0.0022 4.014 normal 98.59571133558345
0.304 0.022 0.605 7.42e-05 0.0023 4.014 normal 58.18237342622168
0.304 0.022 0.605 7.42e-05 0.00235 4.014 normal 40.92457963765917
0.304 0.022 0.605 7.42e-05 0.0025 4.014 normal 8.20711052031377
0.304 0.022 0.605 7.42e-05 0.0024000000000000002 4.014 normal 25.43604518635261
0.304 0.022 0.605 7.42e-05 0.00245 4.014 normal 13.419985781860174
0.304 0.022 0.605 7.42e-05 0.0026 4.014 normal 17.322552910978146
0.304 0.022 0.605 7.42e-05 0.00255 4.014 normal 9.86580800123371
0.304 0.022 0.605 7.42e-05 0.00265 4.014 normal 28.84200266198317
0.304 0.022 0.605 7.42e-05 0.00275 4.014 normal 57.53834271245433
0.304 0.022 0.605 7.42e-05 0.0027 4.014 normal 42.625934916283526
0.304 0.022 0.605 7.42e-05 0.0028 4.014 normal 73.17074653740036
0.304 0.022 0.605 7.42e-05 0.0029000000000000002 4.014 normal 107.11013051068727
0.304 0.022 0.605 7.42e-05 0.00285 4.014 normal 89.40961777538585
0.304 0.022 0.605 7.42e-05 0.00295 4.014 normal 126.24489087847978
0.304 0.022 0.6216666666666666 7.42e-05 0.002 4.014 normal 242.7111161459989
0.304 0.022 0.605 7.42e-05 0.003 4.014 normal 146.6689007371828
0.304 0.022 0.6216666666666666 7.42e-05 0.00205 4.014 normal 203.29532749596527
0.304 0.022 0.6216666666666666 7.42e-05 0.0021 4.014 normal 167.5526010053284
0.304 0.022 0.6216666666666666 7.42e-05 0.0022500000000000003 4.014 normal 91.27257657654152
0.304 0.022 0.6216666666666666 7.42e-05 0.00215 4.014 normal 137.08211647757417
0.304 0.022 0.6216666666666666 7.42e-05 0.0024000000000000002 4.014 normal 40.31633952934661
0.304 0.022 0.6216666666666666 7.42e-05 0.0023 4.014 normal 72.34293713531643
0.304 0.022 0.6216666666666666 7.42e-05 0.00235 4.014 normal 55.55538121004998
0.304 0.022 0.6216666666666666 7.42e-05 0.0022 4.014 normal 112.27683458508501
0.304 0.022 0.6216666666666666 7.42e-05 0.00255 4.014 normal 22.292198235766875
0.304 0.022 0.6216666666666666 7.42e-05 0.00275 4.014 normal 67.69890031276094
0.304 0.022 0.6216666666666666 7.42e-05 0.0026 4.014 normal 29.205634867769522
0.304 0.022 0.6216666666666666 7.42e-05 0.0028 4.014 normal 82.32281650819311
0.304 0.022 0.6216666666666666 7.42e-05 0.00245 4.014 normal 27.743219028048156
0.304 0.022 0.6216666666666666 7.42e-05 0.0025 4.014 normal 21.6939548337173
0.304 0.022 0.6216666666666666 7.42e-05 0.00265 4.014 normal 40.29139774794728
0.304 0.022 0.6216666666666666 7.42e-05 0.0027 4.014 normal 53.612279822060984
0.304 0.022 0.6383333333333333 7.42e-05 0.00215 4.014 normal 160.99306678325016
0.304 0.022 0.6216666666666666 7.42e-05 0.00295 4.014 normal 132.96651752350093
0.304 0.022 0.6216666666666666 7.42e-05 0.003 4.014 normal 153.17692017851346
0.304 0.022 0.6383333333333333 7.42e-05 0.0021 4.014 normal 192.30095880217175
0.304 0.022 0.6216666666666666 7.42e-05 0.00285 4.014 normal 97.5767553632799
0.304 0.022 0.6216666666666666 7.42e-05 0.0029000000000000002 4.014 normal 114.47499710621761
0.304 0.022 0.6383333333333333 7.42e-05 0.002 4.014 normal 267.0952129532571
0.304 0.022 0.6383333333333333 7.42e-05 0.00205 4.014 normal 228.00670682741966
0.304 0.022 0.6383333333333333 7.42e-05 0.0022 4.014 normal 135.53107672271327
0.304 0.022 0.6383333333333333 7.42e-05 0.00235 4.014 normal 79.8340170144597
0.304 0.022 0.6383333333333333 7.42e-05 0.0022500000000000003 4.014 normal 114.58391440446752
0.304 0.022 0.6383333333333333 7.42e-05 0.0024000000000000002 4.014 normal 64.76607752235061
0.304 0.022 0.6383333333333333 7.42e-05 0.00245 4.014 normal 51.50954349084176
0.304 0.022 0.6383333333333333 7.42e-05 0.0023 4.014 normal 96.08041823568166
0.304 0.022 0.6383333333333333 7.42e-05 0.00255 4.014 normal 44.05804392117006
0.304 0.022 0.6383333333333333 7.42e-05 0.0025 4.014 normal 44.66012459505729
0.304 0.022 0.6383333333333333 7.42e-05 0.00275 4.014 normal 86.84453198086793
0.304 0.022 0.6383333333333333 7.42e-05 0.0029000000000000002 4.014 normal 130.51527166791658
0.304 0.022 0.6383333333333333 7.42e-05 0.0027 4.014 normal 73.6905531456183
0.304 0.022 0.6383333333333333 7.42e-05 0.0026 4.014 normal 50.408783911897736
0.304 0.022 0.6383333333333333 7.42e-05 0.00285 4.014 normal 114.49430895356905
0.304 0.022 0.6383333333333333 7.42e-05 0.00295 4.014 normal 148.40387419998666
0.304 0.022 0.6383333333333333 7.42e-05 0.00265 4.014 normal 60.9059611685142
0.304 0.022 0.6383333333333333 7.42e-05 0.0028 4.014 normal 100.36180998995017
0.304 0.022 0.655 7.42e-05 0.00205 4.014 normal 265.4829971950968
0.304 0.022 0.655 7.42e-05 0.002 4.014 normal 303.64390030532934
0.304 0.022 0.655 7.42e-05 0.00215 4.014 normal 196.8839753229827
0.304 0.022 0.655 7.42e-05 0.0022500000000000003 4.014 normal 150.13303748296298
0.304 0.022 0.655 7.42e-05 0.0023 4.014 normal 132.0977070765826
0.304 0.022 0.6383333333333333 7.42e-05 0.003 4.014 normal 168.17743883597564
0.304 0.022 0.655 7.42e-05 0.0021 4.014 normal 229.20613820833927
0.304 0.022 0.655 7.42e-05 0.0022 4.014 normal 171.09051305660648
0.304 0.022 0.655 7.42e-05 0.00235 4.014 normal 116.40979379495943
0.304 0.022 0.655 7.42e-05 0.0027 4.014 normal 105.5803884890416
0.304 0.022 0.655 7.42e-05 0.00255 4.014 normal 77.78686505985033
0.304 0.022 0.655 7.42e-05 0.00245 4.014 normal 87.52172178604357
0.304 0.022 0.655 7.42e-05 0.0025 4.014 normal 79.96148651270242
0.304 0.022 0.655 7.42e-05 0.0024000000000000002 4.014 normal 101.17107853715319
0.304 0.022 0.655 7.42e-05 0.00265 4.014 normal 93.43838405401513
0.304 0.022 0.655 7.42e-05 0.0026 4.014 normal 83.55764869843144
0.304 0.022 0.655 7.42e-05 0.0029000000000000002 4.014 normal 157.84872045022365
0.304 0.022 0.6716666666666666 7.42e-05 0.00205 4.014 normal 317.52878646768824
0.304 0.022 0.655 7.42e-05 0.00285 4.014 normal 143.0073898849194
0.304 0.022 0.655 7.42e-05 0.0028 4.014 normal 130.12483828582714
0.304 0.022 0.655 7.42e-05 0.00275 4.014 normal 117.7954958653985
0.304 0.022 0.655 7.42e-05 0.00295 4.014 normal 175.17975219271085
0.304 0.022 0.6716666666666666 7.42e-05 0.002 4.014 normal 355.370023161929
0.304 0.022 0.655 7.42e-05 0.003 4.014 normal 194.36910624139864
0.304 0.022 0.6716666666666666 7.42e-05 0.0021 4.014 normal 282.10460627689986
0.304 0.022 0.6716666666666666 7.42e-05 0.00215 4.014 normal 248.72702515708193
0.304 0.022 0.6716666666666666 7.42e-05 0.0023 4.014 normal 183.3577414318298
0.304 0.022 0.6716666666666666 7.42e-05 0.0022500000000000003 4.014 normal 200.96578600718726
0.304 0.022 0.6716666666666666 7.42e-05 0.0022 4.014 normal 221.87276591794335
0.304 0.022 0.6716666666666666 7.42e-05 0.00235 4.014 normal 168.24273437625277
0.304 0.022 0.6716666666666666 7.42e-05 0.0024000000000000002 4.014 normal 153.27540588080603
0.304 0.022 0.6716666666666666 7.42e-05 0.00245 4.014 normal 138.62043922363742
0.304 0.022 0.6716666666666666 7.42e-05 0.0025 4.014 normal 130.16261852299152
0.304 0.022 0.6716666666666666 7.42e-05 0.00255 4.014 normal 126.76021437693596
0.304 0.022 0.6716666666666666 7.42e-05 0.0027 4.014 normal 152.33132218273994
0.304 0.022 0.6716666666666666 7.42e-05 0.0026 4.014 normal 131.72114348699674
0.304 0.022 0.6716666666666666 7.42e-05 0.00265 4.014 normal 140.89929332429023
0.304 0.022 0.6716666666666666 7.42e-05 0.0028 4.014 normal 174.5432994663431
0.304 0.022 0.6716666666666666 7.42e-05 0.00285 4.014 normal 186.01872381411872
0.304 0.022 0.6716666666666666 7.42e-05 0.00275 4.014 normal 163.61281017495452
0.304 0.022 0.6716666666666666 7.42e-05 0.0029000000000000002 4.014 normal 199.81212303988403
0.304 0.022 0.6883333333333332 7.42e-05 0.00205 4.014 normal 389.2642716566168
0.304 0.022 0.6716666666666666 7.42e-05 0.003 4.014 normal 234.91837723774412
0.304 0.022 0.6716666666666666 7.42e-05 0.00295 4.014 normal 216.30020035209188
0.304 0.022 0.6883333333333332 7.42e-05 0.0022 4.014 normal 291.27275805704767
0.304 0.022 0.6883333333333332 7.42e-05 0.002 4.014 normal 425.60409573485293
0.304 0.022 0.6883333333333332 7.42e-05 0.00215 4.014 normal 318.6522444911383
0.304 0.022 0.6883333333333332 7.42e-05 0.0021 4.014 normal 353.43218100172294
0.304 0.022 0.6883333333333332 7.42e-05 0.0022500000000000003 4.014 normal 270.06813846059094
0.304 0.022 0.6883333333333332 7.42e-05 0.00235 4.014 normal 238.55992884294392
0.304 0.022 0.6883333333333332 7.42e-05 0.0026 4.014 normal 198.11023615343535
0.304 0.022 0.6883333333333332 7.42e-05 0.00245 4.014 normal 209.04387308154776
0.304 0.022 0.6883333333333332 7.42e-05 0.0024000000000000002 4.014 normal 223.70468960019977
0.304 0.022 0.6883333333333332 7.42e-05 0.0025 4.014 normal 198.763964202598
0.304 0.022 0.6883333333333332 7.42e-05 0.0023 4.014 normal 252.93699640038136
0.304 0.022 0.6883333333333332 7.42e-05 0.00255 4.014 normal 193.98314331484616
0.304 0.022 0.6883333333333332 7.42e-05 0.00285 4.014 normal 246.93673913430052
0.304 0.022 0.6883333333333332 7.42e-05 0.00275 4.014 normal 227.49730521949968
0.304 0.022 0.6883333333333332 7.42e-05 0.00265 4.014 normal 206.71415638038505
0.304 0.022 0.6883333333333332 7.42e-05 0.0027 4.014 normal 217.2940929074936
0.304 0.022 0.6883333333333332 7.42e-05 0.0029000000000000002 4.014 normal 259.5803479159099
0.304 0.022 0.6883333333333332 7.42e-05 0.0028 4.014 normal 236.95993835218113
0.304 0.022 0.6883333333333332 7.42e-05 0.003 4.014 normal 293.12180757911347
0.304 0.022 0.6883333333333332 7.42e-05 0.00295 4.014 normal 275.2354748257577
0.304 0.022 0.705 7.42e-05 0.00205 4.014 normal 482.2646314762028
0.304 0.022 0.705 7.42e-05 0.00215 4.014 normal 410.45583149604266
0.304 0.022 0.705 7.42e-05 0.00235 4.014 normal 330.8479641667706
0.304 0.022 0.705 7.42e-05 0.0022 4.014 normal 382.29613231006795
0.304 0.022 0.705 7.42e-05 0.0021 4.014 normal 445.3024785683167
0.304 0.022 0.705 7.42e-05 0.002 4.014 normal 517.7664567651167
0.304 0.022 0.705 7.42e-05 0.0023 4.014 normal 344.99837764698697
0.304 0.022 0.705 7.42e-05 0.0022500000000000003 4.014 normal 361.4835143032508
0.304 0.022 0.705 7.42e-05 0.00245 4.014 normal 300.9749884407666
0.304 0.022 0.705 7.42e-05 0.0024000000000000002 4.014 normal 316.2011602343706
0.304 0.022 0.705 7.42e-05 0.00275 4.014 normal 313.0246550654595
0.304 0.022 0.705 7.42e-05 0.0025 4.014 normal 289.40673581000163
0.304 0.022 0.705 7.42e-05 0.00265 4.014 normal 294.36601230410633
0.304 0.022 0.705 7.42e-05 0.00255 4.014 normal 283.0346831525225
0.304 0.022 0.705 7.42e-05 0.0026 4.014 normal 286.214715145334
0.304 0.022 0.705 7.42e-05 0.0027 4.014 normal 304.03107097884873
0.304 0.022 0.705 7.42e-05 0.0028 4.014 normal 320.9250687322989
0.304 0.022 0.705 7.42e-05 0.0029000000000000002 4.014 normal 340.79550748675774
0.304 0.022 0.705 7.42e-05 0.00295 4.014 normal 355.4614374343549
0.304 0.022 0.705 7.42e-05 0.00285 4.014 normal 329.4926344144636
0.304 0.022 0.705 7.42e-05 0.003 4.014 normal 372.96433900980594
