Sin2Theta12 Sin2Theta13 Sin2Theta23 Dm221 Dm231 dCP Ordering X2 
0.304 0.022 0.305 7.42e-05 0.0025 1.884 normal 135.0941580890153
0.304 0.022 0.305 7.42e-05 0.0025 0.0 normal 155.7877472063296
0.304 0.022 0.305 7.42e-05 0.0025 0.942 normal 151.20702032370752
0.304 0.022 0.305 7.42e-05 0.0025 1.884 inverted 131.272225188653
0.304 0.022 0.305 7.42e-05 0.0025 1.256 inverted 137.2907979650047
0.304 0.022 0.305 7.42e-05 0.0025 2.826 normal 126.21253062074243
0.304 0.022 0.305 7.42e-05 0.0025 0.628 inverted 142.89425074062027
0.304 0.022 0.305 7.42e-05 0.0025 0.942 inverted 140.4791917651877
0.304 0.022 0.305 7.42e-05 0.0025 2.198 normal 130.8414576716224
0.304 0.022 0.305 7.42e-05 0.0025 3.454 normal 125.79718209328615
0.304 0.022 0.305 7.42e-05 0.0025 2.512 normal 127.88678343825924
0.304 0.022 0.305 7.42e-05 0.0025 1.57 inverted 134.00845005030686
0.304 0.022 0.305 7.42e-05 0.0025 0.0 inverted 143.5542795293043
0.304 0.022 0.305 7.42e-05 0.0025 0.314 inverted 143.9981557869873
0.304 0.022 0.305 7.42e-05 0.0025 2.198 inverted 129.47498190044922
0.304 0.022 0.305 7.42e-05 0.0025 3.14 inverted 129.11986228823434
0.304 0.022 0.305 7.42e-05 0.0025 2.512 inverted 128.64678389737617
0.304 0.022 0.305 7.42e-05 0.0025 0.314 normal 156.60825108108511
0.304 0.022 0.305 7.42e-05 0.0025 1.57 normal 140.3570677787063
0.304 0.022 0.305 7.42e-05 0.0025 3.454 inverted 129.68929986411308
0.304 0.022 0.305 7.42e-05 0.0025 3.14 normal 125.61251382830825
0.304 0.022 0.305 7.42e-05 0.0025 0.628 normal 154.97879858887723
0.304 0.022 0.305 7.42e-05 0.0025 1.256 normal 146.02077276785428
0.304 0.022 0.305 7.42e-05 0.0025 2.826 inverted 128.65329408102278
0.304 0.022 0.305 7.42e-05 0.0025 3.768 normal 126.62419613243091
0.304 0.022 0.305 7.42e-05 0.0025 3.768 inverted 130.20134612010412
0.304 0.022 0.305 7.42e-05 0.0025 5.338 inverted 136.3127673263683
0.304 0.022 0.305 7.42e-05 0.0025 4.396 inverted 131.21545947634596
0.304 0.022 0.305 7.42e-05 0.0025 4.082 normal 128.0879453537121
0.304 0.022 0.305 7.42e-05 0.0025 4.71 normal 133.56727614532298
0.304 0.022 0.305 7.42e-05 0.0025 5.966 inverted 141.73838209157137
0.304 0.022 0.305 7.42e-05 0.0025 5.652 inverted 139.11138241255318
0.304 0.022 0.32166666666666666 7.42e-05 0.0025 0.314 normal 115.69788872477547
0.304 0.022 0.305 7.42e-05 0.0025 5.024 normal 137.80368380794002
0.304 0.022 0.32166666666666666 7.42e-05 0.0025 0.628 normal 114.39367764133807
0.304 0.022 0.305 7.42e-05 0.0025 4.082 inverted 130.62522935324844
0.304 0.022 0.32166666666666666 7.42e-05 0.0025 0.0 normal 114.84282769065275
0.304 0.022 0.305 7.42e-05 0.0025 4.71 inverted 132.2271017628255
0.304 0.022 0.305 7.42e-05 0.0025 4.396 normal 130.3524871830633
0.304 0.022 0.305 7.42e-05 0.0025 5.024 inverted 133.91912609113683
0.304 0.022 0.305 7.42e-05 0.0025 5.652 normal 148.08409702242588
0.304 0.022 0.32166666666666666 7.42e-05 0.0025 0.314 inverted 105.73293655538339
0.304 0.022 0.32166666666666666 7.42e-05 0.0025 0.628 inverted 104.83473172141193
0.304 0.022 0.32166666666666666 7.42e-05 0.0025 0.0 inverted 105.24900324161032
0.304 0.022 0.305 7.42e-05 0.0025 5.966 normal 152.70026060554093
0.304 0.022 0.305 7.42e-05 0.0025 6.28 normal 155.76841171252013
0.304 0.022 0.305 7.42e-05 0.0025 5.338 normal 142.8330105575147
0.304 0.022 0.305 7.42e-05 0.0025 6.28 inverted 143.54054621650403
0.304 0.022 0.32166666666666666 7.42e-05 0.0025 1.884 inverted 94.63882769489908
0.304 0.022 0.32166666666666666 7.42e-05 0.0025 0.942 normal 111.17146547596337
0.304 0.022 0.32166666666666666 7.42e-05 0.0025 0.942 inverted 102.72452854867308
0.304 0.022 0.32166666666666666 7.42e-05 0.0025 1.256 normal 106.6869948672223
0.304 0.022 0.32166666666666666 7.42e-05 0.0025 1.884 normal 97.25198884793001
0.304 0.022 0.32166666666666666 7.42e-05 0.0025 4.396 normal 93.42465700205304
0.304 0.022 0.32166666666666666 7.42e-05 0.0025 2.512 normal 91.253778164797
0.304 0.022 0.32166666666666666 7.42e-05 0.0025 3.768 normal 90.59591989339403
0.304 0.022 0.32166666666666666 7.42e-05 0.0025 3.768 inverted 94.43897356481583
0.304 0.022 0.32166666666666666 7.42e-05 0.0025 2.512 inverted 92.54520529122438
0.304 0.022 0.32166666666666666 7.42e-05 0.0025 3.14 normal 89.63216932292796
0.304 0.022 0.32166666666666666 7.42e-05 0.0025 1.57 normal 101.78486338447468
0.304 0.022 0.32166666666666666 7.42e-05 0.0025 4.396 inverted 95.0766200506442
0.304 0.022 0.32166666666666666 7.42e-05 0.0025 1.57 inverted 97.03326673284661
0.304 0.022 0.32166666666666666 7.42e-05 0.0025 2.826 normal 89.99753424356736
0.304 0.022 0.32166666666666666 7.42e-05 0.0025 3.454 normal 89.89311199845099
0.304 0.022 0.32166666666666666 7.42e-05 0.0025 2.198 inverted 93.11697789449417
0.304 0.022 0.32166666666666666 7.42e-05 0.0025 4.082 normal 91.72342158976475
0.304 0.022 0.32166666666666666 7.42e-05 0.0025 2.198 normal 93.6603717847144
0.304 0.022 0.32166666666666666 7.42e-05 0.0025 2.826 inverted 92.73339756690436
0.304 0.022 0.32166666666666666 7.42e-05 0.0025 3.14 inverted 93.31435204632423
0.304 0.022 0.32166666666666666 7.42e-05 0.0025 1.256 inverted 99.91834723813813
0.304 0.022 0.32166666666666666 7.42e-05 0.0025 3.454 inverted 93.95478539537577
0.304 0.022 0.32166666666666666 7.42e-05 0.0025 4.082 inverted 94.74359664451146
0.304 0.022 0.32166666666666666 7.42e-05 0.0025 4.71 inverted 95.72972673402586
0.304 0.022 0.3383333333333333 7.42e-05 0.0025 0.0 inverted 76.03845677714237
0.304 0.022 0.32166666666666666 7.42e-05 0.0025 5.652 normal 107.97692282849613
0.304 0.022 0.32166666666666666 7.42e-05 0.0025 5.966 inverted 103.58288393930006
0.304 0.022 0.32166666666666666 7.42e-05 0.0025 6.28 normal 114.82311601222492
0.304 0.022 0.32166666666666666 7.42e-05 0.0025 4.71 normal 95.91177581727999
0.304 0.022 0.32166666666666666 7.42e-05 0.0025 5.024 normal 99.31555802431902
0.304 0.022 0.32166666666666666 7.42e-05 0.0025 5.024 inverted 96.97008273180795
0.304 0.022 0.32166666666666666 7.42e-05 0.0025 5.966 normal 112.03604316194766
0.304 0.022 0.3383333333333333 7.42e-05 0.0025 1.57 inverted 68.99086989507762
0.304 0.022 0.3383333333333333 7.42e-05 0.0025 1.256 inverted 71.55146630299707
0.304 0.022 0.32166666666666666 7.42e-05 0.0025 5.338 inverted 98.89171980563998
0.304 0.022 0.3383333333333333 7.42e-05 0.0025 0.0 normal 83.1688577621938
0.304 0.022 0.3383333333333333 7.42e-05 0.0025 0.628 inverted 75.83823689911962
0.304 0.022 0.3383333333333333 7.42e-05 0.0025 0.628 normal 83.03739680381668
0.304 0.022 0.32166666666666666 7.42e-05 0.0025 6.28 inverted 105.23445731096339
0.304 0.022 0.32166666666666666 7.42e-05 0.0025 5.338 normal 103.48711860550773
0.304 0.022 0.32166666666666666 7.42e-05 0.0025 5.652 inverted 101.2734625642906
0.304 0.022 0.3383333333333333 7.42e-05 0.0025 1.57 normal 72.21692916437132
0.304 0.022 0.3383333333333333 7.42e-05 0.0025 0.942 inverted 74.02009643169714
0.304 0.022 0.3383333333333333 7.42e-05 0.0025 0.314 inverted 76.55646337390014
0.304 0.022 0.3383333333333333 7.42e-05 0.0025 0.942 normal 80.30649203957175
0.304 0.022 0.3383333333333333 7.42e-05 0.0025 1.256 normal 76.45194307705633
0.304 0.022 0.3383333333333333 7.42e-05 0.0025 0.314 normal 84.05131181415314
0.304 0.022 0.3383333333333333 7.42e-05 0.0025 1.884 normal 68.32947172190701
0.304 0.022 0.3383333333333333 7.42e-05 0.0025 2.198 inverted 65.60773957770934
0.304 0.022 0.3383333333333333 7.42e-05 0.0025 4.396 inverted 67.7406712838211
0.304 0.022 0.3383333333333333 7.42e-05 0.0025 2.826 normal 62.46325988275506
0.304 0.022 0.3383333333333333 7.42e-05 0.0025 3.454 normal 62.648295717314774
0.304 0.022 0.3383333333333333 7.42e-05 0.0025 2.512 inverted 65.21497419475561
0.304 0.022 0.3383333333333333 7.42e-05 0.0025 3.768 normal 63.25565808550757
0.304 0.022 0.3383333333333333 7.42e-05 0.0025 1.884 inverted 66.88731984531118
0.304 0.022 0.3383333333333333 7.42e-05 0.0025 5.338 normal 73.24356200680167
0.304 0.022 0.3383333333333333 7.42e-05 0.0025 2.198 normal 65.31355015514612
0.304 0.022 0.3383333333333333 7.42e-05 0.0025 4.71 normal 67.18615987073392
0.304 0.022 0.3383333333333333 7.42e-05 0.0025 2.512 normal 63.37716502762773
0.304 0.022 0.3383333333333333 7.42e-05 0.0025 3.454 inverted 66.92378301983031
0.304 0.022 0.3383333333333333 7.42e-05 0.0025 3.768 inverted 67.39159670682336
0.304 0.022 0.3383333333333333 7.42e-05 0.0025 4.396 normal 65.33198918106046
0.304 0.022 0.3383333333333333 7.42e-05 0.0025 5.338 inverted 70.46464476974268
0.304 0.022 0.3383333333333333 7.42e-05 0.0025 4.082 inverted 67.60856643499736
0.304 0.022 0.3383333333333333 7.42e-05 0.0025 4.082 normal 64.0973930717161
0.304 0.022 0.3383333333333333 7.42e-05 0.0025 2.826 inverted 65.5417317618773
0.304 0.022 0.3383333333333333 7.42e-05 0.0025 3.14 inverted 66.20851152045739
0.304 0.022 0.3383333333333333 7.42e-05 0.0025 4.71 inverted 68.09339667177551
0.304 0.022 0.3383333333333333 7.42e-05 0.0025 5.024 inverted 68.95515913069495
0.304 0.022 0.3383333333333333 7.42e-05 0.0025 3.14 normal 62.31631329668712
0.304 0.022 0.3383333333333333 7.42e-05 0.0025 5.024 normal 69.83473148438635
0.304 0.022 0.3383333333333333 7.42e-05 0.0025 5.966 normal 80.61277501411855
0.304 0.022 0.355 7.42e-05 0.0025 2.512 normal 42.76050684622151
0.304 0.022 0.355 7.42e-05 0.0025 0.942 normal 57.15596520025055
0.304 0.022 0.355 7.42e-05 0.0025 1.256 inverted 50.68039031654567
0.304 0.022 0.3383333333333333 7.42e-05 0.0025 5.966 inverted 74.49317543859716
0.304 0.022 0.3383333333333333 7.42e-05 0.0025 5.652 normal 77.05816333436766
0.304 0.022 0.3383333333333333 7.42e-05 0.0025 6.28 inverted 76.02518237467787
0.304 0.022 0.355 7.42e-05 0.0025 0.0 normal 59.2872861678189
0.304 0.022 0.355 7.42e-05 0.0025 2.512 inverted 45.18006855546289
0.304 0.022 0.355 7.42e-05 0.0025 0.314 inverted 54.97753090208876
0.304 0.022 0.3383333333333333 7.42e-05 0.0025 5.652 inverted 72.44950205640966
0.304 0.022 0.355 7.42e-05 0.0025 1.256 normal 53.8418250804144
0.304 0.022 0.355 7.42e-05 0.0025 1.884 normal 46.84609124321361
0.304 0.022 0.355 7.42e-05 0.0025 0.942 inverted 52.86369240458963
0.304 0.022 0.355 7.42e-05 0.0025 0.628 inverted 54.425318985639755
0.304 0.022 0.355 7.42e-05 0.0025 0.314 normal 60.19669766970238
0.304 0.022 0.355 7.42e-05 0.0025 1.57 normal 50.18848143421289
0.304 0.022 0.355 7.42e-05 0.0025 1.57 inverted 48.403368008719774
0.304 0.022 0.355 7.42e-05 0.0025 0.0 inverted 54.420165630669395
0.304 0.022 0.355 7.42e-05 0.0025 2.198 normal 44.30872876979133
0.304 0.022 0.355 7.42e-05 0.0025 1.884 inverted 46.53254221738352
0.304 0.022 0.355 7.42e-05 0.0025 2.198 inverted 45.43784093861192
0.304 0.022 0.3383333333333333 7.42e-05 0.0025 6.28 normal 83.14892724809327
0.304 0.022 0.355 7.42e-05 0.0025 0.628 normal 59.4443641989303
0.304 0.022 0.355 7.42e-05 0.0025 5.024 normal 47.89574870919984
0.304 0.022 0.355 7.42e-05 0.0025 3.14 normal 42.188010952596436
0.304 0.022 0.355 7.42e-05 0.0025 3.14 inverted 46.35122273665235
0.304 0.022 0.355 7.42e-05 0.0025 5.652 inverted 51.168440711380704
0.304 0.022 0.355 7.42e-05 0.0025 2.826 normal 42.14804615793477
0.304 0.022 0.355 7.42e-05 0.0025 3.768 normal 43.11975788249305
0.304 0.022 0.355 7.42e-05 0.0025 3.768 inverted 47.57730276975061
0.304 0.022 0.355 7.42e-05 0.0025 3.454 inverted 47.09769253499671
0.304 0.022 0.355 7.42e-05 0.0025 5.024 inverted 48.354579253103964
0.304 0.022 0.355 7.42e-05 0.0025 5.338 inverted 49.50548052380967
0.304 0.022 0.355 7.42e-05 0.0025 6.28 normal 59.271628094914334
0.304 0.022 0.355 7.42e-05 0.0025 6.28 inverted 54.408420273313176
0.304 0.022 0.355 7.42e-05 0.0025 4.71 normal 45.88458850518321
0.304 0.022 0.355 7.42e-05 0.0025 5.652 normal 53.84798260124486
0.304 0.022 0.355 7.42e-05 0.0025 4.082 normal 43.7358075676976
0.304 0.022 0.355 7.42e-05 0.0025 2.826 inverted 45.58972035161733
0.304 0.022 0.355 7.42e-05 0.0025 4.71 inverted 47.81129879975273
0.304 0.022 0.355 7.42e-05 0.0025 4.396 normal 44.57804085346409
0.304 0.022 0.355 7.42e-05 0.0025 4.396 inverted 47.71139754736095
0.304 0.022 0.355 7.42e-05 0.0025 3.454 normal 42.580361642882345
0.304 0.022 0.355 7.42e-05 0.0025 5.966 inverted 52.98564945674165
0.304 0.022 0.355 7.42e-05 0.0025 5.338 normal 50.640389949455574
0.304 0.022 0.355 7.42e-05 0.0025 5.966 normal 56.95673553358358
0.304 0.022 0.355 7.42e-05 0.0025 4.082 inverted 47.73078139498424
0.304 0.022 0.37166666666666665 7.42e-05 0.0025 0.0 normal 41.8470364859488
0.304 0.022 0.37166666666666665 7.42e-05 0.0025 0.0 inverted 39.014356703302326
0.304 0.022 0.37166666666666665 7.42e-05 0.0025 0.942 normal 40.34797851676139
0.304 0.022 0.37166666666666665 7.42e-05 0.0025 0.314 inverted 39.61527578808642
0.304 0.022 0.37166666666666665 7.42e-05 0.0025 2.512 inverted 31.03790094996156
0.304 0.022 0.37166666666666665 7.42e-05 0.0025 0.628 inverted 39.21514136907784
0.304 0.022 0.37166666666666665 7.42e-05 0.0025 2.198 inverted 31.21847729375638
0.304 0.022 0.37166666666666665 7.42e-05 0.0025 1.57 inverted 33.86918846278828
0.304 0.022 0.37166666666666665 7.42e-05 0.0025 1.256 normal 37.50560156903307
0.304 0.022 0.37166666666666665 7.42e-05 0.0025 0.628 normal 42.25759576600161
0.304 0.022 0.37166666666666665 7.42e-05 0.0025 2.826 normal 27.689396347490913
0.304 0.022 0.37166666666666665 7.42e-05 0.0025 1.256 inverted 35.92703043823936
0.304 0.022 0.37166666666666665 7.42e-05 0.0025 2.198 normal 29.303810401275335
0.304 0.022 0.37166666666666665 7.42e-05 0.0025 0.942 inverted 37.873375528100325
0.304 0.022 0.37166666666666665 7.42e-05 0.0025 2.826 inverted 31.5170296924895
0.304 0.022 0.37166666666666665 7.42e-05 0.0025 2.512 normal 28.067154878863725
0.304 0.022 0.37166666666666665 7.42e-05 0.0025 3.454 normal 28.33301750129319
0.304 0.022 0.37166666666666665 7.42e-05 0.0025 1.884 inverted 32.18213715753217
0.304 0.022 0.37166666666666665 7.42e-05 0.0025 1.57 normal 34.32492448595002
0.304 0.022 0.37166666666666665 7.42e-05 0.0025 3.14 normal 27.88210791540456
0.304 0.022 0.37166666666666665 7.42e-05 0.0025 3.454 inverted 33.10801092391331
0.304 0.022 0.37166666666666665 7.42e-05 0.0025 0.314 normal 42.78509970158624
0.304 0.022 0.37166666666666665 7.42e-05 0.0025 1.884 normal 31.441013157039407
0.304 0.022 0.37166666666666665 7.42e-05 0.0025 3.14 inverted 32.32182616485105
0.304 0.022 0.37166666666666665 7.42e-05 0.0025 5.338 inverted 34.642162997166515
0.304 0.022 0.37166666666666665 7.42e-05 0.0025 4.396 inverted 33.58456923916361
0.304 0.022 0.37166666666666665 7.42e-05 0.0025 3.768 normal 28.816431109400966
0.304 0.022 0.37166666666666665 7.42e-05 0.0025 3.768 inverted 33.60019222720713
0.304 0.022 0.37166666666666665 7.42e-05 0.0025 5.652 inverted 36.043637556471616
0.304 0.022 0.37166666666666665 7.42e-05 0.0025 4.082 normal 29.25806766681633
0.304 0.022 0.37166666666666665 7.42e-05 0.0025 5.652 normal 36.98108071944917
0.304 0.022 0.37166666666666665 7.42e-05 0.0025 4.71 inverted 33.4986502251639
0.304 0.022 0.3883333333333333 7.42e-05 0.0025 0.628 inverted 28.93856886132872
0.304 0.022 0.37166666666666665 7.42e-05 0.0025 4.082 inverted 33.71673365075033
0.304 0.022 0.37166666666666665 7.42e-05 0.0025 5.966 normal 39.70552374856324
0.304 0.022 0.37166666666666665 7.42e-05 0.0025 6.28 inverted 39.00565248872562
0.304 0.022 0.37166666666666665 7.42e-05 0.0025 5.966 inverted 37.65814135574715
0.304 0.022 0.3883333333333333 7.42e-05 0.0025 0.314 normal 30.55409040998236
0.304 0.022 0.3883333333333333 7.42e-05 0.0025 0.0 inverted 28.559165212596852
0.304 0.022 0.3883333333333333 7.42e-05 0.0025 0.628 normal 30.213968029592692
0.304 0.022 0.37166666666666665 7.42e-05 0.0025 4.71 normal 30.64233213166654
0.304 0.022 0.37166666666666665 7.42e-05 0.0025 6.28 normal 41.83097580411655
0.304 0.022 0.3883333333333333 7.42e-05 0.0025 0.314 inverted 29.20558728036186
0.304 0.022 0.37166666666666665 7.42e-05 0.0025 5.024 normal 32.11342978765236
0.304 0.022 0.37166666666666665 7.42e-05 0.0025 5.024 inverted 33.78737211368506
0.304 0.022 0.37166666666666665 7.42e-05 0.0025 4.396 normal 29.781996165845893
0.304 0.022 0.3883333333333333 7.42e-05 0.0025 0.0 normal 29.592169449716305
0.304 0.022 0.37166666666666665 7.42e-05 0.0025 5.338 normal 34.28680764182448
0.304 0.022 0.3883333333333333 7.42e-05 0.0025 1.256 normal 26.174056481527163
0.304 0.022 0.3883333333333333 7.42e-05 0.0025 1.884 normal 20.86902232987418
0.304 0.022 0.3883333333333333 7.42e-05 0.0025 1.256 inverted 26.0290992458895
0.304 0.022 0.3883333333333333 7.42e-05 0.0025 0.942 normal 28.629190274146264
0.304 0.022 0.3883333333333333 7.42e-05 0.0025 0.942 inverted 27.78190114822465
0.304 0.022 0.3883333333333333 7.42e-05 0.0025 2.512 normal 18.050965031293195
0.304 0.022 0.3883333333333333 7.42e-05 0.0025 2.198 inverted 21.681354074344213
0.304 0.022 0.3883333333333333 7.42e-05 0.0025 4.396 inverted 24.09688459125847
0.304 0.022 0.3883333333333333 7.42e-05 0.0025 2.826 inverted 22.047384388936603
0.304 0.022 0.3883333333333333 7.42e-05 0.0025 4.396 normal 19.694501301391742
0.304 0.022 0.3883333333333333 7.42e-05 0.0025 4.082 inverted 24.29739523595728
0.304 0.022 0.3883333333333333 7.42e-05 0.0025 2.512 inverted 21.544684292809734
0.304 0.022 0.3883333333333333 7.42e-05 0.0025 1.57 normal 23.400088301782134
0.304 0.022 0.3883333333333333 7.42e-05 0.0025 3.454 inverted 23.68947269361507
0.304 0.022 0.3883333333333333 7.42e-05 0.0025 1.57 inverted 24.142321093098104
0.304 0.022 0.3883333333333333 7.42e-05 0.0025 3.454 normal 18.655176931343227
0.304 0.022 0.3883333333333333 7.42e-05 0.0025 2.198 normal 19.035563957471236
0.304 0.022 0.3883333333333333 7.42e-05 0.0025 1.884 inverted 22.582104399971143
0.304 0.022 0.3883333333333333 7.42e-05 0.0025 2.826 normal 17.835193833651545
0.304 0.022 0.3883333333333333 7.42e-05 0.0025 3.14 inverted 22.88093092489995
0.304 0.022 0.3883333333333333 7.42e-05 0.0025 3.14 normal 18.154854058424537
0.304 0.022 0.3883333333333333 7.42e-05 0.0025 3.768 inverted 24.1966741640765
0.304 0.022 0.3883333333333333 7.42e-05 0.0025 3.768 normal 19.108020595533837
0.304 0.022 0.3883333333333333 7.42e-05 0.0025 4.082 normal 19.414393673562305
0.304 0.022 0.3883333333333333 7.42e-05 0.0025 5.338 inverted 24.60672137877301
0.304 0.022 0.3883333333333333 7.42e-05 0.0025 5.024 normal 21.232924140017005
0.304 0.022 0.3883333333333333 7.42e-05 0.0025 4.71 normal 20.198489058554305
0.304 0.022 0.3883333333333333 7.42e-05 0.0025 5.652 inverted 25.794184967552937
0.304 0.022 0.3883333333333333 7.42e-05 0.0025 4.71 inverted 23.876981555937626
0.304 0.022 0.3883333333333333 7.42e-05 0.0025 5.652 normal 25.197704859009253
0.304 0.022 0.3883333333333333 7.42e-05 0.0025 5.966 normal 27.608021269360467
0.304 0.022 0.405 7.42e-05 0.0025 1.57 inverted 18.07676020274574
0.304 0.022 0.3883333333333333 7.42e-05 0.0025 6.28 normal 29.57377994330086
0.304 0.022 0.405 7.42e-05 0.0025 0.0 inverted 21.910988965691754
0.304 0.022 0.3883333333333333 7.42e-05 0.0025 5.966 inverted 27.256743888137848
0.304 0.022 0.405 7.42e-05 0.0025 1.57 normal 16.264276143445723
0.304 0.022 0.405 7.42e-05 0.0025 0.628 inverted 22.455348259062475
0.304 0.022 0.405 7.42e-05 0.0025 1.256 inverted 19.84859613535143
0.304 0.022 0.405 7.42e-05 0.0025 1.256 normal 18.723247245036493
0.304 0.022 0.405 7.42e-05 0.0025 0.0 normal 21.376945623954782
0.304 0.022 0.3883333333333333 7.42e-05 0.0025 5.024 inverted 23.965605060856227
0.304 0.022 0.405 7.42e-05 0.0025 0.314 inverted 22.60598713822086
0.304 0.022 0.405 7.42e-05 0.0025 0.314 normal 22.3698433083678
0.304 0.022 0.3883333333333333 7.42e-05 0.0025 6.28 inverted 28.549833616134066
0.304 0.022 0.3883333333333333 7.42e-05 0.0025 5.338 normal 22.93356187801848
0.304 0.022 0.405 7.42e-05 0.0025 0.628 normal 22.194501163658366
0.304 0.022 0.405 7.42e-05 0.0025 0.942 normal 20.875525917756892
0.304 0.022 0.405 7.42e-05 0.0025 0.942 inverted 21.4503957241692
0.304 0.022 0.405 7.42e-05 0.0025 2.826 normal 11.50079129315923
0.304 0.022 0.405 7.42e-05 0.0025 2.512 inverted 15.569355887028538
0.304 0.022 0.405 7.42e-05 0.0025 2.198 normal 12.401391902134568
0.304 0.022 0.405 7.42e-05 0.0025 3.454 normal 12.436294651231634
0.304 0.022 0.405 7.42e-05 0.0025 1.884 normal 14.019052980912772
0.304 0.022 0.405 7.42e-05 0.0025 5.338 inverted 18.236593386818914
0.304 0.022 0.405 7.42e-05 0.0025 2.198 inverted 15.706831831458226
0.304 0.022 0.405 7.42e-05 0.0025 4.396 inverted 18.108825045885542
0.304 0.022 0.405 7.42e-05 0.0025 2.512 normal 11.580828912356644
0.304 0.022 0.405 7.42e-05 0.0025 1.884 inverted 16.582243633230892
0.304 0.022 0.405 7.42e-05 0.0025 2.826 inverted 16.061374795800045
0.304 0.022 0.405 7.42e-05 0.0025 4.082 normal 13.091383853038485
0.304 0.022 0.405 7.42e-05 0.0025 3.454 inverted 17.71275174079175
0.304 0.022 0.405 7.42e-05 0.0025 4.396 normal 13.186560079468222
0.304 0.022 0.405 7.42e-05 0.0025 5.338 normal 15.442560220660177
0.304 0.022 0.405 7.42e-05 0.0025 3.14 inverted 16.88929145554986
0.304 0.022 0.405 7.42e-05 0.0025 3.768 inverted 18.235430125998633
0.304 0.022 0.405 7.42e-05 0.0025 3.14 normal 11.89296987398045
0.304 0.022 0.405 7.42e-05 0.0025 4.082 inverted 18.339560253492547
0.304 0.022 0.405 7.42e-05 0.0025 5.024 normal 14.112398580151233
0.304 0.022 0.405 7.42e-05 0.0025 3.768 normal 12.873269852587665
0.304 0.022 0.405 7.42e-05 0.0025 5.024 inverted 17.758166199803544
0.304 0.022 0.405 7.42e-05 0.0025 4.71 inverted 17.799450188186846
0.304 0.022 0.405 7.42e-05 0.0025 4.71 normal 13.423287801497374
0.304 0.022 0.405 7.42e-05 0.0025 5.966 normal 19.51877421685199
0.304 0.022 0.42166666666666663 7.42e-05 0.0025 0.0 normal 16.204831838928488
0.304 0.022 0.42166666666666663 7.42e-05 0.0025 1.57 inverted 14.669648690760983
0.304 0.022 0.405 7.42e-05 0.0025 5.652 inverted 19.278988307555576
0.304 0.022 0.42166666666666663 7.42e-05 0.0025 2.512 normal 7.703092270532991
0.304 0.022 0.42166666666666663 7.42e-05 0.0025 0.942 normal 16.076974699557713
0.304 0.022 0.42166666666666663 7.42e-05 0.0025 1.256 inverted 16.37391848412653
0.304 0.022 0.405 7.42e-05 0.0025 5.652 normal 17.365574408155442
0.304 0.022 0.42166666666666663 7.42e-05 0.0025 0.628 normal 17.19685218880646
0.304 0.022 0.42166666666666663 7.42e-05 0.0025 1.884 normal 9.881204841147508
0.304 0.022 0.42166666666666663 7.42e-05 0.0025 0.942 inverted 17.8721270977639
0.304 0.022 0.42166666666666663 7.42e-05 0.0025 0.628 inverted 18.758809792610347
0.304 0.022 0.405 7.42e-05 0.0025 6.28 inverted 21.899659183639567
0.304 0.022 0.42166666666666663 7.42e-05 0.0025 0.314 inverted 18.806820927121002
0.304 0.022 0.42166666666666663 7.42e-05 0.0025 0.314 normal 17.229900669975127
0.304 0.022 0.405 7.42e-05 0.0025 5.966 inverted 20.640160378899434
0.304 0.022 0.42166666666666663 7.42e-05 0.0025 1.256 normal 14.168993322834499
0.304 0.022 0.42166666666666663 7.42e-05 0.0025 2.512 inverted 12.122484943591811
0.304 0.022 0.42166666666666663 7.42e-05 0.0025 1.57 normal 11.937030395559752
0.304 0.022 0.405 7.42e-05 0.0025 6.28 normal 21.361820884969056
0.304 0.022 0.42166666666666663 7.42e-05 0.0025 2.198 inverted 12.305458686705833
0.304 0.022 0.42166666666666663 7.42e-05 0.0025 0.0 inverted 18.052414900137666
0.304 0.022 0.42166666666666663 7.42e-05 0.0025 2.198 normal 8.414226479064657
0.304 0.022 0.42166666666666663 7.42e-05 0.0025 1.884 inverted 13.198188250161685
0.304 0.022 0.42166666666666663 7.42e-05 0.0025 3.768 normal 9.1260103519755
0.304 0.022 0.42166666666666663 7.42e-05 0.0025 2.826 inverted 12.56571010780005
0.304 0.022 0.42166666666666663 7.42e-05 0.0025 2.826 normal 7.686611721431489
0.304 0.022 0.42166666666666663 7.42e-05 0.0025 6.28 inverted 18.042404670608747
0.304 0.022 0.42166666666666663 7.42e-05 0.0025 4.396 normal 9.26069670470883
0.304 0.022 0.42166666666666663 7.42e-05 0.0025 5.338 inverted 14.536127213765944
0.304 0.022 0.42166666666666663 7.42e-05 0.0025 4.396 inverted 14.613391571087941
0.304 0.022 0.42166666666666663 7.42e-05 0.0025 3.768 inverted 14.728475919915901
0.304 0.022 0.42166666666666663 7.42e-05 0.0025 4.71 normal 9.30637946457507
0.304 0.022 0.42166666666666663 7.42e-05 0.0025 5.338 normal 10.801867985814974
0.304 0.022 0.42166666666666663 7.42e-05 0.0025 3.454 inverted 14.190005276830405
0.304 0.022 0.42166666666666663 7.42e-05 0.0025 4.082 normal 9.283032609028805
0.304 0.022 0.42166666666666663 7.42e-05 0.0025 3.454 normal 8.698737835504774
0.304 0.022 0.42166666666666663 7.42e-05 0.0025 5.024 normal 9.747748956096666
0.304 0.022 0.42166666666666663 7.42e-05 0.0025 4.082 inverted 14.846269267318625
0.304 0.022 0.42166666666666663 7.42e-05 0.0025 4.71 inverted 14.268224853122618
0.304 0.022 0.42166666666666663 7.42e-05 0.0025 6.28 normal 16.18977316913761
0.304 0.022 0.42166666666666663 7.42e-05 0.0025 5.966 inverted 16.78547099906319
0.304 0.022 0.42166666666666663 7.42e-05 0.0025 3.14 normal 8.132782246430438
0.304 0.022 0.42166666666666663 7.42e-05 0.0025 5.966 normal 14.431518484177152
0.304 0.022 0.42166666666666663 7.42e-05 0.0025 3.14 inverted 13.36888235157345
0.304 0.022 0.42166666666666663 7.42e-05 0.0025 5.024 inverted 14.1509411046294
0.304 0.022 0.42166666666666663 7.42e-05 0.0025 5.652 normal 12.467643041657807
0.304 0.022 0.42166666666666663 7.42e-05 0.0025 5.652 inverted 15.479842593916366
0.304 0.022 0.43833333333333335 7.42e-05 0.0025 1.256 normal 11.644756614926578
0.304 0.022 0.43833333333333335 7.42e-05 0.0025 0.628 inverted 16.981939926795718
0.304 0.022 0.43833333333333335 7.42e-05 0.0025 0.942 inverted 16.186326496163197
0.304 0.022 0.43833333333333335 7.42e-05 0.0025 3.14 inverted 11.47254146704063
0.304 0.022 0.43833333333333335 7.42e-05 0.0025 0.314 inverted 16.941759921028492
0.304 0.022 0.43833333333333335 7.42e-05 0.0025 2.198 inverted 10.61966885311186
0.304 0.022 0.43833333333333335 7.42e-05 0.0025 0.0 inverted 16.125512299459412
0.304 0.022 0.43833333333333335 7.42e-05 0.0025 0.314 normal 14.259587822839427
0.304 0.022 0.43833333333333335 7.42e-05 0.0025 1.57 normal 9.559566258183505
0.304 0.022 0.43833333333333335 7.42e-05 0.0025 0.628 normal 14.336938499332186
0.304 0.022 0.43833333333333335 7.42e-05 0.0025 2.512 inverted 10.354770813217078
0.304 0.022 0.43833333333333335 7.42e-05 0.0025 1.884 inverted 11.578299961407655
0.304 0.022 0.43833333333333335 7.42e-05 0.0025 0.942 normal 13.378857786575931
0.304 0.022 0.43833333333333335 7.42e-05 0.0025 2.512 normal 5.556761955766142
0.304 0.022 0.43833333333333335 7.42e-05 0.0025 3.454 normal 6.605845357054847
0.304 0.022 0.43833333333333335 7.42e-05 0.0025 0.0 normal 13.198322794042785
0.304 0.022 0.43833333333333335 7.42e-05 0.0025 1.884 normal 7.6325775895050505
0.304 0.022 0.43833333333333335 7.42e-05 0.0025 1.256 inverted 14.753480445425405
0.304 0.022 0.43833333333333335 7.42e-05 0.0025 3.14 normal 6.024646046370305
0.304 0.022 0.43833333333333335 7.42e-05 0.0025 2.826 inverted 10.720742174589928
0.304 0.022 0.43833333333333335 7.42e-05 0.0025 3.454 inverted 12.2713288346179
0.304 0.022 0.43833333333333335 7.42e-05 0.0025 1.57 inverted 13.071937935989181
0.304 0.022 0.43833333333333335 7.42e-05 0.0025 2.826 normal 5.5717279546477565
0.304 0.022 0.43833333333333335 7.42e-05 0.0025 2.198 normal 6.2281134698469085
0.304 0.022 0.43833333333333335 7.42e-05 0.0025 4.082 normal 7.157708883603797
0.304 0.022 0.43833333333333335 7.42e-05 0.0025 4.396 inverted 12.755375533046893
0.304 0.022 0.43833333333333335 7.42e-05 0.0025 4.71 inverted 12.417320740280502
0.304 0.022 0.43833333333333335 7.42e-05 0.0025 5.652 inverted 13.539930756285534
0.304 0.022 0.43833333333333335 7.42e-05 0.0025 4.082 inverted 12.964297883047143
0.304 0.022 0.45499999999999996 7.42e-05 0.0025 0.628 inverted 16.41161807817931
0.304 0.022 0.43833333333333335 7.42e-05 0.0025 5.024 normal 7.272160725328231
0.304 0.022 0.43833333333333335 7.42e-05 0.0025 4.71 normal 6.992021579747627
0.304 0.022 0.43833333333333335 7.42e-05 0.0025 6.28 inverted 16.1138886880579
0.304 0.022 0.45499999999999996 7.42e-05 0.0025 0.314 normal 12.719704089517496
0.304 0.022 0.43833333333333335 7.42e-05 0.0025 3.768 inverted 12.82018620339984
0.304 0.022 0.43833333333333335 7.42e-05 0.0025 4.396 normal 7.063902440930534
0.304 0.022 0.43833333333333335 7.42e-05 0.0025 6.28 normal 13.182503193421661
0.304 0.022 0.43833333333333335 7.42e-05 0.0025 5.338 normal 8.144058472854594
0.304 0.022 0.43833333333333335 7.42e-05 0.0025 5.338 inverted 12.631372694266949
0.304 0.022 0.43833333333333335 7.42e-05 0.0025 3.768 normal 7.025091419243997
0.304 0.022 0.43833333333333335 7.42e-05 0.0025 5.652 normal 9.63770539288198
0.304 0.022 0.45499999999999996 7.42e-05 0.0025 0.628 normal 12.896228230370701
0.304 0.022 0.43833333333333335 7.42e-05 0.0025 5.024 inverted 12.281366221462964
0.304 0.022 0.45499999999999996 7.42e-05 0.0025 0.0 normal 11.617493168795487
0.304 0.022 0.43833333333333335 7.42e-05 0.0025 5.966 inverted 14.833235208057816
0.304 0.022 0.43833333333333335 7.42e-05 0.0025 5.966 normal 11.473359044358087
0.304 0.022 0.45499999999999996 7.42e-05 0.0025 0.0 inverted 15.410368840693094
0.304 0.022 0.45499999999999996 7.42e-05 0.0025 0.314 inverted 16.295203775933253
0.304 0.022 0.45499999999999996 7.42e-05 0.0025 0.942 normal 12.053261776503893
0.304 0.022 0.45499999999999996 7.42e-05 0.0025 2.826 normal 4.468345342729736
0.304 0.022 0.45499999999999996 7.42e-05 0.0025 2.512 inverted 9.576464950109344
0.304 0.022 0.45499999999999996 7.42e-05 0.0025 2.512 normal 4.480453012376684
0.304 0.022 0.45499999999999996 7.42e-05 0.0025 4.396 inverted 11.830659013420735
0.304 0.022 0.45499999999999996 7.42e-05 0.0025 1.884 normal 6.549709650361124
0.304 0.022 0.45499999999999996 7.42e-05 0.0025 4.396 normal 5.894385570116664
0.304 0.022 0.45499999999999996 7.42e-05 0.0025 3.454 normal 5.470485520825174
0.304 0.022 0.45499999999999996 7.42e-05 0.0025 1.57 inverted 12.574859353068806
0.304 0.022 0.45499999999999996 7.42e-05 0.0025 1.57 normal 8.429984845772992
0.304 0.022 0.45499999999999996 7.42e-05 0.0025 1.256 inverted 14.274410421806987
0.304 0.022 0.45499999999999996 7.42e-05 0.0025 3.14 inverted 10.513017048473147
0.304 0.022 0.45499999999999996 7.42e-05 0.0025 2.826 inverted 9.837815528531616
0.304 0.022 0.45499999999999996 7.42e-05 0.0025 1.884 inverted 11.017985057661956
0.304 0.022 0.45499999999999996 7.42e-05 0.0025 1.256 normal 10.422480916062236
0.304 0.022 0.45499999999999996 7.42e-05 0.0025 3.14 normal 4.903595804780712
0.304 0.022 0.45499999999999996 7.42e-05 0.0025 0.942 inverted 15.680997596899523
0.304 0.022 0.45499999999999996 7.42e-05 0.0025 2.198 normal 5.1650057384713435
0.304 0.022 0.45499999999999996 7.42e-05 0.0025 4.082 inverted 11.999385731693186
0.304 0.022 0.45499999999999996 7.42e-05 0.0025 4.082 normal 6.012657477177784
0.304 0.022 0.45499999999999996 7.42e-05 0.0025 3.768 normal 5.891008138866341
0.304 0.022 0.45499999999999996 7.42e-05 0.0025 3.454 inverted 11.272299966377796
0.304 0.022 0.45499999999999996 7.42e-05 0.0025 2.198 inverted 9.957070478388863
0.304 0.022 0.45499999999999996 7.42e-05 0.0025 3.768 inverted 11.820840415175839
0.304 0.022 0.4716666666666667 7.42e-05 0.0025 0.314 inverted 16.298912375414897
0.304 0.022 0.45499999999999996 7.42e-05 0.0025 5.338 inverted 11.80760386036386
0.304 0.022 0.45499999999999996 7.42e-05 0.0025 5.652 inverted 12.738248054644792
0.304 0.022 0.4716666666666667 7.42e-05 0.0025 0.0 normal 10.881891775415042
0.304 0.022 0.45499999999999996 7.42e-05 0.0025 5.024 normal 5.965154110638365
0.304 0.022 0.4716666666666667 7.42e-05 0.0025 0.0 inverted 15.33244998250731
0.304 0.022 0.4716666666666667 7.42e-05 0.0025 1.57 normal 7.98804583537517
0.304 0.022 0.45499999999999996 7.42e-05 0.0025 6.28 inverted 15.397432801941985
0.304 0.022 0.45499999999999996 7.42e-05 0.0025 5.966 normal 9.909324676520221
0.304 0.022 0.4716666666666667 7.42e-05 0.0025 1.256 normal 9.954769335886482
0.304 0.022 0.4716666666666667 7.42e-05 0.0025 0.628 normal 12.28397888260877
0.304 0.022 0.45499999999999996 7.42e-05 0.0025 6.28 normal 11.604091178126945
0.304 0.022 0.45499999999999996 7.42e-05 0.0025 4.71 normal 5.767805714423253
0.304 0.022 0.4716666666666667 7.42e-05 0.0025 1.256 inverted 14.378780303303671
0.304 0.022 0.45499999999999996 7.42e-05 0.0025 5.652 normal 8.133461294869905
0.304 0.022 0.45499999999999996 7.42e-05 0.0025 4.71 inverted 11.535459002883103
0.304 0.022 0.4716666666666667 7.42e-05 0.0025 1.57 inverted 12.628875387889966
0.304 0.022 0.4716666666666667 7.42e-05 0.0025 0.628 inverted 16.481366535342012
0.304 0.022 0.4716666666666667 7.42e-05 0.0025 0.942 normal 11.520985662764156
0.304 0.022 0.45499999999999996 7.42e-05 0.0025 5.338 normal 6.738085486467373
0.304 0.022 0.45499999999999996 7.42e-05 0.0025 5.024 inverted 11.43426669370377
0.304 0.022 0.4716666666666667 7.42e-05 0.0025 0.314 normal 12.038092376966773
0.304 0.022 0.45499999999999996 7.42e-05 0.0025 5.966 inverted 14.063732387239845
0.304 0.022 0.4716666666666667 7.42e-05 0.0025 0.942 inverted 15.784734817635924
0.304 0.022 0.4716666666666667 7.42e-05 0.0025 4.396 normal 5.1888690026185
0.304 0.022 0.4716666666666667 7.42e-05 0.0025 2.198 inverted 9.7759228165131
0.304 0.022 0.4716666666666667 7.42e-05 0.0025 2.826 inverted 9.381314294306145
0.304 0.022 0.4716666666666667 7.42e-05 0.0025 3.14 normal 4.233331409224734
0.304 0.022 0.4716666666666667 7.42e-05 0.0025 3.768 normal 5.173507326028285
0.304 0.022 0.4716666666666667 7.42e-05 0.0025 4.082 normal 5.2987031015657715
0.304 0.022 0.4716666666666667 7.42e-05 0.0025 4.396 inverted 11.29703909114964
0.304 0.022 0.4716666666666667 7.42e-05 0.0025 2.826 normal 3.848827882806946
0.304 0.022 0.4716666666666667 7.42e-05 0.0025 3.768 inverted 11.194664219287628
0.304 0.022 0.4716666666666667 7.42e-05 0.0025 3.14 inverted 9.953733337219742
0.304 0.022 0.4716666666666667 7.42e-05 0.0025 3.454 normal 4.7667413394973215
0.304 0.022 0.4716666666666667 7.42e-05 0.0025 5.024 normal 5.256143398507631
0.304 0.022 0.4716666666666667 7.42e-05 0.0025 1.884 normal 6.093047421923142
0.304 0.022 0.4716666666666667 7.42e-05 0.0025 5.338 inverted 11.49880052559451
0.304 0.022 0.4716666666666667 7.42e-05 0.0025 2.198 normal 4.664199376743101
0.304 0.022 0.4716666666666667 7.42e-05 0.0025 1.884 inverted 10.968698240320714
0.304 0.022 0.4716666666666667 7.42e-05 0.0025 2.512 inverted 9.254173843016016
0.304 0.022 0.4716666666666667 7.42e-05 0.0025 5.338 normal 6.005915210604983
0.304 0.022 0.4716666666666667 7.42e-05 0.0025 3.454 inverted 10.655548027624908
0.304 0.022 0.4716666666666667 7.42e-05 0.0025 4.71 inverted 11.072372725583453
0.304 0.022 0.4716666666666667 7.42e-05 0.0025 2.512 normal 3.923798625873396
0.304 0.022 0.4716666666666667 7.42e-05 0.0025 4.082 inverted 11.397982130229826
0.304 0.022 0.4716666666666667 7.42e-05 0.0025 5.024 inverted 11.051528733635468
0.304 0.022 0.4716666666666667 7.42e-05 0.0025 4.71 normal 5.069798677472698
0.304 0.022 0.4883333333333333 7.42e-05 0.0025 2.512 inverted 9.008687840437695
0.304 0.022 0.4716666666666667 7.42e-05 0.0025 5.652 normal 7.381619100948532
0.304 0.022 0.4883333333333333 7.42e-05 0.0025 1.256 inverted 14.67442900533382
0.304 0.022 0.4883333333333333 7.42e-05 0.0025 1.256 normal 9.808192387214735
0.304 0.022 0.4883333333333333 7.42e-05 0.0025 1.884 normal 5.869757307827716
0.304 0.022 0.4716666666666667 7.42e-05 0.0025 6.28 inverted 15.31989522736459
0.304 0.022 0.4883333333333333 7.42e-05 0.0025 0.942 inverted 16.1098046055273
0.304 0.022 0.4883333333333333 7.42e-05 0.0025 2.198 inverted 9.700351532979546
0.304 0.022 0.4716666666666667 7.42e-05 0.0025 5.966 normal 9.15107937067656
0.304 0.022 0.4883333333333333 7.42e-05 0.0025 1.57 inverted 12.842036197547333
0.304 0.022 0.4883333333333333 7.42e-05 0.0025 0.628 inverted 16.78824983149165
0.304 0.022 0.4883333333333333 7.42e-05 0.0025 0.0 normal 10.555488926117462
0.304 0.022 0.4883333333333333 7.42e-05 0.0025 0.314 normal 11.774741441663904
0.304 0.022 0.4883333333333333 7.42e-05 0.0025 0.628 normal 12.081606198289732
0.304 0.022 0.4883333333333333 7.42e-05 0.0025 0.0 inverted 15.491430516954154
0.304 0.022 0.4883333333333333 7.42e-05 0.0025 0.942 normal 11.359372374829224
0.304 0.022 0.4883333333333333 7.42e-05 0.0025 0.314 inverted 16.54252193750059
0.304 0.022 0.4716666666666667 7.42e-05 0.0025 5.966 inverted 13.906495013371622
0.304 0.022 0.4716666666666667 7.42e-05 0.0025 5.652 inverted 12.508182223842294
0.304 0.022 0.4883333333333333 7.42e-05 0.0025 2.512 normal 3.5110891778887736
0.304 0.022 0.4883333333333333 7.42e-05 0.0025 1.57 normal 7.816925767177088
0.304 0.022 0.4883333333333333 7.42e-05 0.0025 2.198 normal 4.356639424050145
0.304 0.022 0.4883333333333333 7.42e-05 0.0025 1.884 inverted 11.054915603209341
0.304 0.022 0.4716666666666667 7.42e-05 0.0025 6.28 normal 10.865610851107048
0.304 0.022 0.4883333333333333 7.42e-05 0.0025 3.454 inverted 10.049406809570213
0.304 0.022 0.4883333333333333 7.42e-05 0.0025 5.338 normal 5.528882707256855
0.304 0.022 0.4883333333333333 7.42e-05 0.0025 4.082 normal 4.642377622119869
0.304 0.022 0.4883333333333333 7.42e-05 0.0025 3.768 normal 4.504829482640467
0.304 0.022 0.4883333333333333 7.42e-05 0.0025 3.454 normal 4.123329699794417
0.304 0.022 0.4883333333333333 7.42e-05 0.0025 3.14 normal 3.640047913352678
0.304 0.022 0.4883333333333333 7.42e-05 0.0025 2.826 inverted 8.98204128484261
0.304 0.022 0.4883333333333333 7.42e-05 0.0025 5.024 normal 4.728166977408953
0.304 0.022 0.4883333333333333 7.42e-05 0.0025 2.826 normal 3.3348027710379755
0.304 0.022 0.4883333333333333 7.42e-05 0.0025 4.082 inverted 10.793222090725223
0.304 0.022 0.4883333333333333 7.42e-05 0.0025 6.28 inverted 15.477849684645001
0.304 0.022 0.4883333333333333 7.42e-05 0.0025 6.28 normal 10.541320751435844
0.304 0.022 0.4883333333333333 7.42e-05 0.0025 3.768 inverted 10.563312096000395
0.304 0.022 0.4883333333333333 7.42e-05 0.0025 5.024 inverted 10.73648655833283
0.304 0.022 0.4883333333333333 7.42e-05 0.0025 4.396 inverted 10.755188735048845
0.304 0.022 0.4883333333333333 7.42e-05 0.0025 5.966 inverted 13.959964308457836
0.304 0.022 0.4883333333333333 7.42e-05 0.0025 4.71 normal 4.494513143032655
0.304 0.022 0.4883333333333333 7.42e-05 0.0025 4.396 normal 4.563057632772131
0.304 0.022 0.4883333333333333 7.42e-05 0.0025 5.966 normal 8.769735233004099
0.304 0.022 0.4883333333333333 7.42e-05 0.0025 4.71 inverted 10.636206758470687
0.304 0.022 0.4883333333333333 7.42e-05 0.0025 5.338 inverted 11.308685686277464
0.304 0.022 0.4883333333333333 7.42e-05 0.0025 5.652 inverted 12.441297348182554
0.304 0.022 0.4883333333333333 7.42e-05 0.0025 3.14 inverted 9.427353270066176
0.304 0.022 0.4883333333333333 7.42e-05 0.0025 5.652 normal 6.9495894453214255
0.304 0.022 0.505 7.42e-05 0.0025 0.0 normal 10.35990659129382
0.304 0.022 0.505 7.42e-05 0.0025 0.314 normal 11.651701024447455
0.304 0.022 0.505 7.42e-05 0.0025 0.942 normal 11.302565668325144
0.304 0.022 0.505 7.42e-05 0.0025 1.57 inverted 12.984534866057237
0.304 0.022 0.505 7.42e-05 0.0025 0.0 inverted 15.639792587985834
0.304 0.022 0.505 7.42e-05 0.0025 0.628 inverted 17.08830967937113
0.304 0.022 0.505 7.42e-05 0.0025 2.512 normal 3.0286563758716576
0.304 0.022 0.505 7.42e-05 0.0025 1.884 normal 5.6365975955761085
0.304 0.022 0.505 7.42e-05 0.0025 1.256 normal 9.732513121419856
0.304 0.022 0.505 7.42e-05 0.0025 3.14 inverted 8.728182885222754
0.304 0.022 0.505 7.42e-05 0.0025 2.198 inverted 9.512770231717921
0.304 0.022 0.505 7.42e-05 0.0025 0.942 inverted 16.417183478566233
0.304 0.022 0.505 7.42e-05 0.0025 1.884 inverted 11.041258749924658
0.304 0.022 0.505 7.42e-05 0.0025 1.57 normal 7.687932552778152
0.304 0.022 0.505 7.42e-05 0.0025 2.826 inverted 8.427573758180383
0.304 0.022 0.505 7.42e-05 0.0025 3.454 normal 3.323927575545316
0.304 0.022 0.505 7.42e-05 0.0025 0.628 normal 12.00611283968921
0.304 0.022 0.505 7.42e-05 0.0025 3.14 normal 2.9212403750205516
0.304 0.022 0.505 7.42e-05 0.0025 2.198 normal 4.004991688325337
0.304 0.022 0.505 7.42e-05 0.0025 3.454 inverted 9.246951005158252
0.304 0.022 0.505 7.42e-05 0.0025 2.512 inverted 8.631772690032237
0.304 0.022 0.505 7.42e-05 0.0025 1.256 inverted 14.928083413639202
0.304 0.022 0.505 7.42e-05 0.0025 2.826 normal 2.7260465510385345
0.304 0.022 0.505 7.42e-05 0.0025 0.314 inverted 16.791648151726392
0.304 0.022 0.505 7.42e-05 0.0025 3.768 normal 3.6700118755705486
0.304 0.022 0.505 7.42e-05 0.0025 5.338 normal 5.039726082114237
0.304 0.022 0.505 7.42e-05 0.0025 4.71 normal 3.791995260205286
0.304 0.022 0.505 7.42e-05 0.0025 4.396 normal 3.783305086467656
0.304 0.022 0.505 7.42e-05 0.0025 5.652 inverted 12.297579299674712
0.304 0.022 0.505 7.42e-05 0.0025 4.082 normal 3.8121885697154783
0.304 0.022 0.505 7.42e-05 0.0025 5.338 inverted 10.996718687488642
0.304 0.022 0.505 7.42e-05 0.0025 4.082 inverted 9.961195369997245
0.304 0.022 0.505 7.42e-05 0.0025 5.024 normal 4.129111196586388
0.304 0.022 0.505 7.42e-05 0.0025 4.71 inverted 10.001797941612173
0.304 0.022 0.5216666666666667 7.42e-05 0.0025 0.314 normal 11.55551181498677
0.304 0.022 0.505 7.42e-05 0.0025 5.652 normal 6.563083512492724
0.304 0.022 0.505 7.42e-05 0.0025 3.768 inverted 9.715081883752344
0.304 0.022 0.505 7.42e-05 0.0025 5.024 inverted 10.255047815375622
0.304 0.022 0.505 7.42e-05 0.0025 5.966 inverted 13.974168343796572
0.304 0.022 0.505 7.42e-05 0.0025 5.966 normal 8.481902588656151
0.304 0.022 0.505 7.42e-05 0.0025 4.396 inverted 9.998692549782602
0.304 0.022 0.5216666666666667 7.42e-05 0.0025 0.628 inverted 17.3049681571349
0.304 0.022 0.505 7.42e-05 0.0025 6.28 normal 10.345465458571756
0.304 0.022 0.505 7.42e-05 0.0025 6.28 inverted 15.624000305000726
0.304 0.022 0.5216666666666667 7.42e-05 0.0025 0.0 inverted 15.693958892626199
0.304 0.022 0.5216666666666667 7.42e-05 0.0025 0.314 inverted 16.95413952918617
0.304 0.022 0.5216666666666667 7.42e-05 0.0025 0.628 normal 11.956430797890192
0.304 0.022 0.5216666666666667 7.42e-05 0.0025 0.0 normal 10.17488994409701
0.304 0.022 0.5216666666666667 7.42e-05 0.0025 0.942 normal 11.255042389078357
0.304 0.022 0.5216666666666667 7.42e-05 0.0025 1.57 inverted 12.991933088350956
0.304 0.022 0.5216666666666667 7.42e-05 0.0025 4.082 normal 2.7491901066519824
0.304 0.022 0.5216666666666667 7.42e-05 0.0025 3.454 inverted 8.209194425268919
0.304 0.022 0.5216666666666667 7.42e-05 0.0025 1.884 normal 5.333011186411213
0.304 0.022 0.5216666666666667 7.42e-05 0.0025 0.942 inverted 16.622627652798112
0.304 0.022 0.5216666666666667 7.42e-05 0.0025 3.454 normal 2.326300532681249
0.304 0.022 0.5216666666666667 7.42e-05 0.0025 3.14 inverted 7.813219003596236
0.304 0.022 0.5216666666666667 7.42e-05 0.0025 4.082 inverted 8.856677508196016
0.304 0.022 0.5216666666666667 7.42e-05 0.0025 2.512 normal 2.418283597032536
0.304 0.022 0.5216666666666667 7.42e-05 0.0025 1.256 normal 9.636368994806519
0.304 0.022 0.5216666666666667 7.42e-05 0.0025 4.396 inverted 8.966323918005253
0.304 0.022 0.5216666666666667 7.42e-05 0.0025 2.512 inverted 8.078005556021576
0.304 0.022 0.5216666666666667 7.42e-05 0.0025 2.826 normal 1.9659605958224031
0.304 0.022 0.5216666666666667 7.42e-05 0.0025 3.14 normal 2.0243451960707985
0.304 0.022 0.5216666666666667 7.42e-05 0.0025 2.826 inverted 7.680403509404687
0.304 0.022 0.5216666666666667 7.42e-05 0.0025 2.198 inverted 9.16097898957044
0.304 0.022 0.5216666666666667 7.42e-05 0.0025 1.256 inverted 15.054956189485798
0.304 0.022 0.5216666666666667 7.42e-05 0.0025 1.57 normal 7.503266404037166
0.304 0.022 0.5216666666666667 7.42e-05 0.0025 2.198 normal 3.5511286323517264
0.304 0.022 0.5216666666666667 7.42e-05 0.0025 1.884 inverted 10.885433628657218
0.304 0.022 0.5216666666666667 7.42e-05 0.0025 3.768 inverted 8.60741601468251
0.304 0.022 0.5216666666666667 7.42e-05 0.0025 4.396 normal 2.775596361194799
0.304 0.022 0.5216666666666667 7.42e-05 0.0025 3.768 normal 2.6116886130149797
0.304 0.022 0.5216666666666667 7.42e-05 0.0025 5.652 normal 6.118383350739496
0.304 0.022 0.5216666666666667 7.42e-05 0.0025 4.71 normal 2.887942625404126
0.304 0.022 0.5383333333333333 7.42e-05 0.0025 0.314 inverted 17.117665418751834
0.304 0.022 0.5383333333333333 7.42e-05 0.0025 1.57 normal 7.333837817541354
0.304 0.022 0.5216666666666667 7.42e-05 0.0025 5.338 inverted 10.48884050740072
0.304 0.022 0.5216666666666667 7.42e-05 0.0025 5.338 normal 4.431954504207081
0.304 0.022 0.5216666666666667 7.42e-05 0.0025 5.024 normal 3.3649823013775593
0.304 0.022 0.5383333333333333 7.42e-05 0.0025 1.57 inverted 12.977015502891083
0.304 0.022 0.5216666666666667 7.42e-05 0.0025 5.966 inverted 13.867271898096263
0.304 0.022 0.5383333333333333 7.42e-05 0.0025 0.0 normal 10.044759119679423
0.304 0.022 0.5216666666666667 7.42e-05 0.0025 6.28 normal 10.157766705624582
0.304 0.022 0.5383333333333333 7.42e-05 0.0025 0.0 inverted 15.74045533911284
0.304 0.022 0.5216666666666667 7.42e-05 0.0025 6.28 inverted 15.677660560231327
0.304 0.022 0.5216666666666667 7.42e-05 0.0025 5.966 normal 8.178932018697065
0.304 0.022 0.5383333333333333 7.42e-05 0.0025 1.256 inverted 15.167079661289604
0.304 0.022 0.5383333333333333 7.42e-05 0.0025 0.314 normal 11.522978955736525
0.304 0.022 0.5216666666666667 7.42e-05 0.0025 4.71 inverted 9.10538675065453
0.304 0.022 0.5216666666666667 7.42e-05 0.0025 5.652 inverted 12.00020614424597
0.304 0.022 0.5383333333333333 7.42e-05 0.0025 0.628 normal 11.968473193197134
0.304 0.022 0.5216666666666667 7.42e-05 0.0025 5.024 inverted 9.540213687027574
0.304 0.022 0.5383333333333333 7.42e-05 0.0025 0.942 inverted 16.811410096872628
0.304 0.022 0.5383333333333333 7.42e-05 0.0025 0.628 inverted 17.521922292125385
0.304 0.022 0.5383333333333333 7.42e-05 0.0025 1.256 normal 9.579372520475493
0.304 0.022 0.5383333333333333 7.42e-05 0.0025 0.942 normal 11.264119745736734
0.304 0.022 0.5383333333333333 7.42e-05 0.0025 2.826 inverted 6.863934286626808
0.304 0.022 0.5383333333333333 7.42e-05 0.0025 2.198 normal 3.095584780992891
0.304 0.022 0.5383333333333333 7.42e-05 0.0025 3.14 inverted 6.8112613447183525
0.304 0.022 0.5383333333333333 7.42e-05 0.0025 2.826 normal 1.1687838602528513
0.304 0.022 0.5383333333333333 7.42e-05 0.0025 1.884 normal 5.030256361869625
0.304 0.022 0.5383333333333333 7.42e-05 0.0025 5.338 normal 3.7639351273667354
0.304 0.022 0.5383333333333333 7.42e-05 0.0025 2.198 inverted 8.761468774557413
0.304 0.022 0.5383333333333333 7.42e-05 0.0025 3.454 normal 1.2404865731224837
0.304 0.022 0.5383333333333333 7.42e-05 0.0025 1.884 inverted 10.684600539397563
0.304 0.022 0.5383333333333333 7.42e-05 0.0025 5.024 inverted 8.69227672355941
0.304 0.022 0.5383333333333333 7.42e-05 0.0025 4.082 inverted 7.601714842929366
0.304 0.022 0.5383333333333333 7.42e-05 0.0025 4.71 inverted 8.056302529403832
0.304 0.022 0.5383333333333333 7.42e-05 0.0025 3.768 normal 1.4439175232367363
0.304 0.022 0.5383333333333333 7.42e-05 0.0025 2.512 inverted 7.467660063618199
0.304 0.022 0.5383333333333333 7.42e-05 0.0025 5.024 normal 2.5032411784243984
0.304 0.022 0.5383333333333333 7.42e-05 0.0025 4.396 inverted 7.7744208276617455
0.304 0.022 0.5383333333333333 7.42e-05 0.0025 4.396 normal 1.6325250171066743
0.304 0.022 0.5383333333333333 7.42e-05 0.0025 4.082 normal 1.5577273457400749
0.304 0.022 0.5383333333333333 7.42e-05 0.0025 5.338 inverted 9.882403013727684
0.304 0.022 0.5383333333333333 7.42e-05 0.0025 3.14 normal 1.071149495319351
0.304 0.022 0.5383333333333333 7.42e-05 0.0025 3.768 inverted 7.369520097079565
0.304 0.022 0.5383333333333333 7.42e-05 0.0025 2.512 normal 1.7914507938099014
0.304 0.022 0.5383333333333333 7.42e-05 0.0025 3.454 inverted 7.060075131967202
0.304 0.022 0.5383333333333333 7.42e-05 0.0025 4.71 normal 1.8575572359101837
0.304 0.022 0.5383333333333333 7.42e-05 0.0025 5.966 normal 7.896136270518254
0.304 0.022 0.5383333333333333 7.42e-05 0.0025 6.28 inverted 15.720312298219817
0.304 0.022 0.5549999999999999 7.42e-05 0.0025 0.0 normal 10.161415075222214
0.304 0.022 0.5383333333333333 7.42e-05 0.0025 5.966 inverted 13.729759985036159
0.304 0.022 0.5383333333333333 7.42e-05 0.0025 6.28 normal 10.0242267408684
0.304 0.022 0.5549999999999999 7.42e-05 0.0025 2.198 inverted 8.598438363116099
0.304 0.022 0.5549999999999999 7.42e-05 0.0025 1.256 normal 9.793359480797086
0.304 0.022 0.5549999999999999 7.42e-05 0.0025 0.0 inverted 16.022429478922
0.304 0.022 0.5383333333333333 7.42e-05 0.0025 5.652 inverted 11.64062547619204
0.304 0.022 0.5549999999999999 7.42e-05 0.0025 0.628 inverted 17.9928420396254
0.304 0.022 0.5549999999999999 7.42e-05 0.0025 0.628 normal 12.252256737257138
0.304 0.022 0.5549999999999999 7.42e-05 0.0025 0.314 normal 11.754461968176571
0.304 0.022 0.5383333333333333 7.42e-05 0.0025 5.652 normal 5.6498087309416825
0.304 0.022 0.5549999999999999 7.42e-05 0.0025 0.942 inverted 17.273535046613382
0.304 0.022 0.5549999999999999 7.42e-05 0.0025 2.512 normal 1.4136794110494424
0.304 0.022 0.5549999999999999 7.42e-05 0.0025 0.314 inverted 17.539317463709242
0.304 0.022 0.5549999999999999 7.42e-05 0.0025 2.198 normal 2.8869917574047026
0.304 0.022 0.5549999999999999 7.42e-05 0.0025 1.884 inverted 10.727342958653841
0.304 0.022 0.5549999999999999 7.42e-05 0.0025 1.256 inverted 15.53118208415617
0.304 0.022 0.5549999999999999 7.42e-05 0.0025 2.512 inverted 7.086265652029656
0.304 0.022 0.5549999999999999 7.42e-05 0.0025 0.942 normal 11.530424037117468
0.304 0.022 0.5549999999999999 7.42e-05 0.0025 1.57 inverted 13.19116071912389
0.304 0.022 0.5549999999999999 7.42e-05 0.0025 1.57 normal 7.441994274530999
0.304 0.022 0.5549999999999999 7.42e-05 0.0025 1.884 normal 4.989037531257121
0.304 0.022 0.5549999999999999 7.42e-05 0.0025 3.768 normal 0.4343152426240497
0.304 0.022 0.5549999999999999 7.42e-05 0.0025 2.826 inverted 6.270419321299959
0.304 0.022 0.5549999999999999 7.42e-05 0.0025 4.396 inverted 6.70286030386975
0.304 0.022 0.5549999999999999 7.42e-05 0.0025 2.826 normal 0.6099998452125249
0.304 0.022 0.5549999999999999 7.42e-05 0.0025 3.14 normal 0.33246756499925784
0.304 0.022 0.5549999999999999 7.42e-05 0.0025 6.28 normal 10.142057166450755
0.304 0.022 0.5549999999999999 7.42e-05 0.0025 5.652 inverted 11.46588935035656
0.304 0.022 0.5549999999999999 7.42e-05 0.0025 5.338 inverted 9.431284579507683
0.304 0.022 0.5549999999999999 7.42e-05 0.0025 4.082 normal 0.5007153732108003
0.304 0.022 0.5549999999999999 7.42e-05 0.0025 5.024 normal 1.7711505197002737
0.304 0.022 0.5549999999999999 7.42e-05 0.0025 4.396 normal 0.6062292815145814
0.304 0.022 0.5549999999999999 7.42e-05 0.0025 3.768 inverted 6.286386429306076
0.304 0.022 0.5549999999999999 7.42e-05 0.0025 4.71 normal 0.9458854762428289
0.304 0.022 0.5549999999999999 7.42e-05 0.0025 5.338 normal 3.262872620358908
0.304 0.022 0.5549999999999999 7.42e-05 0.0025 5.966 normal 7.840751084484684
0.304 0.022 0.5549999999999999 7.42e-05 0.0025 3.14 inverted 6.011872431960763
0.304 0.022 0.5549999999999999 7.42e-05 0.0025 3.454 normal 0.3454168550728841
0.304 0.022 0.5549999999999999 7.42e-05 0.0025 3.454 inverted 6.091798885932922
0.304 0.022 0.5549999999999999 7.42e-05 0.0025 4.71 inverted 7.1255868807061855
0.304 0.022 0.5549999999999999 7.42e-05 0.0025 6.28 inverted 16.00300587941079
0.304 0.022 0.5549999999999999 7.42e-05 0.0025 5.966 inverted 13.807224360765675
0.304 0.022 0.5549999999999999 7.42e-05 0.0025 5.024 inverted 7.9807885023165115
0.304 0.022 0.5549999999999999 7.42e-05 0.0025 4.082 inverted 6.479062425941921
0.304 0.022 0.5549999999999999 7.42e-05 0.0025 5.652 normal 5.382342414606841
0.304 0.022 0.5716666666666667 7.42e-05 0.0025 0.0 inverted 16.94892052330999
0.304 0.022 0.5716666666666667 7.42e-05 0.0025 1.256 normal 10.6361112835108
0.304 0.022 0.5716666666666667 7.42e-05 0.0025 0.628 inverted 19.11792683443899
0.304 0.022 0.5716666666666667 7.42e-05 0.0025 0.942 inverted 18.373599139084828
0.304 0.022 0.5716666666666667 7.42e-05 0.0025 1.57 inverted 14.092985105426084
0.304 0.022 0.5716666666666667 7.42e-05 0.0025 0.0 normal 10.889796258029152
0.304 0.022 0.5716666666666667 7.42e-05 0.0025 2.198 normal 3.361628273742131
0.304 0.022 0.5716666666666667 7.42e-05 0.0025 0.314 normal 12.6136588456656
0.304 0.022 0.5716666666666667 7.42e-05 0.0025 3.14 normal 0.2458622913212308
0.304 0.022 0.5716666666666667 7.42e-05 0.0025 3.454 normal 0.07526968088639353
0.304 0.022 0.5716666666666667 7.42e-05 0.0025 3.14 inverted 5.870710508149275
0.304 0.022 0.5716666666666667 7.42e-05 0.0025 1.256 inverted 16.57406378780227
0.304 0.022 0.5716666666666667 7.42e-05 0.0025 0.942 normal 12.449031903486526
0.304 0.022 0.5716666666666667 7.42e-05 0.0025 2.512 inverted 7.3888496348564905
0.304 0.022 0.5716666666666667 7.42e-05 0.0025 3.454 inverted 5.758977812852417
0.304 0.022 0.5716666666666667 7.42e-05 0.0025 0.314 inverted 18.615187498691277
0.304 0.022 0.5716666666666667 7.42e-05 0.0025 2.512 normal 1.7077292734179885
0.304 0.022 0.5716666666666667 7.42e-05 0.0025 1.884 inverted 11.444349461952411
0.304 0.022 0.5716666666666667 7.42e-05 0.0025 2.198 inverted 9.11383765303825
0.304 0.022 0.5716666666666667 7.42e-05 0.0025 1.884 normal 5.610565223587233
0.304 0.022 0.5716666666666667 7.42e-05 0.0025 0.628 normal 13.174339031122758
0.304 0.022 0.5716666666666667 7.42e-05 0.0025 2.826 inverted 6.3463094568533736
0.304 0.022 0.5716666666666667 7.42e-05 0.0025 1.57 normal 8.205244917356612
0.304 0.022 0.5716666666666667 7.42e-05 0.0025 2.826 normal 0.7196665085211662
0.304 0.022 0.5716666666666667 7.42e-05 0.0025 5.966 inverted 14.516799134973247
0.304 0.022 0.5716666666666667 7.42e-05 0.0025 3.768 inverted 5.810461418415292
0.304 0.022 0.5716666666666667 7.42e-05 0.0025 4.71 normal 0.5547809534299605
0.304 0.022 0.5716666666666667 7.42e-05 0.0025 5.338 normal 3.2999120975683027
0.304 0.022 0.5716666666666667 7.42e-05 0.0025 4.396 inverted 6.195984502305622
0.304 0.022 0.5716666666666667 7.42e-05 0.0025 6.28 normal 10.867100105336776
0.304 0.022 0.5716666666666667 7.42e-05 0.0025 5.338 inverted 9.565868271135285
0.304 0.022 0.5883333333333334 7.42e-05 0.0025 0.628 inverted 21.49309418000215
0.304 0.022 0.5716666666666667 7.42e-05 0.0025 5.652 inverted 11.89819821313339
0.304 0.022 0.5883333333333334 7.42e-05 0.0025 0.628 normal 15.255475272724684
0.304 0.022 0.5716666666666667 7.42e-05 0.0025 4.71 inverted 6.752878221468293
0.304 0.022 0.5716666666666667 7.42e-05 0.0025 5.652 normal 5.677985446707612
0.304 0.022 0.5716666666666667 7.42e-05 0.0025 6.28 inverted 16.924841093140998
0.304 0.022 0.5716666666666667 7.42e-05 0.0025 5.024 normal 1.5664629658141787
0.304 0.022 0.5716666666666667 7.42e-05 0.0025 3.768 normal 0.01696703034733269
0.304 0.022 0.5883333333333334 7.42e-05 0.0025 0.314 normal 14.618640991367714
0.304 0.022 0.5883333333333334 7.42e-05 0.0025 0.314 inverted 20.924403232874973
0.304 0.022 0.5716666666666667 7.42e-05 0.0025 5.024 inverted 7.834070744271062
0.304 0.022 0.5883333333333334 7.42e-05 0.0025 0.0 normal 12.74926528490339
0.304 0.022 0.5716666666666667 7.42e-05 0.0025 4.082 inverted 5.939187036069693
0.304 0.022 0.5716666666666667 7.42e-05 0.0025 4.082 normal 0.002764519210468233
0.304 0.022 0.5716666666666667 7.42e-05 0.0025 5.966 normal 8.3759863070061
0.304 0.022 0.5716666666666667 7.42e-05 0.0025 4.396 normal 0.11430873228277545
0.304 0.022 0.5883333333333334 7.42e-05 0.0025 0.0 inverted 19.097333917548998
0.304 0.022 0.5883333333333334 7.42e-05 0.0025 0.942 normal 14.536982148733479
0.304 0.022 0.5883333333333334 7.42e-05 0.0025 1.256 normal 12.685110361097365
0.304 0.022 0.5883333333333334 7.42e-05 0.0025 1.884 inverted 13.432954029992443
0.304 0.022 0.5883333333333334 7.42e-05 0.0025 1.884 normal 7.465603220690773
0.304 0.022 0.5883333333333334 7.42e-05 0.0025 2.198 normal 5.074042674690809
0.304 0.022 0.5883333333333334 7.42e-05 0.0025 3.14 inverted 7.003688393999973
0.304 0.022 0.5883333333333334 7.42e-05 0.0025 0.942 inverted 20.740145097923826
0.304 0.022 0.5883333333333334 7.42e-05 0.0025 3.454 normal 1.020739316339896
0.304 0.022 0.5883333333333334 7.42e-05 0.0025 4.082 inverted 6.591263306418149
0.304 0.022 0.5883333333333334 7.42e-05 0.0025 2.198 inverted 10.91104835918501
0.304 0.022 0.5883333333333334 7.42e-05 0.0025 4.082 normal 0.645029138111328
0.304 0.022 0.5883333333333334 7.42e-05 0.0025 1.57 normal 10.153355603904462
0.304 0.022 0.5883333333333334 7.42e-05 0.0025 4.396 inverted 6.856403039775913
0.304 0.022 0.5883333333333334 7.42e-05 0.0025 1.256 inverted 18.85826648736729
0.304 0.022 0.5883333333333334 7.42e-05 0.0025 2.512 inverted 8.977316253843755
0.304 0.022 0.5883333333333334 7.42e-05 0.0025 2.826 inverted 7.71036923650346
0.304 0.022 0.5883333333333334 7.42e-05 0.0025 3.14 normal 1.4027299711988788
0.304 0.022 0.5883333333333334 7.42e-05 0.0025 2.512 normal 3.264188548276842
0.304 0.022 0.5883333333333334 7.42e-05 0.0025 2.826 normal 2.0852099574511964
0.304 0.022 0.5883333333333334 7.42e-05 0.0025 1.57 inverted 16.231095920236335
0.304 0.022 0.5883333333333334 7.42e-05 0.0025 3.454 inverted 6.676981227411936
0.304 0.022 0.5883333333333334 7.42e-05 0.0025 4.396 normal 0.7280101436640026
0.304 0.022 0.5883333333333334 7.42e-05 0.0025 3.768 normal 0.7795615305659696
0.304 0.022 0.5883333333333334 7.42e-05 0.0025 3.768 inverted 6.5552935360557445
0.304 0.022 0.5883333333333334 7.42e-05 0.0025 5.024 normal 2.437890130921938
0.304 0.022 0.5883333333333334 7.42e-05 0.0025 5.652 normal 7.067899189023869
0.304 0.022 0.605 7.42e-05 0.0025 1.57 inverted 20.397315230738904
0.304 0.022 0.5883333333333334 7.42e-05 0.0025 5.338 inverted 10.866495065901887
0.304 0.022 0.605 7.42e-05 0.0025 0.0 inverted 23.198217519729635
0.304 0.022 0.605 7.42e-05 0.0025 0.942 inverted 25.097541888023947
0.304 0.022 0.5883333333333334 7.42e-05 0.0025 5.966 normal 10.020431242356107
0.304 0.022 0.5883333333333334 7.42e-05 0.0025 4.71 inverted 7.541554109206969
0.304 0.022 0.605 7.42e-05 0.0025 1.57 normal 14.032543602873272
0.304 0.022 0.605 7.42e-05 0.0025 0.628 inverted 25.844230855931553
0.304 0.022 0.5883333333333334 7.42e-05 0.0025 4.71 normal 1.2483943101216932
0.304 0.022 0.5883333333333334 7.42e-05 0.0025 5.652 inverted 13.510107542878941
0.304 0.022 0.5883333333333334 7.42e-05 0.0025 6.28 inverted 19.074461238318676
0.304 0.022 0.5883333333333334 7.42e-05 0.0025 5.966 inverted 16.42987123235603
0.304 0.022 0.605 7.42e-05 0.0025 0.0 normal 16.411397092071883
0.304 0.022 0.5883333333333334 7.42e-05 0.0025 5.024 inverted 8.840874191701948
0.304 0.022 0.5883333333333334 7.42e-05 0.0025 5.338 normal 4.4138926919471055
0.304 0.022 0.5883333333333334 7.42e-05 0.0025 6.28 normal 12.727552000621731
0.304 0.022 0.605 7.42e-05 0.0025 0.628 normal 19.180579381184373
0.304 0.022 0.605 7.42e-05 0.0025 0.314 inverted 25.175735762974103
0.304 0.022 0.605 7.42e-05 0.0025 1.256 inverted 23.14485274658505
0.304 0.022 0.605 7.42e-05 0.0025 0.942 normal 18.48955912581553
0.304 0.022 0.605 7.42e-05 0.0025 0.314 normal 18.455007081383684
0.304 0.022 0.605 7.42e-05 0.0025 1.256 normal 16.613552430509444
0.304 0.022 0.605 7.42e-05 0.0025 3.454 inverted 9.611323535171607
0.304 0.022 0.605 7.42e-05 0.0025 1.884 normal 11.257377342201769
0.304 0.022 0.605 7.42e-05 0.0025 1.884 inverted 17.443601979460343
0.304 0.022 0.605 7.42e-05 0.0025 4.396 normal 3.1788675335972907
0.304 0.022 0.605 7.42e-05 0.0025 3.454 normal 3.9234824098397096
0.304 0.022 0.605 7.42e-05 0.0025 4.082 normal 3.161541254641743
0.304 0.022 0.605 7.42e-05 0.0025 2.826 inverted 11.127405972127587
0.304 0.022 0.605 7.42e-05 0.0025 5.338 inverted 14.073523612771432
0.304 0.022 0.605 7.42e-05 0.0025 2.512 inverted 12.619861133158036
0.304 0.022 0.605 7.42e-05 0.0025 2.826 normal 5.444929727576487
0.304 0.022 0.605 7.42e-05 0.0025 2.198 normal 8.7668530114723
0.304 0.022 0.605 7.42e-05 0.0025 5.024 normal 5.088243284044599
0.304 0.022 0.605 7.42e-05 0.0025 3.768 inverted 9.29136352849048
0.304 0.022 0.605 7.42e-05 0.0025 4.396 inverted 9.45197331577953
0.304 0.022 0.605 7.42e-05 0.0025 3.768 normal 3.459317784734053
0.304 0.022 0.605 7.42e-05 0.0025 2.198 inverted 14.754493895662256
0.304 0.022 0.605 7.42e-05 0.0025 4.71 inverted 10.241455143716612
0.304 0.022 0.605 7.42e-05 0.0025 3.14 inverted 10.178149090674856
0.304 0.022 0.605 7.42e-05 0.0025 5.338 normal 7.2927649704382445
0.304 0.022 0.605 7.42e-05 0.0025 3.14 normal 4.543990219352112
0.304 0.022 0.605 7.42e-05 0.0025 2.512 normal 6.808370881627204
0.304 0.022 0.605 7.42e-05 0.0025 4.082 inverted 9.198876641433259
0.304 0.022 0.605 7.42e-05 0.0025 5.024 inverted 11.751312107799711
0.304 0.022 0.605 7.42e-05 0.0025 4.71 normal 3.741560324981461
0.304 0.022 0.6216666666666666 7.42e-05 0.0025 0.0 normal 22.686545404926132
0.304 0.022 0.605 7.42e-05 0.0025 5.652 normal 10.219271994702869
0.304 0.022 0.605 7.42e-05 0.0025 6.28 inverted 23.167853572432282
0.304 0.022 0.605 7.42e-05 0.0025 5.652 inverted 17.044730751928356
0.304 0.022 0.6216666666666666 7.42e-05 0.0025 2.512 normal 13.21480887096304
0.304 0.022 0.6216666666666666 7.42e-05 0.0025 0.628 normal 25.739063021238852
0.304 0.022 0.6216666666666666 7.42e-05 0.0025 1.256 normal 23.28382904324748
0.304 0.022 0.605 7.42e-05 0.0025 5.966 inverted 20.272741748117102
0.304 0.022 0.6216666666666666 7.42e-05 0.0025 1.57 normal 20.657742314030983
0.304 0.022 0.6216666666666666 7.42e-05 0.0025 1.57 inverted 27.462926126895727
0.304 0.022 0.6216666666666666 7.42e-05 0.0025 1.884 inverted 24.37812755344673
0.304 0.022 0.6216666666666666 7.42e-05 0.0025 0.0 inverted 30.12184343059116
0.304 0.022 0.6216666666666666 7.42e-05 0.0025 0.314 normal 24.90401897604854
0.304 0.022 0.6216666666666666 7.42e-05 0.0025 0.314 inverted 32.275497437082315
0.304 0.022 0.6216666666666666 7.42e-05 0.0025 2.512 inverted 19.217409175918018
0.304 0.022 0.6216666666666666 7.42e-05 0.0025 0.942 inverted 32.30569658795603
0.304 0.022 0.605 7.42e-05 0.0025 5.966 normal 13.449950320973825
0.304 0.022 0.6216666666666666 7.42e-05 0.0025 2.198 inverted 21.544144206849218
0.304 0.022 0.6216666666666666 7.42e-05 0.0025 0.628 inverted 33.042279050316395
0.304 0.022 0.6216666666666666 7.42e-05 0.0025 0.942 normal 25.130981856740874
0.304 0.022 0.6216666666666666 7.42e-05 0.0025 1.884 normal 17.85697880236416
0.304 0.022 0.6216666666666666 7.42e-05 0.0025 2.198 normal 15.289653512627961
0.304 0.022 0.6216666666666666 7.42e-05 0.0025 1.256 inverted 30.279950796026565
0.304 0.022 0.605 7.42e-05 0.0025 6.28 normal 16.384566356982084
0.304 0.022 0.6216666666666666 7.42e-05 0.0025 2.826 normal 11.680013722752017
0.304 0.022 0.6216666666666666 7.42e-05 0.0025 3.14 inverted 16.30661004719074
0.304 0.022 0.6216666666666666 7.42e-05 0.0025 4.082 inverted 14.692108166312156
0.304 0.022 0.6216666666666666 7.42e-05 0.0025 4.71 inverted 15.75781124835066
0.304 0.022 0.6216666666666666 7.42e-05 0.0025 3.14 normal 10.55325486379214
0.304 0.022 0.6216666666666666 7.42e-05 0.0025 6.28 normal 22.66265551253636
0.304 0.022 0.6216666666666666 7.42e-05 0.0025 2.826 inverted 17.50935877922892
0.304 0.022 0.6216666666666666 7.42e-05 0.0025 5.338 normal 12.788438925508387
0.304 0.022 0.6216666666666666 7.42e-05 0.0025 5.024 normal 10.363500099342472
0.304 0.022 0.6216666666666666 7.42e-05 0.0025 5.652 inverted 23.382176658564898
0.304 0.022 0.6216666666666666 7.42e-05 0.0025 3.768 normal 8.9418035546134
0.304 0.022 0.6216666666666666 7.42e-05 0.0025 4.082 normal 8.431658821022745
0.304 0.022 0.6216666666666666 7.42e-05 0.0025 4.71 normal 8.899881202658412
0.304 0.022 0.6216666666666666 7.42e-05 0.0025 3.454 inverted 15.48347647522385
0.304 0.022 0.6216666666666666 7.42e-05 0.0025 5.024 inverted 17.475638452266395
0.304 0.022 0.6216666666666666 7.42e-05 0.0025 6.28 inverted 30.09012791392468
0.304 0.022 0.6216666666666666 7.42e-05 0.0025 5.652 normal 15.985717648574733
0.304 0.022 0.6216666666666666 7.42e-05 0.0025 3.454 normal 9.668935971480916
0.304 0.022 0.6216666666666666 7.42e-05 0.0025 5.966 normal 19.48082649419695
0.304 0.022 0.6216666666666666 7.42e-05 0.0025 3.768 inverted 14.93189430637757
0.304 0.022 0.6216666666666666 7.42e-05 0.0025 5.966 inverted 26.91387205288792
0.304 0.022 0.6216666666666666 7.42e-05 0.0025 4.396 inverted 14.88773334170285
0.304 0.022 0.6216666666666666 7.42e-05 0.0025 4.396 normal 8.332561705777225
0.304 0.022 0.6216666666666666 7.42e-05 0.0025 5.338 inverted 20.079823972835328
0.304 0.022 0.6383333333333333 7.42e-05 0.0025 1.57 inverted 38.46032313712114
0.304 0.022 0.6383333333333333 7.42e-05 0.0025 0.628 normal 35.939720209291316
0.304 0.022 0.6383333333333333 7.42e-05 0.0025 0.0 inverted 40.877317232762515
0.304 0.022 0.6383333333333333 7.42e-05 0.0025 1.256 inverted 41.35987687150416
0.304 0.022 0.6383333333333333 7.42e-05 0.0025 0.314 inverted 43.242324393344845
0.304 0.022 0.6383333333333333 7.42e-05 0.0025 2.826 inverted 27.909982250150748
0.304 0.022 0.6383333333333333 7.42e-05 0.0025 0.942 inverted 43.41050252575358
0.304 0.022 0.6383333333333333 7.42e-05 0.0025 0.314 normal 34.958362101113025
0.304 0.022 0.6383333333333333 7.42e-05 0.0025 0.942 normal 35.41853024989264
0.304 0.022 0.6383333333333333 7.42e-05 0.0025 2.512 inverted 29.830921005687067
0.304 0.022 0.6383333333333333 7.42e-05 0.0025 2.512 normal 23.499016752374384
0.304 0.022 0.6383333333333333 7.42e-05 0.0025 3.14 normal 20.456810625408952
0.304 0.022 0.6383333333333333 7.42e-05 0.0025 3.454 normal 19.282901951605986
0.304 0.022 0.6383333333333333 7.42e-05 0.0025 2.198 inverted 32.32173386194618
0.304 0.022 0.6383333333333333 7.42e-05 0.0025 0.0 normal 32.54329451041596
0.304 0.022 0.6383333333333333 7.42e-05 0.0025 1.57 normal 31.067855338826813
0.304 0.022 0.6383333333333333 7.42e-05 0.0025 3.454 inverted 25.352865503172865
0.304 0.022 0.6383333333333333 7.42e-05 0.0025 1.884 normal 28.262680473887094
0.304 0.022 0.6383333333333333 7.42e-05 0.0025 1.256 normal 33.633761071105994
0.304 0.022 0.6383333333333333 7.42e-05 0.0025 2.198 normal 25.65307154611254
0.304 0.022 0.6383333333333333 7.42e-05 0.0025 0.628 inverted 44.10773252678587
0.304 0.022 0.6383333333333333 7.42e-05 0.0025 1.884 inverted 35.28751770833718
0.304 0.022 0.6383333333333333 7.42e-05 0.0025 3.14 inverted 26.45295288573192
0.304 0.022 0.6383333333333333 7.42e-05 0.0025 2.826 normal 21.81162766549263
0.304 0.022 0.6383333333333333 7.42e-05 0.0025 3.768 inverted 24.53997085696218
0.304 0.022 0.6383333333333333 7.42e-05 0.0025 5.338 inverted 29.91656127398004
0.304 0.022 0.6383333333333333 7.42e-05 0.0025 4.396 normal 17.19814151787137
0.304 0.022 0.6383333333333333 7.42e-05 0.0025 4.71 inverted 25.13141862450522
0.304 0.022 0.6383333333333333 7.42e-05 0.0025 6.28 normal 32.51107059656609
0.304 0.022 0.6383333333333333 7.42e-05 0.0025 5.024 normal 19.269583741823734
0.304 0.022 0.6383333333333333 7.42e-05 0.0025 4.396 inverted 24.224045545473107
0.304 0.022 0.6383333333333333 7.42e-05 0.0025 5.652 normal 25.331117213341454
0.304 0.022 0.6383333333333333 7.42e-05 0.0025 5.338 normal 21.877157555905043
0.304 0.022 0.6383333333333333 7.42e-05 0.0025 4.082 normal 17.47391340231996
0.304 0.022 0.6383333333333333 7.42e-05 0.0025 5.652 inverted 33.550570881130966
0.304 0.022 0.6383333333333333 7.42e-05 0.0025 5.024 inverted 27.037833815998194
0.304 0.022 0.6383333333333333 7.42e-05 0.0025 4.71 normal 17.722509442549423
0.304 0.022 0.655 7.42e-05 0.0025 0.0 inverted 56.63898779683644
0.304 0.022 0.6383333333333333 7.42e-05 0.0025 4.082 inverted 24.100837193506436
0.304 0.022 0.6383333333333333 7.42e-05 0.0025 5.966 inverted 37.40339472354756
0.304 0.022 0.6383333333333333 7.42e-05 0.0025 3.768 normal 18.250973278872866
0.304 0.022 0.6383333333333333 7.42e-05 0.0025 6.28 inverted 40.85170468893342
0.304 0.022 0.655 7.42e-05 0.0025 0.314 inverted 59.20057895286633
0.304 0.022 0.6383333333333333 7.42e-05 0.0025 5.966 normal 29.09302630409193
0.304 0.022 0.655 7.42e-05 0.0025 0.314 normal 49.712892247446256
0.304 0.022 0.655 7.42e-05 0.0025 0.628 inverted 60.19547689977643
0.304 0.022 0.655 7.42e-05 0.0025 0.628 normal 50.864881635048576
0.304 0.022 0.655 7.42e-05 0.0025 0.0 normal 47.08251016430905
0.304 0.022 0.655 7.42e-05 0.0025 1.884 normal 43.59144309650843
0.304 0.022 0.655 7.42e-05 0.0025 0.942 inverted 59.559511916725484
0.304 0.022 0.655 7.42e-05 0.0025 1.256 inverted 57.49150821745636
0.304 0.022 0.655 7.42e-05 0.0025 0.942 normal 50.49176928067401
0.304 0.022 0.655 7.42e-05 0.0025 2.198 normal 41.01685533677931
0.304 0.022 0.655 7.42e-05 0.0025 2.512 normal 38.81680871689298
0.304 0.022 0.655 7.42e-05 0.0025 1.256 normal 48.81991210175457
0.304 0.022 0.655 7.42e-05 0.0025 3.454 inverted 40.40780376014551
0.304 0.022 0.655 7.42e-05 0.0025 4.396 inverted 38.646220252362575
0.304 0.022 0.655 7.42e-05 0.0025 1.57 inverted 54.59569411570066
0.304 0.022 0.655 7.42e-05 0.0025 3.768 inverted 39.3172599488042
0.304 0.022 0.655 7.42e-05 0.0025 2.826 inverted 43.5206475082959
0.304 0.022 0.655 7.42e-05 0.0025 1.884 inverted 51.359331691171164
0.304 0.022 0.655 7.42e-05 0.0025 1.57 normal 46.33085189249408
0.304 0.022 0.655 7.42e-05 0.0025 2.512 inverted 45.64778338346003
0.304 0.022 0.655 7.42e-05 0.0025 4.082 inverted 38.645632995626265
0.304 0.022 0.655 7.42e-05 0.0025 3.454 normal 33.91846234044455
0.304 0.022 0.655 7.42e-05 0.0025 4.396 normal 30.938738030481492
0.304 0.022 0.655 7.42e-05 0.0025 3.14 inverted 41.80677867513319
0.304 0.022 0.655 7.42e-05 0.0025 2.826 normal 37.00164606255463
0.304 0.022 0.655 7.42e-05 0.0025 2.198 inverted 48.288249627212785
0.304 0.022 0.655 7.42e-05 0.0025 3.768 normal 32.542973076374324
0.304 0.022 0.655 7.42e-05 0.0025 4.082 normal 31.453675422766576
0.304 0.022 0.655 7.42e-05 0.0025 3.14 normal 35.402993248006844
0.304 0.022 0.655 7.42e-05 0.0025 4.71 normal 31.355837999968
0.304 0.022 0.655 7.42e-05 0.0025 5.652 normal 39.363781940693414
0.304 0.022 0.6716666666666666 7.42e-05 0.0025 1.57 inverted 77.09719594658783
0.304 0.022 0.6716666666666666 7.42e-05 0.0025 0.628 inverted 82.58922427510626
0.304 0.022 0.655 7.42e-05 0.0025 5.024 inverted 41.623729987979814
0.304 0.022 0.655 7.42e-05 0.0025 6.28 inverted 56.60985265174883
0.304 0.022 0.655 7.42e-05 0.0025 5.338 inverted 44.76416587501652
0.304 0.022 0.655 7.42e-05 0.0025 5.338 normal 35.6890702283865
0.304 0.022 0.655 7.42e-05 0.0025 5.652 inverted 48.71458389331757
0.304 0.022 0.6716666666666666 7.42e-05 0.0025 1.256 inverted 80.03959524242045
0.304 0.022 0.6716666666666666 7.42e-05 0.0025 0.314 normal 70.37665158893748
0.304 0.022 0.655 7.42e-05 0.0025 4.71 inverted 39.582659899309746
0.304 0.022 0.6716666666666666 7.42e-05 0.0025 0.0 inverted 78.68219021207443
0.304 0.022 0.6716666666666666 7.42e-05 0.0025 0.314 inverted 81.44934029126232
0.304 0.022 0.6716666666666666 7.42e-05 0.0025 1.256 normal 70.045395877571
0.304 0.022 0.6716666666666666 7.42e-05 0.0025 0.628 normal 71.75115114887032
0.304 0.022 0.655 7.42e-05 0.0025 6.28 normal 47.05110795363628
0.304 0.022 0.655 7.42e-05 0.0025 5.966 inverted 52.88924686363864
0.304 0.022 0.6716666666666666 7.42e-05 0.0025 1.57 normal 67.72344558931097
0.304 0.022 0.655 7.42e-05 0.0025 5.966 normal 43.38162169508483
0.304 0.022 0.655 7.42e-05 0.0025 5.024 normal 32.93836498091235
0.304 0.022 0.6716666666666666 7.42e-05 0.0025 0.942 normal 71.5480441676141
0.304 0.022 0.6716666666666666 7.42e-05 0.0025 0.0 normal 67.52477042745005
0.304 0.022 0.6716666666666666 7.42e-05 0.0025 0.942 inverted 82.01185981989585
0.304 0.022 0.6716666666666666 7.42e-05 0.0025 1.884 normal 65.10942883997873
0.304 0.022 0.6716666666666666 7.42e-05 0.0025 1.884 inverted 73.86515675109757
0.304 0.022 0.6716666666666666 7.42e-05 0.0025 2.826 normal 58.50351295373941
0.304 0.022 0.6716666666666666 7.42e-05 0.0025 2.198 inverted 70.73137879697079
0.304 0.022 0.6716666666666666 7.42e-05 0.0025 3.768 inverted 60.56378892548608
0.304 0.022 0.6716666666666666 7.42e-05 0.0025 3.454 normal 54.850968777216465
0.304 0.022 0.6716666666666666 7.42e-05 0.0025 2.826 inverted 65.65500911089347
0.304 0.022 0.6716666666666666 7.42e-05 0.0025 5.024 normal 52.598532784889144
0.304 0.022 0.6716666666666666 7.42e-05 0.0025 5.338 inverted 65.930589193676
0.304 0.022 0.6716666666666666 7.42e-05 0.0025 3.768 normal 53.09179335024992
0.304 0.022 0.6716666666666666 7.42e-05 0.0025 4.396 normal 50.809224565407746
0.304 0.022 0.6716666666666666 7.42e-05 0.0025 2.198 normal 62.63173526734791
0.304 0.022 0.6716666666666666 7.42e-05 0.0025 3.14 normal 56.66499545756405
0.304 0.022 0.6716666666666666 7.42e-05 0.0025 3.454 inverted 61.98117914603256
0.304 0.022 0.6716666666666666 7.42e-05 0.0025 4.396 inverted 59.476581374897755
0.304 0.022 0.6716666666666666 7.42e-05 0.0025 4.71 inverted 60.37807951636818
0.304 0.022 0.6716666666666666 7.42e-05 0.0025 2.512 inverted 67.97259624475247
0.304 0.022 0.6716666666666666 7.42e-05 0.0025 5.338 normal 55.457858401205726
0.304 0.022 0.6716666666666666 7.42e-05 0.0025 4.082 inverted 59.62719845290249
0.304 0.022 0.6716666666666666 7.42e-05 0.0025 5.024 inverted 62.54604599064896
0.304 0.022 0.6716666666666666 7.42e-05 0.0025 2.512 normal 60.42485747586579
0.304 0.022 0.6716666666666666 7.42e-05 0.0025 4.082 normal 51.620637789456794
0.304 0.022 0.6716666666666666 7.42e-05 0.0025 4.71 normal 51.05502992414657
0.304 0.022 0.6716666666666666 7.42e-05 0.0025 3.14 inverted 63.67630624147047
0.304 0.022 0.6716666666666666 7.42e-05 0.0025 6.28 inverted 78.64538890456267
0.304 0.022 0.6883333333333332 7.42e-05 0.0025 0.628 normal 99.9267507250368
0.304 0.022 0.6716666666666666 7.42e-05 0.0025 5.966 inverted 74.65083388554274
0.304 0.022 0.6716666666666666 7.42e-05 0.0025 5.652 normal 59.31799081759966
0.304 0.022 0.6883333333333332 7.42e-05 0.0025 0.942 inverted 112.26938640454055
0.304 0.022 0.6716666666666666 7.42e-05 0.0025 5.652 inverted 70.16453692307874
0.304 0.022 0.6883333333333332 7.42e-05 0.0025 0.628 inverted 112.7117513566011
0.304 0.022 0.6883333333333332 7.42e-05 0.0025 2.512 normal 89.70946359357882
0.304 0.022 0.6883333333333332 7.42e-05 0.0025 0.314 inverted 111.42378301484956
0.304 0.022 0.6883333333333332 7.42e-05 0.0025 1.256 inverted 110.34486181481189
0.304 0.022 0.6716666666666666 7.42e-05 0.0025 5.966 normal 63.580294934287345
0.304 0.022 0.6883333333333332 7.42e-05 0.0025 2.198 normal 91.86187669840659
0.304 0.022 0.6883333333333332 7.42e-05 0.0025 2.198 inverted 101.08847323477194
0.304 0.022 0.6883333333333332 7.42e-05 0.0025 1.57 inverted 107.47752341817326
0.304 0.022 0.6883333333333332 7.42e-05 0.0025 0.0 normal 95.22224644222715
0.304 0.022 0.6883333333333332 7.42e-05 0.0025 0.314 normal 98.32337137272343
0.304 0.022 0.6883333333333332 7.42e-05 0.0025 1.256 normal 98.69877295432988
0.304 0.022 0.6716666666666666 7.42e-05 0.0025 6.28 normal 67.48982844069661
0.304 0.022 0.6883333333333332 7.42e-05 0.0025 1.57 normal 96.60054014753517
0.304 0.022 0.6883333333333332 7.42e-05 0.0025 0.0 inverted 108.4160582085527
0.304 0.022 0.6883333333333332 7.42e-05 0.0025 1.884 inverted 104.23703408421056
0.304 0.022 0.6883333333333332 7.42e-05 0.0025 2.512 inverted 98.24196151209345
0.304 0.022 0.6883333333333332 7.42e-05 0.0025 1.884 normal 94.20381115676082
0.304 0.022 0.6883333333333332 7.42e-05 0.0025 0.942 normal 99.96851334654488
0.304 0.022 0.6883333333333332 7.42e-05 0.0025 3.768 normal 81.28834056736365
0.304 0.022 0.6883333333333332 7.42e-05 0.0025 4.396 normal 78.21901075361819
0.304 0.022 0.6883333333333332 7.42e-05 0.0025 3.14 inverted 93.50990055806732
0.304 0.022 0.6883333333333332 7.42e-05 0.0025 4.71 inverted 88.98705206291449
0.304 0.022 0.6883333333333332 7.42e-05 0.0025 3.768 inverted 89.73241115040358
0.304 0.022 0.6883333333333332 7.42e-05 0.0025 3.14 normal 85.64280205474358
0.304 0.022 0.6883333333333332 7.42e-05 0.0025 2.826 normal 87.69731364827791
0.304 0.022 0.6883333333333332 7.42e-05 0.0025 3.454 normal 83.47879837645684
0.304 0.022 0.6883333333333332 7.42e-05 0.0025 2.826 inverted 95.744425497513
0.304 0.022 0.6883333333333332 7.42e-05 0.0025 5.024 normal 79.65427040395836
0.304 0.022 0.6883333333333332 7.42e-05 0.0025 6.28 normal 95.18681312376276
0.304 0.022 0.6883333333333332 7.42e-05 0.0025 6.28 inverted 108.37372030853886
0.304 0.022 0.6883333333333332 7.42e-05 0.0025 5.966 normal 91.03951483551313
0.304 0.022 0.6883333333333332 7.42e-05 0.0025 4.71 normal 78.21651906465823
0.304 0.022 0.6883333333333332 7.42e-05 0.0025 5.024 inverted 91.23618777181906
0.304 0.022 0.6883333333333332 7.42e-05 0.0025 4.082 inverted 88.49281722891739
0.304 0.022 0.6883333333333332 7.42e-05 0.0025 4.396 inverted 88.157664558393
0.304 0.022 0.6883333333333332 7.42e-05 0.0025 5.338 inverted 94.80668260129544
0.304 0.022 0.6883333333333332 7.42e-05 0.0025 4.082 normal 79.39369281878092
0.304 0.022 0.6883333333333332 7.42e-05 0.0025 3.454 inverted 91.48150635887353
0.304 0.022 0.6883333333333332 7.42e-05 0.0025 5.338 normal 82.56290626441202
0.304 0.022 0.6883333333333332 7.42e-05 0.0025 5.966 inverted 104.12075525849612
0.304 0.022 0.6883333333333332 7.42e-05 0.0025 5.652 inverted 99.33577314613856
0.304 0.022 0.6883333333333332 7.42e-05 0.0025 5.652 normal 86.56277431994549
0.304 0.022 0.705 7.42e-05 0.0025 1.256 normal 136.22283919924354
0.304 0.022 0.705 7.42e-05 0.0025 0.0 inverted 147.37654215744175
0.304 0.022 0.705 7.42e-05 0.0025 0.314 inverted 150.5948573097622
0.304 0.022 0.705 7.42e-05 0.0025 1.884 normal 132.3485191613342
0.304 0.022 0.705 7.42e-05 0.0025 3.14 inverted 132.84104964692227
0.304 0.022 0.705 7.42e-05 0.0025 2.198 normal 130.20526845988903
0.304 0.022 0.705 7.42e-05 0.0025 1.57 inverted 147.18036034105668
0.304 0.022 0.705 7.42e-05 0.0025 1.57 normal 134.43510249432924
0.304 0.022 0.705 7.42e-05 0.0025 3.454 inverted 130.4669375473375
0.304 0.022 0.705 7.42e-05 0.0025 0.0 normal 131.64076420820692
0.304 0.022 0.705 7.42e-05 0.0025 0.314 normal 134.99381804951705
0.304 0.022 0.705 7.42e-05 0.0025 1.256 inverted 149.98558938238878
0.304 0.022 0.705 7.42e-05 0.0025 3.454 normal 121.28735451190367
0.304 0.022 0.705 7.42e-05 0.0025 2.826 normal 126.09840271029177
0.304 0.022 0.705 7.42e-05 0.0025 2.826 inverted 135.3273547811751
0.304 0.022 0.705 7.42e-05 0.0025 0.942 inverted 151.77562225056548
0.304 0.022 0.705 7.42e-05 0.0025 2.512 normal 128.1470154598099
0.304 0.022 0.705 7.42e-05 0.0025 1.884 inverted 144.0272547515737
0.304 0.022 0.705 7.42e-05 0.0025 0.628 inverted 152.0777784687735
0.304 0.022 0.705 7.42e-05 0.0025 2.198 inverted 140.88162492385413
0.304 0.022 0.705 7.42e-05 0.0025 0.628 normal 136.85890039560505
0.304 0.022 0.705 7.42e-05 0.0025 0.942 normal 137.1946989597775
0.304 0.022 0.705 7.42e-05 0.0025 2.512 inverted 137.97992732120107
0.304 0.022 0.705 7.42e-05 0.0025 3.14 normal 123.81709012074064
0.304 0.022 0.705 7.42e-05 0.0025 5.024 normal 115.60065563494142
0.304 0.022 0.705 7.42e-05 0.0025 5.966 normal 127.22980731076667
0.304 0.022 0.705 7.42e-05 0.0025 3.768 inverted 128.37166401380955
0.304 0.022 0.705 7.42e-05 0.0025 5.338 normal 118.47565423218998
0.304 0.022 0.705 7.42e-05 0.0025 4.082 inverted 126.81291702312392
0.304 0.022 0.705 7.42e-05 0.0025 6.28 inverted 147.33029043614496
0.304 0.022 0.705 7.42e-05 0.0025 4.396 inverted 126.22565075783923
0.304 0.022 0.705 7.42e-05 0.0025 5.652 normal 122.57781839252966
0.304 0.022 0.705 7.42e-05 0.0025 4.71 normal 114.3312089737819
0.304 0.022 0.705 7.42e-05 0.0025 4.396 normal 114.65519134148256
0.304 0.022 0.705 7.42e-05 0.0025 4.082 normal 116.25706756228276
0.304 0.022 0.705 7.42e-05 0.0025 5.338 inverted 132.97943554699174
0.304 0.022 0.705 7.42e-05 0.0025 6.28 normal 131.60739895745854
0.304 0.022 0.705 7.42e-05 0.0025 5.652 inverted 137.7431965143956
0.304 0.022 0.705 7.42e-05 0.0025 5.024 inverted 129.23335088668648
0.304 0.022 0.705 7.42e-05 0.0025 4.71 inverted 126.96143594801943
0.304 0.022 0.705 7.42e-05 0.0025 5.966 inverted 142.8019185980901
0.304 0.022 0.705 7.42e-05 0.0025 3.768 normal 118.64045836993506
