Sin2Theta12 Sin2Theta13 Sin2Theta23 Dm221 Dm231 dCP Ordering X2 
0.304 0.022 0.305 7.42e-05 0.0025 3.14 normal 126.52968108168805
0.304 0.022 0.305 7.42e-05 0.0025 1.256 inverted 137.5355917326518
0.304 0.022 0.305 7.42e-05 0.0025 1.884 normal 135.96040061995305
0.304 0.022 0.305 7.42e-05 0.0025 2.826 normal 127.1897226373552
0.304 0.022 0.305 7.42e-05 0.0025 0.942 inverted 140.46642484308794
0.304 0.022 0.305 7.42e-05 0.0025 2.512 normal 128.90705734554035
0.304 0.022 0.305 7.42e-05 0.0025 2.826 inverted 129.46274717513327
0.304 0.022 0.305 7.42e-05 0.0025 3.454 normal 126.68410968511195
0.304 0.022 0.305 7.42e-05 0.0025 0.628 inverted 142.708133396494
0.304 0.022 0.305 7.42e-05 0.0025 3.14 inverted 129.86978717383587
0.304 0.022 0.305 7.42e-05 0.0025 0.628 normal 154.90627420572437
0.304 0.022 0.305 7.42e-05 0.0025 1.57 inverted 134.52198890092131
0.304 0.022 0.305 7.42e-05 0.0025 1.256 normal 146.38351768556737
0.304 0.022 0.305 7.42e-05 0.0025 2.198 inverted 130.3151184604607
0.304 0.022 0.305 7.42e-05 0.0025 1.57 normal 140.99901443332152
0.304 0.022 0.305 7.42e-05 0.0025 0.314 inverted 143.7755668315577
0.304 0.022 0.305 7.42e-05 0.0025 1.884 inverted 131.99747569410403
0.304 0.022 0.305 7.42e-05 0.0025 2.198 normal 131.83523117460336
0.304 0.022 0.305 7.42e-05 0.0025 0.942 normal 151.30683364033445
0.304 0.022 0.305 7.42e-05 0.0025 0.0 inverted 143.44589275193218
0.304 0.022 0.305 7.42e-05 0.0025 0.0 normal 155.80942954765052
0.304 0.022 0.305 7.42e-05 0.0025 0.314 normal 156.50583214915488
0.304 0.022 0.305 7.42e-05 0.0025 2.512 inverted 129.50336068227585
0.304 0.022 0.305 7.42e-05 0.0025 3.454 inverted 130.41344646791708
0.304 0.022 0.305 7.42e-05 0.0025 3.768 normal 127.53650295395232
0.304 0.022 0.305 7.42e-05 0.0025 4.396 inverted 132.1230120994906
0.304 0.022 0.305 7.42e-05 0.0025 4.082 normal 129.07072230873186
0.304 0.022 0.305 7.42e-05 0.0025 4.71 inverted 133.1594188399949
0.304 0.022 0.305 7.42e-05 0.0025 6.28 normal 155.79211778900137
0.304 0.022 0.32166666666666666 7.42e-05 0.0025 0.314 normal 115.12703652002916
0.304 0.022 0.305 7.42e-05 0.0025 6.28 inverted 143.43409382889163
0.304 0.022 0.305 7.42e-05 0.0025 5.338 normal 143.6655684197641
0.304 0.022 0.305 7.42e-05 0.0025 3.768 inverted 130.95677603100773
0.304 0.022 0.305 7.42e-05 0.0025 4.396 normal 131.41105171219698
0.304 0.022 0.305 7.42e-05 0.0025 4.082 inverted 131.45555524268653
0.304 0.022 0.305 7.42e-05 0.0025 5.338 inverted 136.99156980807817
0.304 0.022 0.305 7.42e-05 0.0025 5.024 inverted 134.7796135469459
0.304 0.022 0.32166666666666666 7.42e-05 0.0025 0.0 inverted 104.66938696598446
0.304 0.022 0.305 7.42e-05 0.0025 5.652 normal 148.64757140846845
0.304 0.022 0.32166666666666666 7.42e-05 0.0025 0.628 inverted 104.17562147018177
0.304 0.022 0.305 7.42e-05 0.0025 5.652 inverted 139.52583267005338
0.304 0.022 0.305 7.42e-05 0.0025 5.966 inverted 141.86574076468054
0.304 0.022 0.305 7.42e-05 0.0025 4.71 normal 134.65134232963254
0.304 0.022 0.32166666666666666 7.42e-05 0.0025 0.0 normal 114.4027919470452
0.304 0.022 0.32166666666666666 7.42e-05 0.0025 0.314 inverted 105.0342686038662
0.304 0.022 0.32166666666666666 7.42e-05 0.0025 0.628 normal 113.85493313117414
0.304 0.022 0.305 7.42e-05 0.0025 5.966 normal 152.9688105483924
0.304 0.022 0.305 7.42e-05 0.0025 5.024 normal 138.81792378342408
0.304 0.022 0.32166666666666666 7.42e-05 0.0025 2.826 inverted 93.20174926795696
0.304 0.022 0.32166666666666666 7.42e-05 0.0025 0.942 normal 110.81687994012606
0.304 0.022 0.32166666666666666 7.42e-05 0.0025 0.942 inverted 102.25075496703454
0.304 0.022 0.32166666666666666 7.42e-05 0.0025 2.826 normal 90.6407813362502
0.304 0.022 0.32166666666666666 7.42e-05 0.0025 3.14 inverted 93.72928384594285
0.304 0.022 0.32166666666666666 7.42e-05 0.0025 1.256 normal 106.6134627669389
0.304 0.022 0.32166666666666666 7.42e-05 0.0025 1.256 inverted 99.72135598119368
0.304 0.022 0.32166666666666666 7.42e-05 0.0025 2.198 inverted 93.58508116151846
0.304 0.022 0.32166666666666666 7.42e-05 0.0025 2.512 normal 91.92673166140445
0.304 0.022 0.32166666666666666 7.42e-05 0.0025 1.884 normal 97.72958575995547
0.304 0.022 0.32166666666666666 7.42e-05 0.0025 3.14 normal 90.22172530123473
0.304 0.022 0.32166666666666666 7.42e-05 0.0025 1.884 inverted 94.97010390583881
0.304 0.022 0.32166666666666666 7.42e-05 0.0025 2.512 inverted 93.04816364035638
0.304 0.022 0.32166666666666666 7.42e-05 0.0025 3.768 normal 91.1779599927613
0.304 0.022 0.32166666666666666 7.42e-05 0.0025 2.198 normal 94.28816513608342
0.304 0.022 0.32166666666666666 7.42e-05 0.0025 3.454 inverted 94.34467300533683
0.304 0.022 0.32166666666666666 7.42e-05 0.0025 1.57 normal 102.01355509975511
0.304 0.022 0.32166666666666666 7.42e-05 0.0025 4.082 inverted 95.22576934411622
0.304 0.022 0.32166666666666666 7.42e-05 0.0025 4.082 normal 92.36786791845039
0.304 0.022 0.32166666666666666 7.42e-05 0.0025 4.396 normal 94.13194797280985
0.304 0.022 0.32166666666666666 7.42e-05 0.0025 4.396 inverted 95.6229794944616
0.304 0.022 0.32166666666666666 7.42e-05 0.0025 1.57 inverted 97.12820785936532
0.304 0.022 0.32166666666666666 7.42e-05 0.0025 3.454 normal 90.45426898843573
0.304 0.022 0.32166666666666666 7.42e-05 0.0025 3.768 inverted 94.85597347477318
0.304 0.022 0.32166666666666666 7.42e-05 0.0025 5.966 inverted 103.252352856142
0.304 0.022 0.3383333333333333 7.42e-05 0.0025 0.628 inverted 74.80473385522171
0.304 0.022 0.32166666666666666 7.42e-05 0.0025 4.71 inverted 96.28379092912628
0.304 0.022 0.3383333333333333 7.42e-05 0.0025 0.0 inverted 75.0882338278899
0.304 0.022 0.32166666666666666 7.42e-05 0.0025 4.71 normal 96.62895008990955
0.304 0.022 0.32166666666666666 7.42e-05 0.0025 5.652 normal 108.11207994192976
0.304 0.022 0.32166666666666666 7.42e-05 0.0025 5.338 inverted 99.15231489337813
0.304 0.022 0.32166666666666666 7.42e-05 0.0025 5.966 normal 111.85638838686059
0.304 0.022 0.3383333333333333 7.42e-05 0.0025 1.57 normal 72.12770776142226
0.304 0.022 0.32166666666666666 7.42e-05 0.0025 5.024 normal 99.94387197487428
0.304 0.022 0.32166666666666666 7.42e-05 0.0025 5.338 normal 103.91209170445966
0.304 0.022 0.3383333333333333 7.42e-05 0.0025 0.942 inverted 73.18246544895744
0.304 0.022 0.32166666666666666 7.42e-05 0.0025 5.652 inverted 101.24870710474487
0.304 0.022 0.32166666666666666 7.42e-05 0.0025 5.024 inverted 97.43269833093198
0.304 0.022 0.3383333333333333 7.42e-05 0.0025 0.314 normal 83.1143414179267
0.304 0.022 0.32166666666666666 7.42e-05 0.0025 6.28 normal 114.38508946709777
0.304 0.022 0.3383333333333333 7.42e-05 0.0025 1.57 inverted 68.76046883703216
0.304 0.022 0.3383333333333333 7.42e-05 0.0025 0.628 normal 82.1338434292671
0.304 0.022 0.32166666666666666 7.42e-05 0.0025 6.28 inverted 104.65664239972568
0.304 0.022 0.3383333333333333 7.42e-05 0.0025 0.314 inverted 75.48080656640558
0.304 0.022 0.3383333333333333 7.42e-05 0.0025 1.256 inverted 71.00784666798326
0.304 0.022 0.3383333333333333 7.42e-05 0.0025 0.942 normal 79.59678635330512
0.304 0.022 0.3383333333333333 7.42e-05 0.0025 1.256 normal 76.03968436981228
0.304 0.022 0.3383333333333333 7.42e-05 0.0025 0.0 normal 82.3688280375396
0.304 0.022 0.3383333333333333 7.42e-05 0.0025 4.082 normal 64.49416396472292
0.304 0.022 0.3383333333333333 7.42e-05 0.0025 1.884 normal 68.51178973709584
0.304 0.022 0.3383333333333333 7.42e-05 0.0025 2.198 inverted 65.79415480784725
0.304 0.022 0.3383333333333333 7.42e-05 0.0025 1.884 inverted 66.91560134213712
0.304 0.022 0.3383333333333333 7.42e-05 0.0025 2.512 inverted 65.45368533801935
0.304 0.022 0.3383333333333333 7.42e-05 0.0025 4.082 inverted 67.8326829265465
0.304 0.022 0.3383333333333333 7.42e-05 0.0025 2.512 normal 63.7929482413731
0.304 0.022 0.3383333333333333 7.42e-05 0.0025 3.14 inverted 66.37755943576697
0.304 0.022 0.3383333333333333 7.42e-05 0.0025 2.826 normal 62.86208484293863
0.304 0.022 0.3383333333333333 7.42e-05 0.0025 3.14 normal 62.66839970176147
0.304 0.022 0.3383333333333333 7.42e-05 0.0025 4.71 normal 67.63019524870157
0.304 0.022 0.3383333333333333 7.42e-05 0.0025 2.826 inverted 65.75811620472538
0.304 0.022 0.3383333333333333 7.42e-05 0.0025 5.024 inverted 69.11456920076313
0.304 0.022 0.3383333333333333 7.42e-05 0.0025 4.396 normal 65.78081936771218
0.304 0.022 0.3383333333333333 7.42e-05 0.0025 2.198 normal 65.66672296848182
0.304 0.022 0.3383333333333333 7.42e-05 0.0025 5.024 normal 70.172095730335
0.304 0.022 0.3383333333333333 7.42e-05 0.0025 3.454 normal 62.97321951998422
0.304 0.022 0.3383333333333333 7.42e-05 0.0025 3.768 normal 63.59878364465972
0.304 0.022 0.3383333333333333 7.42e-05 0.0025 3.768 inverted 67.5588773053561
0.304 0.022 0.3383333333333333 7.42e-05 0.0025 3.454 inverted 67.06935666124754
0.304 0.022 0.3383333333333333 7.42e-05 0.0025 5.338 inverted 70.40236521130497
0.304 0.022 0.3383333333333333 7.42e-05 0.0025 4.396 inverted 68.01636121604922
0.304 0.022 0.3383333333333333 7.42e-05 0.0025 5.338 normal 73.35880009497315
0.304 0.022 0.3383333333333333 7.42e-05 0.0025 4.71 inverted 68.36135589456967
0.304 0.022 0.3383333333333333 7.42e-05 0.0025 6.28 inverted 75.07698611855854
0.304 0.022 0.355 7.42e-05 0.0025 2.198 normal 44.462366932901524
0.304 0.022 0.3383333333333333 7.42e-05 0.0025 5.652 inverted 72.0820946186855
0.304 0.022 0.355 7.42e-05 0.0025 0.0 inverted 53.18073447192729
0.304 0.022 0.3383333333333333 7.42e-05 0.0025 6.28 normal 82.35117360155945
0.304 0.022 0.3383333333333333 7.42e-05 0.0025 5.966 inverted 73.8037495674841
0.304 0.022 0.355 7.42e-05 0.0025 0.314 normal 58.979368774844446
0.304 0.022 0.355 7.42e-05 0.0025 0.628 normal 58.26166781647876
0.304 0.022 0.3383333333333333 7.42e-05 0.0025 5.966 normal 80.08639780872893
0.304 0.022 0.355 7.42e-05 0.0025 0.942 normal 56.17429882748538
0.304 0.022 0.355 7.42e-05 0.0025 1.57 normal 49.86007906318562
0.304 0.022 0.355 7.42e-05 0.0025 2.512 inverted 45.226596484993145
0.304 0.022 0.3383333333333333 7.42e-05 0.0025 5.652 normal 76.86360281268526
0.304 0.022 0.355 7.42e-05 0.0025 0.942 inverted 51.74209951664508
0.304 0.022 0.355 7.42e-05 0.0025 0.314 inverted 53.6077361659449
0.304 0.022 0.355 7.42e-05 0.0025 1.884 normal 46.80907579458877
0.304 0.022 0.355 7.42e-05 0.0025 1.57 inverted 47.92331195257356
0.304 0.022 0.355 7.42e-05 0.0025 1.256 inverted 49.867982281926366
0.304 0.022 0.355 7.42e-05 0.0025 0.0 normal 58.21342311179538
0.304 0.022 0.355 7.42e-05 0.0025 1.884 inverted 46.33223019675099
0.304 0.022 0.355 7.42e-05 0.0025 2.198 inverted 45.41551650731987
0.304 0.022 0.355 7.42e-05 0.0025 1.256 normal 53.17216324559181
0.304 0.022 0.355 7.42e-05 0.0025 2.512 normal 42.99294859417544
0.304 0.022 0.355 7.42e-05 0.0025 0.628 inverted 53.09891272294544
0.304 0.022 0.355 7.42e-05 0.0025 5.024 normal 48.02092070866336
0.304 0.022 0.355 7.42e-05 0.0025 4.71 inverted 47.86916086275403
0.304 0.022 0.355 7.42e-05 0.0025 3.14 inverted 46.34658345817463
0.304 0.022 0.355 7.42e-05 0.0025 5.338 inverted 49.19826194054206
0.304 0.022 0.355 7.42e-05 0.0025 3.14 normal 42.37561017147398
0.304 0.022 0.355 7.42e-05 0.0025 3.454 normal 42.742475751559134
0.304 0.022 0.355 7.42e-05 0.0025 4.71 normal 46.13224592718313
0.304 0.022 0.355 7.42e-05 0.0025 4.396 normal 44.84401757808559
0.304 0.022 0.355 7.42e-05 0.0025 4.082 normal 43.960040828240885
0.304 0.022 0.355 7.42e-05 0.0025 5.966 normal 56.168413418421835
0.304 0.022 0.355 7.42e-05 0.0025 2.826 inverted 45.6258282390857
0.304 0.022 0.355 7.42e-05 0.0025 4.082 inverted 47.77093492287842
0.304 0.022 0.355 7.42e-05 0.0025 4.396 inverted 47.79116396547272
0.304 0.022 0.355 7.42e-05 0.0025 3.768 inverted 47.56895485492
0.304 0.022 0.355 7.42e-05 0.0025 3.454 inverted 47.07054142053242
0.304 0.022 0.355 7.42e-05 0.0025 5.652 normal 53.406969500003356
0.304 0.022 0.355 7.42e-05 0.0025 2.826 normal 42.37550006155132
0.304 0.022 0.355 7.42e-05 0.0025 6.28 inverted 53.17084191784879
0.304 0.022 0.355 7.42e-05 0.0025 3.768 normal 43.29750154026848
0.304 0.022 0.355 7.42e-05 0.0025 5.652 inverted 50.53918685912508
0.304 0.022 0.355 7.42e-05 0.0025 5.966 inverted 52.019131399984516
0.304 0.022 0.355 7.42e-05 0.0025 5.024 inverted 48.28672387024902
0.304 0.022 0.355 7.42e-05 0.0025 5.338 normal 50.52653433318816
0.304 0.022 0.355 7.42e-05 0.0025 6.28 normal 58.199876234468036
0.304 0.022 0.37166666666666665 7.42e-05 0.0025 1.884 normal 31.246821459483712
0.304 0.022 0.37166666666666665 7.42e-05 0.0025 0.314 normal 41.35825061261923
0.304 0.022 0.37166666666666665 7.42e-05 0.0025 0.628 normal 40.86515856898272
0.304 0.022 0.37166666666666665 7.42e-05 0.0025 2.826 normal 27.803508445166003
0.304 0.022 0.37166666666666665 7.42e-05 0.0025 0.0 inverted 37.55246778296843
0.304 0.022 0.37166666666666665 7.42e-05 0.0025 0.628 inverted 37.66242059805136
0.304 0.022 0.37166666666666665 7.42e-05 0.0025 2.198 normal 29.31777215568045
0.304 0.022 0.37166666666666665 7.42e-05 0.0025 0.314 inverted 38.01797709520078
0.304 0.022 0.37166666666666665 7.42e-05 0.0025 3.454 normal 28.390405636733927
0.304 0.022 0.37166666666666665 7.42e-05 0.0025 1.256 inverted 34.908217535595504
0.304 0.022 0.37166666666666665 7.42e-05 0.0025 1.256 normal 36.64421011881349
0.304 0.022 0.37166666666666665 7.42e-05 0.0025 0.0 normal 40.56937078828824
0.304 0.022 0.37166666666666665 7.42e-05 0.0025 0.942 normal 39.163020004050885
0.304 0.022 0.37166666666666665 7.42e-05 0.0025 3.14 normal 27.963286649563315
0.304 0.022 0.37166666666666665 7.42e-05 0.0025 0.942 inverted 36.53261269305876
0.304 0.022 0.37166666666666665 7.42e-05 0.0025 2.512 inverted 30.94839563590875
0.304 0.022 0.37166666666666665 7.42e-05 0.0025 2.512 normal 28.175090184141713
0.304 0.022 0.37166666666666665 7.42e-05 0.0025 1.884 inverted 31.811540284781135
0.304 0.022 0.37166666666666665 7.42e-05 0.0025 3.454 inverted 32.964769978245634
0.304 0.022 0.37166666666666665 7.42e-05 0.0025 3.14 inverted 32.19976752731285
0.304 0.022 0.37166666666666665 7.42e-05 0.0025 1.57 normal 33.821186112590524
0.304 0.022 0.37166666666666665 7.42e-05 0.0025 2.198 inverted 31.04444731294795
0.304 0.022 0.37166666666666665 7.42e-05 0.0025 1.57 inverted 33.19995815138814
0.304 0.022 0.37166666666666665 7.42e-05 0.0025 2.826 inverted 31.42863870437402
0.304 0.022 0.37166666666666665 7.42e-05 0.0025 4.082 normal 29.36917489581168
0.304 0.022 0.37166666666666665 7.42e-05 0.0025 4.396 inverted 33.52670173857073
0.304 0.022 0.37166666666666665 7.42e-05 0.0025 4.082 inverted 33.63028366365103
0.304 0.022 0.37166666666666665 7.42e-05 0.0025 4.396 normal 29.92520062016782
0.304 0.022 0.37166666666666665 7.42e-05 0.0025 3.768 normal 28.886120880291305
0.304 0.022 0.37166666666666665 7.42e-05 0.0025 5.338 normal 34.008909433327815
0.304 0.022 0.37166666666666665 7.42e-05 0.0025 5.652 normal 36.36104351715442
0.304 0.022 0.37166666666666665 7.42e-05 0.0025 5.024 normal 32.090124371629166
0.304 0.022 0.37166666666666665 7.42e-05 0.0025 5.024 inverted 33.55437927784955
0.304 0.022 0.37166666666666665 7.42e-05 0.0025 5.652 inverted 35.2171561490511
0.304 0.022 0.37166666666666665 7.42e-05 0.0025 4.71 inverted 33.40583342281698
0.304 0.022 0.3883333333333333 7.42e-05 0.0025 0.0 normal 28.167161324999157
0.304 0.022 0.37166666666666665 7.42e-05 0.0025 6.28 inverted 37.54609878840617
0.304 0.022 0.37166666666666665 7.42e-05 0.0025 3.768 inverted 33.47255770098508
0.304 0.022 0.37166666666666665 7.42e-05 0.0025 5.338 inverted 34.153174895049425
0.304 0.022 0.3883333333333333 7.42e-05 0.0025 0.314 normal 28.974443423629126
0.304 0.022 0.3883333333333333 7.42e-05 0.0025 0.0 inverted 26.927832644643217
0.304 0.022 0.37166666666666665 7.42e-05 0.0025 4.71 normal 30.754958630733096
0.304 0.022 0.37166666666666665 7.42e-05 0.0025 6.28 normal 40.55561070417955
0.304 0.022 0.37166666666666665 7.42e-05 0.0025 5.966 inverted 36.47987769871989
0.304 0.022 0.37166666666666665 7.42e-05 0.0025 5.966 normal 38.72438734727649
0.304 0.022 0.3883333333333333 7.42e-05 0.0025 0.314 inverted 27.43303227823453
0.304 0.022 0.3883333333333333 7.42e-05 0.0025 0.628 inverted 27.211079239989456
0.304 0.022 0.3883333333333333 7.42e-05 0.0025 0.628 normal 28.668140970952834
0.304 0.022 0.3883333333333333 7.42e-05 0.0025 2.512 normal 18.0793464836701
0.304 0.022 0.3883333333333333 7.42e-05 0.0025 4.082 normal 19.457375677727985
0.304 0.022 0.3883333333333333 7.42e-05 0.0025 3.768 normal 19.115244608764947
0.304 0.022 0.3883333333333333 7.42e-05 0.0025 1.884 normal 20.56525254491235
0.304 0.022 0.3883333333333333 7.42e-05 0.0025 1.256 inverted 24.852194370775912
0.304 0.022 0.3883333333333333 7.42e-05 0.0025 2.198 normal 18.95570149213769
0.304 0.022 0.3883333333333333 7.42e-05 0.0025 2.198 inverted 21.398708988652096
0.304 0.022 0.3883333333333333 7.42e-05 0.0025 0.942 normal 27.29558677857463
0.304 0.022 0.3883333333333333 7.42e-05 0.0025 1.256 normal 25.17378786830677
0.304 0.022 0.3883333333333333 7.42e-05 0.0025 3.768 inverted 23.99200175214957
0.304 0.022 0.3883333333333333 7.42e-05 0.0025 3.454 inverted 23.472369291842025
0.304 0.022 0.3883333333333333 7.42e-05 0.0025 3.454 normal 18.65212718073111
0.304 0.022 0.3883333333333333 7.42e-05 0.0025 4.396 inverted 23.945701378108584
0.304 0.022 0.3883333333333333 7.42e-05 0.0025 2.826 normal 17.879936092708924
0.304 0.022 0.3883333333333333 7.42e-05 0.0025 0.942 inverted 26.27242924941105
0.304 0.022 0.3883333333333333 7.42e-05 0.0025 1.57 inverted 23.3301005186379
0.304 0.022 0.3883333333333333 7.42e-05 0.0025 1.884 inverted 22.08571893700039
0.304 0.022 0.3883333333333333 7.42e-05 0.0025 2.826 inverted 21.87673668765628
0.304 0.022 0.3883333333333333 7.42e-05 0.0025 4.396 normal 19.76133594125861
0.304 0.022 0.3883333333333333 7.42e-05 0.0025 2.512 inverted 21.361247293587716
0.304 0.022 0.3883333333333333 7.42e-05 0.0025 1.57 normal 22.770706025315608
0.304 0.022 0.3883333333333333 7.42e-05 0.0025 3.14 normal 18.17342704929433
0.304 0.022 0.3883333333333333 7.42e-05 0.0025 4.082 inverted 24.127297304016924
0.304 0.022 0.3883333333333333 7.42e-05 0.0025 3.14 inverted 22.682851870277133
0.304 0.022 0.3883333333333333 7.42e-05 0.0025 5.652 normal 24.452319914361905
0.304 0.022 0.3883333333333333 7.42e-05 0.0025 5.966 inverted 25.918861777847034
0.304 0.022 0.3883333333333333 7.42e-05 0.0025 5.024 normal 21.110588253467494
0.304 0.022 0.3883333333333333 7.42e-05 0.0025 4.71 inverted 23.678968350791223
0.304 0.022 0.3883333333333333 7.42e-05 0.0025 5.338 normal 22.54359015204624
0.304 0.022 0.3883333333333333 7.42e-05 0.0025 5.652 inverted 24.820623033405464
0.304 0.022 0.405 7.42e-05 0.0025 0.0 normal 19.84905629413901
0.304 0.022 0.3883333333333333 7.42e-05 0.0025 6.28 normal 28.15124479107229
0.304 0.022 0.405 7.42e-05 0.0025 0.314 inverted 20.69880542404965
0.304 0.022 0.3883333333333333 7.42e-05 0.0025 5.338 inverted 23.984664173745173
0.304 0.022 0.405 7.42e-05 0.0025 0.942 normal 19.435471479272675
0.304 0.022 0.405 7.42e-05 0.0025 1.57 normal 15.547873999429182
0.304 0.022 0.405 7.42e-05 0.0025 1.256 inverted 18.549236438991606
0.304 0.022 0.405 7.42e-05 0.0025 0.628 inverted 20.59293656333609
0.304 0.022 0.405 7.42e-05 0.0025 0.628 normal 20.53899436285197
0.304 0.022 0.405 7.42e-05 0.0025 0.314 normal 20.68185766066798
0.304 0.022 0.3883333333333333 7.42e-05 0.0025 5.966 normal 26.489388164857687
0.304 0.022 0.405 7.42e-05 0.0025 1.57 inverted 17.155417001592102
0.304 0.022 0.3883333333333333 7.42e-05 0.0025 5.024 inverted 23.61285315433169
0.304 0.022 0.3883333333333333 7.42e-05 0.0025 6.28 inverted 26.92095019950076
0.304 0.022 0.3883333333333333 7.42e-05 0.0025 4.71 normal 20.224219746414132
0.304 0.022 0.405 7.42e-05 0.0025 1.256 normal 17.624557082726994
0.304 0.022 0.405 7.42e-05 0.0025 0.942 inverted 19.809339984666014
0.304 0.022 0.405 7.42e-05 0.0025 0.0 inverted 20.149951041486737
0.304 0.022 0.405 7.42e-05 0.0025 5.338 inverted 17.516638247822517
0.304 0.022 0.405 7.42e-05 0.0025 2.198 normal 12.262121928671311
0.304 0.022 0.405 7.42e-05 0.0025 2.512 inverted 15.321747079029366
0.304 0.022 0.405 7.42e-05 0.0025 1.884 normal 13.64160309773134
0.304 0.022 0.405 7.42e-05 0.0025 2.198 inverted 15.345432971252341
0.304 0.022 0.405 7.42e-05 0.0025 2.826 normal 11.50891350033422
0.304 0.022 0.405 7.42e-05 0.0025 4.396 inverted 17.895720840796987
0.304 0.022 0.405 7.42e-05 0.0025 4.082 inverted 18.116605459829376
0.304 0.022 0.405 7.42e-05 0.0025 4.082 normal 13.099693067104338
0.304 0.022 0.405 7.42e-05 0.0025 2.826 inverted 15.836895686119632
0.304 0.022 0.405 7.42e-05 0.0025 3.768 normal 12.850745157694975
0.304 0.022 0.405 7.42e-05 0.0025 3.14 normal 11.880862960565512
0.304 0.022 0.405 7.42e-05 0.0025 4.396 normal 13.210938483024231
0.304 0.022 0.405 7.42e-05 0.0025 3.14 inverted 16.644805761274434
0.304 0.022 0.405 7.42e-05 0.0025 3.454 inverted 17.45080706185299
0.304 0.022 0.405 7.42e-05 0.0025 1.884 inverted 15.991836134001137
0.304 0.022 0.405 7.42e-05 0.0025 3.768 inverted 17.983457661992283
0.304 0.022 0.405 7.42e-05 0.0025 5.024 inverted 17.32042953270847
0.304 0.022 0.405 7.42e-05 0.0025 2.512 normal 11.562133824835051
0.304 0.022 0.405 7.42e-05 0.0025 4.71 normal 13.39773810330661
0.304 0.022 0.405 7.42e-05 0.0025 5.338 normal 14.97971916594655
0.304 0.022 0.405 7.42e-05 0.0025 3.454 normal 12.404796763791838
0.304 0.022 0.405 7.42e-05 0.0025 5.024 normal 13.928081975821243
0.304 0.022 0.405 7.42e-05 0.0025 4.71 inverted 17.52833375601196
0.304 0.022 0.405 7.42e-05 0.0025 5.652 normal 16.53586912492306
0.304 0.022 0.42166666666666663 7.42e-05 0.0025 1.57 normal 11.1612593642648
0.304 0.022 0.42166666666666663 7.42e-05 0.0025 0.0 normal 14.606901137425849
0.304 0.022 0.42166666666666663 7.42e-05 0.0025 2.512 inverted 11.829319436350518
0.304 0.022 0.42166666666666663 7.42e-05 0.0025 0.628 normal 15.464433912986474
0.304 0.022 0.405 7.42e-05 0.0025 5.652 inverted 18.195201349222383
0.304 0.022 0.405 7.42e-05 0.0025 6.28 normal 19.83636846223187
0.304 0.022 0.405 7.42e-05 0.0025 6.28 inverted 20.141345619547373
0.304 0.022 0.42166666666666663 7.42e-05 0.0025 1.256 normal 13.001644901212401
0.304 0.022 0.42166666666666663 7.42e-05 0.0025 0.942 inverted 16.126277558071262
0.304 0.022 0.42166666666666663 7.42e-05 0.0025 0.628 inverted 16.78841874189761
0.304 0.022 0.42166666666666663 7.42e-05 0.0025 2.198 inverted 11.885594120956956
0.304 0.022 0.42166666666666663 7.42e-05 0.0025 0.942 normal 14.562412673364395
0.304 0.022 0.42166666666666663 7.42e-05 0.0025 2.198 normal 8.23931736287338
0.304 0.022 0.405 7.42e-05 0.0025 5.966 normal 18.305708807577297
0.304 0.022 0.42166666666666663 7.42e-05 0.0025 1.256 inverted 14.977674779825621
0.304 0.022 0.42166666666666663 7.42e-05 0.0025 0.0 inverted 16.190394668734793
0.304 0.022 0.42166666666666663 7.42e-05 0.0025 2.512 normal 7.6603907223088115
0.304 0.022 0.42166666666666663 7.42e-05 0.0025 1.884 normal 9.45606096644246
0.304 0.022 0.42166666666666663 7.42e-05 0.0025 1.57 inverted 13.661760794576942
0.304 0.022 0.42166666666666663 7.42e-05 0.0025 0.314 inverted 16.79309499518702
0.304 0.022 0.405 7.42e-05 0.0025 5.966 inverted 19.181188270855007
0.304 0.022 0.42166666666666663 7.42e-05 0.0025 0.314 normal 15.466882141531261
0.304 0.022 0.42166666666666663 7.42e-05 0.0025 1.884 inverted 12.534732039083261
0.304 0.022 0.42166666666666663 7.42e-05 0.0025 2.826 normal 7.679802919439763
0.304 0.022 0.42166666666666663 7.42e-05 0.0025 3.14 normal 8.111755968466227
0.304 0.022 0.42166666666666663 7.42e-05 0.0025 6.28 normal 14.594548199761059
0.304 0.022 0.42166666666666663 7.42e-05 0.0025 4.082 normal 9.279006922219336
0.304 0.022 0.42166666666666663 7.42e-05 0.0025 3.768 inverted 14.448359739081523
0.304 0.022 0.42166666666666663 7.42e-05 0.0025 3.454 normal 8.660731694036253
0.304 0.022 0.42166666666666663 7.42e-05 0.0025 3.14 inverted 13.095749703102141
0.304 0.022 0.42166666666666663 7.42e-05 0.0025 3.768 normal 9.095596771611788
0.304 0.022 0.42166666666666663 7.42e-05 0.0025 4.396 inverted 14.358790462788654
0.304 0.022 0.42166666666666663 7.42e-05 0.0025 5.024 normal 9.528007689549995
0.304 0.022 0.42166666666666663 7.42e-05 0.0025 4.082 inverted 14.589280382546873
0.304 0.022 0.42166666666666663 7.42e-05 0.0025 4.396 normal 9.266442317765868
0.304 0.022 0.42166666666666663 7.42e-05 0.0025 2.826 inverted 12.305887470497394
0.304 0.022 0.42166666666666663 7.42e-05 0.0025 4.71 inverted 13.946033419413219
0.304 0.022 0.42166666666666663 7.42e-05 0.0025 5.652 normal 11.58423624712512
0.304 0.022 0.42166666666666663 7.42e-05 0.0025 4.71 normal 9.254158019944141
0.304 0.022 0.42166666666666663 7.42e-05 0.0025 3.454 inverted 13.901439846999473
0.304 0.022 0.42166666666666663 7.42e-05 0.0025 5.338 normal 10.294334589308974
0.304 0.022 0.42166666666666663 7.42e-05 0.0025 6.28 inverted 16.18253420054516
0.304 0.022 0.42166666666666663 7.42e-05 0.0025 5.652 inverted 14.312081501981309
0.304 0.022 0.42166666666666663 7.42e-05 0.0025 5.338 inverted 13.743695807878284
0.304 0.022 0.42166666666666663 7.42e-05 0.0025 5.966 normal 13.156030664207337
0.304 0.022 0.42166666666666663 7.42e-05 0.0025 5.966 inverted 15.232802636974828
0.304 0.022 0.42166666666666663 7.42e-05 0.0025 5.024 inverted 13.65112641819455
0.304 0.022 0.43833333333333335 7.42e-05 0.0025 2.512 inverted 10.025402587299189
0.304 0.022 0.43833333333333335 7.42e-05 0.0025 0.628 inverted 14.922450246370492
0.304 0.022 0.43833333333333335 7.42e-05 0.0025 0.942 normal 11.811987705364398
0.304 0.022 0.43833333333333335 7.42e-05 0.0025 0.0 normal 11.554243353258578
0.304 0.022 0.43833333333333335 7.42e-05 0.0025 0.314 inverted 14.841375844911546
0.304 0.022 0.43833333333333335 7.42e-05 0.0025 1.57 normal 8.74312314543814
0.304 0.022 0.43833333333333335 7.42e-05 0.0025 1.884 inverted 10.85406406855581
0.304 0.022 0.43833333333333335 7.42e-05 0.0025 2.826 inverted 10.434711066907775
0.304 0.022 0.43833333333333335 7.42e-05 0.0025 0.314 normal 12.445764769389726
0.304 0.022 0.43833333333333335 7.42e-05 0.0025 3.14 normal 6.007365761439834
0.304 0.022 0.43833333333333335 7.42e-05 0.0025 3.454 normal 6.574035210066835
0.304 0.022 0.43833333333333335 7.42e-05 0.0025 0.0 inverted 14.181358472874109
0.304 0.022 0.43833333333333335 7.42e-05 0.0025 2.198 normal 6.032680944264293
0.304 0.022 0.43833333333333335 7.42e-05 0.0025 2.826 normal 5.563092191711097
0.304 0.022 0.43833333333333335 7.42e-05 0.0025 3.454 inverted 11.965699650316942
0.304 0.022 0.43833333333333335 7.42e-05 0.0025 0.628 normal 12.551739003205153
0.304 0.022 0.43833333333333335 7.42e-05 0.0025 3.14 inverted 11.179298239655116
0.304 0.022 0.43833333333333335 7.42e-05 0.0025 0.942 inverted 14.353565307271305
0.304 0.022 0.43833333333333335 7.42e-05 0.0025 2.198 inverted 10.15155996982918
0.304 0.022 0.43833333333333335 7.42e-05 0.0025 1.884 normal 7.17605894914083
0.304 0.022 0.43833333333333335 7.42e-05 0.0025 1.256 normal 10.429251797655729
0.304 0.022 0.43833333333333335 7.42e-05 0.0025 2.512 normal 5.503705534946496
0.304 0.022 0.43833333333333335 7.42e-05 0.0025 1.57 inverted 11.991466927623202
0.304 0.022 0.43833333333333335 7.42e-05 0.0025 1.256 inverted 13.275784744267776
0.304 0.022 0.43833333333333335 7.42e-05 0.0025 5.652 inverted 12.304801203995181
0.304 0.022 0.43833333333333335 7.42e-05 0.0025 3.768 inverted 12.521429845222416
0.304 0.022 0.43833333333333335 7.42e-05 0.0025 5.338 inverted 11.781074617780776
0.304 0.022 0.43833333333333335 7.42e-05 0.0025 4.396 normal 7.0656055271479765
0.304 0.022 0.43833333333333335 7.42e-05 0.0025 5.966 inverted 13.205315064203667
0.304 0.022 0.43833333333333335 7.42e-05 0.0025 5.024 inverted 11.733067728689893
0.304 0.022 0.43833333333333335 7.42e-05 0.0025 5.652 normal 8.72134254121711
0.304 0.022 0.43833333333333335 7.42e-05 0.0025 5.966 normal 10.15797963786888
0.304 0.022 0.43833333333333335 7.42e-05 0.0025 6.28 normal 11.54101713183326
0.304 0.022 0.43833333333333335 7.42e-05 0.0025 4.082 normal 7.155334515690773
0.304 0.022 0.43833333333333335 7.42e-05 0.0025 4.396 inverted 12.470471887535343
0.304 0.022 0.43833333333333335 7.42e-05 0.0025 5.024 normal 7.034327970868558
0.304 0.022 0.43833333333333335 7.42e-05 0.0025 4.71 inverted 12.055661614123977
0.304 0.022 0.43833333333333335 7.42e-05 0.0025 4.71 normal 6.928902715263652
0.304 0.022 0.43833333333333335 7.42e-05 0.0025 3.768 normal 6.999778215987097
0.304 0.022 0.43833333333333335 7.42e-05 0.0025 5.338 normal 7.610908216258592
0.304 0.022 0.43833333333333335 7.42e-05 0.0025 6.28 inverted 14.172168834722495
0.304 0.022 0.45499999999999996 7.42e-05 0.0025 0.628 normal 11.073853241846896
0.304 0.022 0.45499999999999996 7.42e-05 0.0025 0.0 normal 9.943472239369513
0.304 0.022 0.45499999999999996 7.42e-05 0.0025 0.314 inverted 14.11882040716851
0.304 0.022 0.43833333333333335 7.42e-05 0.0025 4.082 inverted 12.684527938138453
0.304 0.022 0.45499999999999996 7.42e-05 0.0025 0.314 normal 10.871933303872956
0.304 0.022 0.45499999999999996 7.42e-05 0.0025 0.628 inverted 14.273928178740874
0.304 0.022 0.45499999999999996 7.42e-05 0.0025 0.0 inverted 13.3944791179686
0.304 0.022 0.45499999999999996 7.42e-05 0.0025 4.396 normal 5.899324120545587
0.304 0.022 0.45499999999999996 7.42e-05 0.0025 3.454 normal 5.450702340978564
0.304 0.022 0.45499999999999996 7.42e-05 0.0025 1.884 normal 6.071748155213341
0.304 0.022 0.45499999999999996 7.42e-05 0.0025 1.57 normal 7.584259318235795
0.304 0.022 0.45499999999999996 7.42e-05 0.0025 1.256 normal 9.172597757382059
0.304 0.022 0.45499999999999996 7.42e-05 0.0025 3.14 normal 4.896090352117246
0.304 0.022 0.45499999999999996 7.42e-05 0.0025 2.512 normal 4.424233072641286
0.304 0.022 0.45499999999999996 7.42e-05 0.0025 2.198 inverted 9.4440211131438
0.304 0.022 0.45499999999999996 7.42e-05 0.0025 1.256 inverted 12.723053127113648
0.304 0.022 0.45499999999999996 7.42e-05 0.0025 0.942 inverted 13.77050174087151
0.304 0.022 0.45499999999999996 7.42e-05 0.0025 2.826 inverted 9.527309063326937
0.304 0.022 0.45499999999999996 7.42e-05 0.0025 1.57 inverted 11.428239191077987
0.304 0.022 0.45499999999999996 7.42e-05 0.0025 0.942 normal 10.4491903082333
0.304 0.022 0.45499999999999996 7.42e-05 0.0025 3.454 inverted 10.951542315866217
0.304 0.022 0.45499999999999996 7.42e-05 0.0025 2.198 normal 4.957179591677146
0.304 0.022 0.45499999999999996 7.42e-05 0.0025 2.826 normal 4.464178231154549
0.304 0.022 0.45499999999999996 7.42e-05 0.0025 1.884 inverted 10.237512122614877
0.304 0.022 0.45499999999999996 7.42e-05 0.0025 3.768 normal 5.877269049698796
0.304 0.022 0.45499999999999996 7.42e-05 0.0025 4.396 inverted 11.519267215594066
0.304 0.022 0.45499999999999996 7.42e-05 0.0025 3.14 inverted 10.201984151613518
0.304 0.022 0.45499999999999996 7.42e-05 0.0025 4.082 normal 6.018471998358636
0.304 0.022 0.45499999999999996 7.42e-05 0.0025 2.512 inverted 9.213075786780712
0.304 0.022 0.45499999999999996 7.42e-05 0.0025 4.082 inverted 11.699000677985152
0.304 0.022 0.45499999999999996 7.42e-05 0.0025 3.768 inverted 11.505805244112892
0.304 0.022 0.45499999999999996 7.42e-05 0.0025 4.71 normal 5.702387560724293
0.304 0.022 0.45499999999999996 7.42e-05 0.0025 5.024 normal 5.718940794705283
0.304 0.022 0.45499999999999996 7.42e-05 0.0025 5.338 inverted 10.907180789313001
0.304 0.022 0.45499999999999996 7.42e-05 0.0025 6.28 inverted 13.384163350168377
0.304 0.022 0.45499999999999996 7.42e-05 0.0025 6.28 normal 9.932593340378844
0.304 0.022 0.45499999999999996 7.42e-05 0.0025 5.966 normal 8.568759482856212
0.304 0.022 0.4716666666666667 7.42e-05 0.0025 0.0 inverted 13.251372317388396
0.304 0.022 0.45499999999999996 7.42e-05 0.0025 5.024 inverted 10.844031230198034
0.304 0.022 0.45499999999999996 7.42e-05 0.0025 5.966 inverted 12.370868523788586
0.304 0.022 0.4716666666666667 7.42e-05 0.0025 0.942 normal 9.888770813855869
0.304 0.022 0.45499999999999996 7.42e-05 0.0025 4.71 inverted 11.13962851216399
0.304 0.022 0.45499999999999996 7.42e-05 0.0025 5.338 normal 6.190737870648927
0.304 0.022 0.4716666666666667 7.42e-05 0.0025 1.57 inverted 11.416484232520283
0.304 0.022 0.4716666666666667 7.42e-05 0.0025 1.256 inverted 12.75645793316904
0.304 0.022 0.4716666666666667 7.42e-05 0.0025 1.256 normal 8.677676225945838
0.304 0.022 0.45499999999999996 7.42e-05 0.0025 5.652 inverted 11.445731344992014
0.304 0.022 0.45499999999999996 7.42e-05 0.0025 5.652 normal 7.1976316368867215
0.304 0.022 0.4716666666666667 7.42e-05 0.0025 0.628 normal 10.43515110223316
0.304 0.022 0.4716666666666667 7.42e-05 0.0025 0.314 inverted 14.051839793791267
0.304 0.022 0.4716666666666667 7.42e-05 0.0025 0.628 inverted 14.270493804798974
0.304 0.022 0.4716666666666667 7.42e-05 0.0025 0.942 inverted 13.800560531191438
0.304 0.022 0.4716666666666667 7.42e-05 0.0025 0.314 normal 10.166191148025419
0.304 0.022 0.4716666666666667 7.42e-05 0.0025 1.57 normal 7.118817108162735
0.304 0.022 0.4716666666666667 7.42e-05 0.0025 0.0 normal 9.187398603045294
0.304 0.022 0.4716666666666667 7.42e-05 0.0025 3.454 inverted 10.315767530474485
0.304 0.022 0.4716666666666667 7.42e-05 0.0025 1.884 normal 5.597676313075798
0.304 0.022 0.4716666666666667 7.42e-05 0.0025 5.338 inverted 10.548427821324722
0.304 0.022 0.4716666666666667 7.42e-05 0.0025 3.768 inverted 10.859687650793536
0.304 0.022 0.4716666666666667 7.42e-05 0.0025 2.198 inverted 9.215206189511418
0.304 0.022 0.4716666666666667 7.42e-05 0.0025 5.024 inverted 10.418400009497057
0.304 0.022 0.4716666666666667 7.42e-05 0.0025 3.14 normal 4.236170784114412
0.304 0.022 0.4716666666666667 7.42e-05 0.0025 2.198 normal 4.446587399900943
0.304 0.022 0.4716666666666667 7.42e-05 0.0025 3.14 inverted 9.620898351946071
0.304 0.022 0.4716666666666667 7.42e-05 0.0025 2.512 normal 3.865831106968141
0.304 0.022 0.4716666666666667 7.42e-05 0.0025 1.884 inverted 10.130774599946474
0.304 0.022 0.4716666666666667 7.42e-05 0.0025 3.768 normal 5.171683162912374
0.304 0.022 0.4716666666666667 7.42e-05 0.0025 2.826 normal 3.8500117444118875
0.304 0.022 0.4716666666666667 7.42e-05 0.0025 4.396 inverted 10.956325538450479
0.304 0.022 0.4716666666666667 7.42e-05 0.0025 4.082 inverted 11.074065217909384
0.304 0.022 0.4716666666666667 7.42e-05 0.0025 3.454 normal 4.759591838991809
0.304 0.022 0.4716666666666667 7.42e-05 0.0025 4.396 normal 5.198872328899058
0.304 0.022 0.4716666666666667 7.42e-05 0.0025 2.826 inverted 9.042789476305385
0.304 0.022 0.4716666666666667 7.42e-05 0.0025 4.71 normal 5.004663064547958
0.304 0.022 0.4716666666666667 7.42e-05 0.0025 5.338 normal 5.44997565461137
0.304 0.022 0.4716666666666667 7.42e-05 0.0025 4.082 normal 5.313833463414222
0.304 0.022 0.4716666666666667 7.42e-05 0.0025 2.512 inverted 8.854031607806137
0.304 0.022 0.4716666666666667 7.42e-05 0.0025 5.024 normal 5.005607346042154
0.304 0.022 0.4716666666666667 7.42e-05 0.0025 4.71 inverted 10.640812534467628
0.304 0.022 0.4716666666666667 7.42e-05 0.0025 6.28 normal 9.17382915933543
0.304 0.022 0.4716666666666667 7.42e-05 0.0025 5.966 normal 7.793766455771627
0.304 0.022 0.4716666666666667 7.42e-05 0.0025 5.652 inverted 11.160393734318022
0.304 0.022 0.4883333333333333 7.42e-05 0.0025 0.314 inverted 14.226155522001557
0.304 0.022 0.4716666666666667 7.42e-05 0.0025 5.652 normal 6.433211135103992
0.304 0.022 0.4883333333333333 7.42e-05 0.0025 0.0 inverted 13.34357331354846
0.304 0.022 0.4716666666666667 7.42e-05 0.0025 5.966 inverted 12.151904246304596
0.304 0.022 0.4883333333333333 7.42e-05 0.0025 0.942 inverted 14.051733841483468
0.304 0.022 0.4883333333333333 7.42e-05 0.0025 0.628 inverted 14.504110531763919
0.304 0.022 0.4883333333333333 7.42e-05 0.0025 0.0 normal 8.845618103576568
0.304 0.022 0.4883333333333333 7.42e-05 0.0025 1.57 normal 6.926293094950032
0.304 0.022 0.4883333333333333 7.42e-05 0.0025 2.198 inverted 9.086141722415485
0.304 0.022 0.4883333333333333 7.42e-05 0.0025 2.198 normal 4.12826392864569
0.304 0.022 0.4883333333333333 7.42e-05 0.0025 0.628 normal 10.211085359212687
0.304 0.022 0.4716666666666667 7.42e-05 0.0025 6.28 inverted 13.240809311932018
0.304 0.022 0.4883333333333333 7.42e-05 0.0025 2.512 normal 3.4492894872779383
0.304 0.022 0.4883333333333333 7.42e-05 0.0025 1.884 normal 5.357200380139564
0.304 0.022 0.4883333333333333 7.42e-05 0.0025 1.256 normal 8.507649412468137
0.304 0.022 0.4883333333333333 7.42e-05 0.0025 2.512 inverted 8.56422908456231
0.304 0.022 0.4883333333333333 7.42e-05 0.0025 1.256 inverted 12.97854542678306
0.304 0.022 0.4883333333333333 7.42e-05 0.0025 0.314 normal 9.884217501294769
0.304 0.022 0.4883333333333333 7.42e-05 0.0025 1.884 inverted 10.154692942916293
0.304 0.022 0.4883333333333333 7.42e-05 0.0025 0.942 normal 9.703804028836315
0.304 0.022 0.4883333333333333 7.42e-05 0.0025 1.57 inverted 11.56066246545718
0.304 0.022 0.4883333333333333 7.42e-05 0.0025 3.14 inverted 9.065479405221787
0.304 0.022 0.4883333333333333 7.42e-05 0.0025 5.024 inverted 10.056433793510966
0.304 0.022 0.4883333333333333 7.42e-05 0.0025 2.826 normal 3.3384615678546137
0.304 0.022 0.4883333333333333 7.42e-05 0.0025 3.14 normal 3.650109538906666
0.304 0.022 0.4883333333333333 7.42e-05 0.0025 4.082 normal 4.663936580426582
0.304 0.022 0.4883333333333333 7.42e-05 0.0025 2.826 inverted 8.608117959734757
0.304 0.022 0.4883333333333333 7.42e-05 0.0025 5.024 normal 4.472859395556909
0.304 0.022 0.4883333333333333 7.42e-05 0.0025 4.71 inverted 10.163335082428478
0.304 0.022 0.4883333333333333 7.42e-05 0.0025 4.396 inverted 10.37939310518831
0.304 0.022 0.4883333333333333 7.42e-05 0.0025 5.652 normal 5.990814569038283
0.304 0.022 0.4883333333333333 7.42e-05 0.0025 5.966 inverted 12.144497345287249
0.304 0.022 0.4883333333333333 7.42e-05 0.0025 5.652 inverted 11.036319192352256
0.304 0.022 0.4883333333333333 7.42e-05 0.0025 4.082 inverted 10.439653128404585
0.304 0.022 0.4883333333333333 7.42e-05 0.0025 3.768 normal 4.51211724597485
0.304 0.022 0.4883333333333333 7.42e-05 0.0025 5.966 normal 7.399734041067436
0.304 0.022 0.4883333333333333 7.42e-05 0.0025 5.338 inverted 10.306047743325559
0.304 0.022 0.4883333333333333 7.42e-05 0.0025 6.28 inverted 13.332753351984532
0.304 0.022 0.4883333333333333 7.42e-05 0.0025 3.454 inverted 9.683121550291412
0.304 0.022 0.4883333333333333 7.42e-05 0.0025 3.454 normal 4.125621989958048
0.304 0.022 0.4883333333333333 7.42e-05 0.0025 5.338 normal 4.965213321925206
0.304 0.022 0.4883333333333333 7.42e-05 0.0025 4.396 normal 4.57590670989163
0.304 0.022 0.4883333333333333 7.42e-05 0.0025 3.768 inverted 10.20185858416192
0.304 0.022 0.4883333333333333 7.42e-05 0.0025 4.71 normal 4.428275201940521
0.304 0.022 0.4883333333333333 7.42e-05 0.0025 6.28 normal 8.83409406495587
0.304 0.022 0.505 7.42e-05 0.0025 0.628 inverted 14.728717157060032
0.304 0.022 0.505 7.42e-05 0.0025 0.314 normal 9.74528213396048
0.304 0.022 0.505 7.42e-05 0.0025 1.884 inverted 10.071786455759533
0.304 0.022 0.505 7.42e-05 0.0025 2.198 inverted 8.837017526938439
0.304 0.022 0.505 7.42e-05 0.0025 0.0 normal 8.636434668441034
0.304 0.022 0.505 7.42e-05 0.0025 2.512 normal 2.959073500584548
0.304 0.022 0.505 7.42e-05 0.0025 0.0 inverted 13.423151290377444
0.304 0.022 0.505 7.42e-05 0.0025 3.454 normal 3.3306152879769155
0.304 0.022 0.505 7.42e-05 0.0025 0.628 normal 10.116780535612556
0.304 0.022 0.505 7.42e-05 0.0025 1.256 inverted 13.154665192325432
0.304 0.022 0.505 7.42e-05 0.0025 1.57 normal 6.775196178718665
0.304 0.022 0.505 7.42e-05 0.0025 1.57 inverted 11.62813038715953
0.304 0.022 0.505 7.42e-05 0.0025 0.942 normal 9.625873965617837
0.304 0.022 0.505 7.42e-05 0.0025 0.314 inverted 14.402186872922549
0.304 0.022 0.505 7.42e-05 0.0025 0.942 inverted 14.28084419538374
0.304 0.022 0.505 7.42e-05 0.0025 3.454 inverted 8.844929079073639
0.304 0.022 0.505 7.42e-05 0.0025 2.198 normal 3.762781609507366
0.304 0.022 0.505 7.42e-05 0.0025 1.884 normal 5.105282490848863
0.304 0.022 0.505 7.42e-05 0.0025 2.826 inverted 8.008264414524962
0.304 0.022 0.505 7.42e-05 0.0025 2.512 inverted 8.134219518635486
0.304 0.022 0.505 7.42e-05 0.0025 2.826 normal 2.727742960008478
0.304 0.022 0.505 7.42e-05 0.0025 3.14 normal 2.9336585770349557
0.304 0.022 0.505 7.42e-05 0.0025 1.256 normal 8.409303818947473
0.304 0.022 0.505 7.42e-05 0.0025 3.14 inverted 8.327042023046294
0.304 0.022 0.505 7.42e-05 0.0025 4.082 inverted 9.56832589130893
0.304 0.022 0.505 7.42e-05 0.0025 4.082 normal 3.8356467223367408
0.304 0.022 0.505 7.42e-05 0.0025 5.966 inverted 12.09294788772782
0.304 0.022 0.505 7.42e-05 0.0025 4.71 normal 3.72066909489628
0.304 0.022 0.505 7.42e-05 0.0025 5.966 normal 7.100279887271408
0.304 0.022 0.505 7.42e-05 0.0025 3.768 normal 3.6813886504056605
0.304 0.022 0.505 7.42e-05 0.0025 5.338 normal 4.466631375592935
0.304 0.022 0.505 7.42e-05 0.0025 5.652 normal 5.593742174765519
0.304 0.022 0.5216666666666667 7.42e-05 0.0025 0.628 normal 10.049486558265832
0.304 0.022 0.505 7.42e-05 0.0025 4.396 inverted 9.579256056446434
0.304 0.022 0.505 7.42e-05 0.0025 5.024 inverted 9.521048818011312
0.304 0.022 0.505 7.42e-05 0.0025 4.396 normal 3.7945604814693024
0.304 0.022 0.505 7.42e-05 0.0025 3.768 inverted 9.317539490499197
0.304 0.022 0.505 7.42e-05 0.0025 4.71 inverted 9.480278717839147
0.304 0.022 0.5216666666666667 7.42e-05 0.0025 0.0 normal 8.43850921969861
0.304 0.022 0.5216666666666667 7.42e-05 0.0025 0.628 inverted 14.866248780190936
0.304 0.022 0.5216666666666667 7.42e-05 0.0025 0.0 inverted 13.404699221973173
0.304 0.022 0.505 7.42e-05 0.0025 6.28 normal 8.624660906301486
0.304 0.022 0.505 7.42e-05 0.0025 5.024 normal 3.8661526194870097
0.304 0.022 0.505 7.42e-05 0.0025 5.652 inverted 10.830492598035931
0.304 0.022 0.5216666666666667 7.42e-05 0.0025 0.314 normal 9.63406527386263
0.304 0.022 0.505 7.42e-05 0.0025 6.28 inverted 13.410449709188043
0.304 0.022 0.505 7.42e-05 0.0025 5.338 inverted 9.93608819792748
0.304 0.022 0.5216666666666667 7.42e-05 0.0025 0.314 inverted 14.489243340230516
0.304 0.022 0.5216666666666667 7.42e-05 0.0025 2.512 inverted 7.518120371857695
0.304 0.022 0.5216666666666667 7.42e-05 0.0025 1.57 inverted 11.554487232070526
0.304 0.022 0.5216666666666667 7.42e-05 0.0025 0.942 inverted 14.405104932954771
0.304 0.022 0.5216666666666667 7.42e-05 0.0025 2.826 normal 1.9608802361849083
0.304 0.022 0.5216666666666667 7.42e-05 0.0025 3.14 inverted 7.362567069358113
0.304 0.022 0.5216666666666667 7.42e-05 0.0025 2.198 normal 3.2916227728895713
0.304 0.022 0.5216666666666667 7.42e-05 0.0025 2.198 inverted 8.414924804793673
0.304 0.022 0.5216666666666667 7.42e-05 0.0025 1.256 normal 8.290540677967812
0.304 0.022 0.5216666666666667 7.42e-05 0.0025 3.454 normal 2.3320808700356817
0.304 0.022 0.5216666666666667 7.42e-05 0.0025 3.768 normal 2.6217764996060353
0.304 0.022 0.5216666666666667 7.42e-05 0.0025 1.57 normal 6.567448058537169
0.304 0.022 0.5216666666666667 7.42e-05 0.0025 2.512 normal 2.336740163378926
0.304 0.022 0.5216666666666667 7.42e-05 0.0025 3.768 inverted 8.163731539557137
0.304 0.022 0.5216666666666667 7.42e-05 0.0025 2.826 inverted 7.206371559957981
0.304 0.022 0.5216666666666667 7.42e-05 0.0025 0.942 normal 9.5575460370287
0.304 0.022 0.5216666666666667 7.42e-05 0.0025 1.884 inverted 9.838800558681635
0.304 0.022 0.5216666666666667 7.42e-05 0.0025 1.884 normal 4.78042966883377
0.304 0.022 0.5216666666666667 7.42e-05 0.0025 1.256 inverted 13.199015394123805
0.304 0.022 0.5216666666666667 7.42e-05 0.0025 4.396 normal 2.780297050260183
0.304 0.022 0.5216666666666667 7.42e-05 0.0025 3.14 normal 2.033938113024696
0.304 0.022 0.5216666666666667 7.42e-05 0.0025 3.454 inverted 7.760994130127802
0.304 0.022 0.5216666666666667 7.42e-05 0.0025 4.082 inverted 8.41539767233463
0.304 0.022 0.5216666666666667 7.42e-05 0.0025 4.082 normal 2.7691110079562202
0.304 0.022 0.5216666666666667 7.42e-05 0.0025 4.396 inverted 8.494125842240248
0.304 0.022 0.5216666666666667 7.42e-05 0.0025 5.652 inverted 10.466049996362099
0.304 0.022 0.5216666666666667 7.42e-05 0.0025 5.024 normal 3.090494085799051
0.304 0.022 0.5216666666666667 7.42e-05 0.0025 5.338 normal 3.846566819183691
0.304 0.022 0.5216666666666667 7.42e-05 0.0025 5.966 normal 6.78478909370479
0.304 0.022 0.5216666666666667 7.42e-05 0.0025 5.652 normal 5.136661030801534
0.304 0.022 0.5383333333333333 7.42e-05 0.0025 0.628 normal 10.04570756372637
0.304 0.022 0.5216666666666667 7.42e-05 0.0025 5.966 inverted 11.917402703697046
0.304 0.022 0.5383333333333333 7.42e-05 0.0025 0.314 inverted 14.574417702849995
0.304 0.022 0.5216666666666667 7.42e-05 0.0025 5.338 inverted 9.362860418821478
0.304 0.022 0.5383333333333333 7.42e-05 0.0025 0.0 normal 8.295700933979974
0.304 0.022 0.5216666666666667 7.42e-05 0.0025 5.024 inverted 8.74490581768079
0.304 0.022 0.5216666666666667 7.42e-05 0.0025 4.71 inverted 8.526039835578226
0.304 0.022 0.5383333333333333 7.42e-05 0.0025 0.314 normal 9.588033299946028
0.304 0.022 0.5216666666666667 7.42e-05 0.0025 4.71 normal 2.8071370522584043
0.304 0.022 0.5383333333333333 7.42e-05 0.0025 0.942 normal 9.547218123611035
0.304 0.022 0.5216666666666667 7.42e-05 0.0025 6.28 inverted 13.391181601390409
0.304 0.022 0.5383333333333333 7.42e-05 0.0025 1.57 normal 6.374916173180434
0.304 0.022 0.5383333333333333 7.42e-05 0.0025 1.256 inverted 13.224498575211948
0.304 0.022 0.5216666666666667 7.42e-05 0.0025 6.28 normal 8.424094792373534
0.304 0.022 0.5383333333333333 7.42e-05 0.0025 0.0 inverted 13.374681716772711
0.304 0.022 0.5383333333333333 7.42e-05 0.0025 0.628 inverted 15.001738947086144
0.304 0.022 0.5383333333333333 7.42e-05 0.0025 1.256 normal 8.211410913883013
0.304 0.022 0.5383333333333333 7.42e-05 0.0025 1.57 inverted 11.453066875620447
0.304 0.022 0.5383333333333333 7.42e-05 0.0025 0.942 inverted 14.50930775663629
0.304 0.022 0.5383333333333333 7.42e-05 0.0025 3.454 inverted 6.557872767330015
0.304 0.022 0.5383333333333333 7.42e-05 0.0025 2.512 inverted 6.8375272014217074
0.304 0.022 0.5383333333333333 7.42e-05 0.0025 1.884 normal 4.455346551763995
0.304 0.022 0.5383333333333333 7.42e-05 0.0025 5.024 normal 2.2140665492952887
0.304 0.022 0.5383333333333333 7.42e-05 0.0025 5.338 inverted 8.685820368724164
0.304 0.022 0.5383333333333333 7.42e-05 0.0025 3.768 inverted 6.871996679331145
0.304 0.022 0.5383333333333333 7.42e-05 0.0025 4.396 inverted 7.241737487761727
0.304 0.022 0.5383333333333333 7.42e-05 0.0025 3.454 normal 1.2416139940515252
0.304 0.022 0.5383333333333333 7.42e-05 0.0025 3.14 inverted 6.303935149723938
0.304 0.022 0.5383333333333333 7.42e-05 0.0025 2.198 inverted 7.937932631032254
0.304 0.022 0.5383333333333333 7.42e-05 0.0025 2.198 normal 2.816753778999614
0.304 0.022 0.5383333333333333 7.42e-05 0.0025 4.396 normal 1.6268275837869652
0.304 0.022 0.5383333333333333 7.42e-05 0.0025 1.884 inverted 9.554805951756348
0.304 0.022 0.5383333333333333 7.42e-05 0.0025 2.512 normal 1.6951000124397142
0.304 0.022 0.5383333333333333 7.42e-05 0.0025 3.768 normal 1.4488473910746684
0.304 0.022 0.5383333333333333 7.42e-05 0.0025 3.14 normal 1.0743402578228454
0.304 0.022 0.5383333333333333 7.42e-05 0.0025 4.71 normal 1.7635917532694132
0.304 0.022 0.5383333333333333 7.42e-05 0.0025 5.338 normal 3.1639650253891074
0.304 0.022 0.5383333333333333 7.42e-05 0.0025 4.082 inverted 7.10439453733651
0.304 0.022 0.5383333333333333 7.42e-05 0.0025 2.826 normal 1.1535842002846284
0.304 0.022 0.5383333333333333 7.42e-05 0.0025 2.826 inverted 6.326903912007951
0.304 0.022 0.5383333333333333 7.42e-05 0.0025 4.082 normal 1.5702884381676703
0.304 0.022 0.5383333333333333 7.42e-05 0.0025 4.71 inverted 7.412841478865363
0.304 0.022 0.5383333333333333 7.42e-05 0.0025 5.024 inverted 7.828569570775796
0.304 0.022 0.5383333333333333 7.42e-05 0.0025 5.652 inverted 10.033519541691668
0.304 0.022 0.5383333333333333 7.42e-05 0.0025 5.652 normal 4.654462278245739
0.304 0.022 0.5549999999999999 7.42e-05 0.0025 2.512 normal 1.3026493080818116
0.304 0.022 0.5549999999999999 7.42e-05 0.0025 1.57 inverted 11.578598331208928
0.304 0.022 0.5383333333333333 7.42e-05 0.0025 5.966 normal 6.489581016428799
0.304 0.022 0.5549999999999999 7.42e-05 0.0025 1.884 normal 4.393477132739689
0.304 0.022 0.5549999999999999 7.42e-05 0.0025 0.628 inverted 15.39017594758761
0.304 0.022 0.5383333333333333 7.42e-05 0.0025 6.28 normal 8.277976371338262
0.304 0.022 0.5549999999999999 7.42e-05 0.0025 0.942 inverted 14.885208126431897
0.304 0.022 0.5549999999999999 7.42e-05 0.0025 0.0 inverted 13.580214712132303
0.304 0.022 0.5549999999999999 7.42e-05 0.0025 1.57 normal 6.46188223829812
0.304 0.022 0.5383333333333333 7.42e-05 0.0025 5.966 inverted 11.705692686911306
0.304 0.022 0.5549999999999999 7.42e-05 0.0025 0.0 normal 8.402962763822893
0.304 0.022 0.5383333333333333 7.42e-05 0.0025 6.28 inverted 13.358061655391344
0.304 0.022 0.5549999999999999 7.42e-05 0.0025 1.256 normal 8.406072042599659
0.304 0.022 0.5549999999999999 7.42e-05 0.0025 2.512 inverted 6.381188375471663
0.304 0.022 0.5549999999999999 7.42e-05 0.0025 0.628 normal 10.317180673343358
0.304 0.022 0.5549999999999999 7.42e-05 0.0025 0.314 inverted 14.916590277715219
0.304 0.022 0.5549999999999999 7.42e-05 0.0025 0.314 normal 9.809811395404418
0.304 0.022 0.5549999999999999 7.42e-05 0.0025 1.256 inverted 13.500495693121003
0.304 0.022 0.5549999999999999 7.42e-05 0.0025 2.198 inverted 7.693643021860248
0.304 0.022 0.5549999999999999 7.42e-05 0.0025 0.942 normal 9.798301959732576
0.304 0.022 0.5549999999999999 7.42e-05 0.0025 1.884 inverted 9.511747395921146
0.304 0.022 0.5549999999999999 7.42e-05 0.0025 2.198 normal 2.5897000083238146
0.304 0.022 0.5549999999999999 7.42e-05 0.0025 5.024 inverted 7.044661014090119
0.304 0.022 0.5549999999999999 7.42e-05 0.0025 4.396 inverted 6.1050455304787254
0.304 0.022 0.5549999999999999 7.42e-05 0.0025 3.768 inverted 5.730093242270344
0.304 0.022 0.5549999999999999 7.42e-05 0.0025 3.454 inverted 5.53093804416844
0.304 0.022 0.5549999999999999 7.42e-05 0.0025 3.454 normal 0.3411976198773999
0.304 0.022 0.5549999999999999 7.42e-05 0.0025 4.082 normal 0.5049485588780841
0.304 0.022 0.5549999999999999 7.42e-05 0.0025 2.826 normal 0.5844598474704678
0.304 0.022 0.5549999999999999 7.42e-05 0.0025 2.826 inverted 5.666250894673128
0.304 0.022 0.5549999999999999 7.42e-05 0.0025 3.768 normal 0.4332944137425168
0.304 0.022 0.5549999999999999 7.42e-05 0.0025 3.14 inverted 5.4420403342934724
0.304 0.022 0.5549999999999999 7.42e-05 0.0025 5.338 normal 2.648167548968358
0.304 0.022 0.5549999999999999 7.42e-05 0.0025 6.28 normal 8.386346138669257
0.304 0.022 0.5549999999999999 7.42e-05 0.0025 5.652 normal 4.373906292026152
0.304 0.022 0.5549999999999999 7.42e-05 0.0025 5.024 normal 1.4668109511546128
0.304 0.022 0.5549999999999999 7.42e-05 0.0025 4.082 inverted 5.920527791629489
0.304 0.022 0.5549999999999999 7.42e-05 0.0025 3.14 normal 0.32876263746955864
0.304 0.022 0.5549999999999999 7.42e-05 0.0025 4.71 inverted 6.412882967498276
0.304 0.022 0.5549999999999999 7.42e-05 0.0025 5.652 inverted 9.783923941316877
0.304 0.022 0.5549999999999999 7.42e-05 0.0025 4.71 normal 0.8378550152880665
0.304 0.022 0.5549999999999999 7.42e-05 0.0025 5.966 normal 6.423545681618562
0.304 0.022 0.5549999999999999 7.42e-05 0.0025 4.396 normal 0.5890619167472699
0.304 0.022 0.5549999999999999 7.42e-05 0.0025 5.966 inverted 11.70720668765282
0.304 0.022 0.5549999999999999 7.42e-05 0.0025 6.28 inverted 13.563556852775521
0.304 0.022 0.5549999999999999 7.42e-05 0.0025 5.338 inverted 8.160635629803796
0.304 0.022 0.5716666666666667 7.42e-05 0.0025 0.0 inverted 14.43335192561751
0.304 0.022 0.5716666666666667 7.42e-05 0.0025 0.942 normal 10.708646481985948
0.304 0.022 0.5716666666666667 7.42e-05 0.0025 1.884 inverted 10.143888516930588
0.304 0.022 0.5716666666666667 7.42e-05 0.0025 3.14 normal 0.23968211814488483
0.304 0.022 0.5716666666666667 7.42e-05 0.0025 0.0 normal 9.128205344905679
0.304 0.022 0.5716666666666667 7.42e-05 0.0025 0.628 normal 11.234520160786628
0.304 0.022 0.5716666666666667 7.42e-05 0.0025 1.884 normal 5.0002035369162865
0.304 0.022 0.5716666666666667 7.42e-05 0.0025 1.256 inverted 14.457828775924334
0.304 0.022 0.5716666666666667 7.42e-05 0.0025 0.628 inverted 16.437877205335866
0.304 0.022 0.5716666666666667 7.42e-05 0.0025 0.314 inverted 15.91662030809981
0.304 0.022 0.5716666666666667 7.42e-05 0.0025 1.256 normal 9.237498679080826
0.304 0.022 0.5716666666666667 7.42e-05 0.0025 2.512 normal 1.5870617334218315
0.304 0.022 0.5716666666666667 7.42e-05 0.0025 1.57 normal 7.210667290069147
0.304 0.022 0.5716666666666667 7.42e-05 0.0025 2.512 inverted 6.610208571309521
0.304 0.022 0.5716666666666667 7.42e-05 0.0025 2.198 normal 3.051335838481432
0.304 0.022 0.5716666666666667 7.42e-05 0.0025 0.314 normal 10.665935314206813
0.304 0.022 0.5716666666666667 7.42e-05 0.0025 2.826 normal 0.6884658182872312
0.304 0.022 0.5716666666666667 7.42e-05 0.0025 3.454 normal 0.06988467173815173
0.304 0.022 0.5716666666666667 7.42e-05 0.0025 2.198 inverted 8.128834091733744
0.304 0.022 0.5716666666666667 7.42e-05 0.0025 2.826 inverted 5.6741946659599245
0.304 0.022 0.5716666666666667 7.42e-05 0.0025 0.942 inverted 15.904301015165789
0.304 0.022 0.5716666666666667 7.42e-05 0.0025 3.14 inverted 5.23870865399823
0.304 0.022 0.5716666666666667 7.42e-05 0.0025 1.57 inverted 12.394353940661714
0.304 0.022 0.5716666666666667 7.42e-05 0.0025 3.454 inverted 5.138902907374843
0.304 0.022 0.5716666666666667 7.42e-05 0.0025 4.396 normal 0.08910436591492822
0.304 0.022 0.5716666666666667 7.42e-05 0.0025 5.966 inverted 12.34295111869443
0.304 0.022 0.5716666666666667 7.42e-05 0.0025 4.082 normal 0.0022992434288216
0.304 0.022 0.5716666666666667 7.42e-05 0.0025 5.966 normal 6.9532878555708315
0.304 0.022 0.5716666666666667 7.42e-05 0.0025 6.28 normal 9.108285018130065
0.304 0.022 0.5716666666666667 7.42e-05 0.0025 5.338 normal 2.674214718294228
0.304 0.022 0.5716666666666667 7.42e-05 0.0025 5.652 normal 4.661117607679708
0.304 0.022 0.5716666666666667 7.42e-05 0.0025 5.338 inverted 8.221419171393991
0.304 0.022 0.5716666666666667 7.42e-05 0.0025 5.652 inverted 10.142084047314322
0.304 0.022 0.5716666666666667 7.42e-05 0.0025 5.024 inverted 6.826119235541643
0.304 0.022 0.5716666666666667 7.42e-05 0.0025 4.396 inverted 5.53320847299813
0.304 0.022 0.5883333333333334 7.42e-05 0.0025 0.314 inverted 18.1592062787922
0.304 0.022 0.5716666666666667 7.42e-05 0.0025 6.28 inverted 14.412529733756818
0.304 0.022 0.5883333333333334 7.42e-05 0.0025 0.0 inverted 16.517381911051633
0.304 0.022 0.5716666666666667 7.42e-05 0.0025 5.024 normal 1.2503436413219582
0.304 0.022 0.5716666666666667 7.42e-05 0.0025 3.768 normal 0.013883274332206062
0.304 0.022 0.5716666666666667 7.42e-05 0.0025 3.768 inverted 5.195412421521329
0.304 0.022 0.5716666666666667 7.42e-05 0.0025 4.71 normal 0.4360681154743305
0.304 0.022 0.5716666666666667 7.42e-05 0.0025 4.71 inverted 5.97117902720421
0.304 0.022 0.5883333333333334 7.42e-05 0.0025 0.628 inverted 18.74395539463978
0.304 0.022 0.5716666666666667 7.42e-05 0.0025 4.082 inverted 5.319290748335046
0.304 0.022 0.5883333333333334 7.42e-05 0.0025 0.314 normal 12.679971152982237
0.304 0.022 0.5883333333333334 7.42e-05 0.0025 0.0 normal 10.995852953485084
0.304 0.022 0.5883333333333334 7.42e-05 0.0025 0.628 normal 13.323314582266597
0.304 0.022 0.5883333333333334 7.42e-05 0.0025 2.198 inverted 9.85398158225962
0.304 0.022 0.5883333333333334 7.42e-05 0.0025 0.942 normal 12.801440962687241
0.304 0.022 0.5883333333333334 7.42e-05 0.0025 1.57 normal 9.157492060525593
0.304 0.022 0.5883333333333334 7.42e-05 0.0025 1.57 inverted 14.455908923571831
0.304 0.022 0.5883333333333334 7.42e-05 0.0025 2.512 normal 3.1452519935124807
0.304 0.022 0.5883333333333334 7.42e-05 0.0025 2.512 inverted 8.131831242802571
0.304 0.022 0.5883333333333334 7.42e-05 0.0025 4.082 normal 0.649834080153072
0.304 0.022 0.5883333333333334 7.42e-05 0.0025 4.396 normal 0.7044279183040026
0.304 0.022 0.5883333333333334 7.42e-05 0.0025 1.884 normal 6.852396727617357
0.304 0.022 0.5883333333333334 7.42e-05 0.0025 3.454 normal 1.024789197351276
0.304 0.022 0.5883333333333334 7.42e-05 0.0025 3.768 normal 0.7847325882877316
0.304 0.022 0.5883333333333334 7.42e-05 0.0025 1.256 inverted 16.666064966392167
0.304 0.022 0.5883333333333334 7.42e-05 0.0025 0.942 inverted 18.197693921602223
0.304 0.022 0.5883333333333334 7.42e-05 0.0025 3.454 inverted 6.004457269020831
0.304 0.022 0.5883333333333334 7.42e-05 0.0025 3.14 normal 1.4049111333657562
0.304 0.022 0.5883333333333334 7.42e-05 0.0025 1.884 inverted 12.056466459286582
0.304 0.022 0.5883333333333334 7.42e-05 0.0025 2.826 normal 2.0594314695804252
0.304 0.022 0.5883333333333334 7.42e-05 0.0025 3.14 inverted 6.316889100505185
0.304 0.022 0.5883333333333334 7.42e-05 0.0025 2.826 inverted 6.977722481891221
0.304 0.022 0.5883333333333334 7.42e-05 0.0025 1.256 normal 11.287550737686093
0.304 0.022 0.5883333333333334 7.42e-05 0.0025 2.198 normal 4.762392863457971
0.304 0.022 0.5883333333333334 7.42e-05 0.0025 4.396 inverted 6.135478509134541
0.304 0.022 0.5883333333333334 7.42e-05 0.0025 4.082 inverted 5.917276679348737
0.304 0.022 0.5883333333333334 7.42e-05 0.0025 3.768 inverted 5.8884131764191885
0.304 0.022 0.5883333333333334 7.42e-05 0.0025 5.966 inverted 14.190070565632123
0.304 0.022 0.5883333333333334 7.42e-05 0.0025 5.338 inverted 9.456183761367157
0.304 0.022 0.605 7.42e-05 0.0025 0.942 inverted 22.499351724577735
0.304 0.022 0.5883333333333334 7.42e-05 0.0025 4.71 normal 1.1282196689090085
0.304 0.022 0.5883333333333334 7.42e-05 0.0025 6.28 inverted 16.497117369013914
0.304 0.022 0.5883333333333334 7.42e-05 0.0025 5.024 inverted 7.767411643329361
0.304 0.022 0.5883333333333334 7.42e-05 0.0025 5.338 normal 3.7868574622015436
0.304 0.022 0.605 7.42e-05 0.0025 1.57 inverted 18.561589462574034
0.304 0.022 0.5883333333333334 7.42e-05 0.0025 5.652 inverted 11.688322218157662
0.304 0.022 0.605 7.42e-05 0.0025 1.57 normal 13.054978490173573
0.304 0.022 0.605 7.42e-05 0.0025 0.0 normal 14.684399773783122
0.304 0.022 0.605 7.42e-05 0.0025 0.0 inverted 20.568282311221243
0.304 0.022 0.605 7.42e-05 0.0025 0.314 normal 16.543933228828575
0.304 0.022 0.5883333333333334 7.42e-05 0.0025 6.28 normal 10.976846509997275
0.304 0.022 0.605 7.42e-05 0.0025 0.628 inverted 23.04303063283551
0.304 0.022 0.5883333333333334 7.42e-05 0.0025 5.966 normal 8.60308557948488
0.304 0.022 0.5883333333333334 7.42e-05 0.0025 5.024 normal 2.1191932939327462
0.304 0.022 0.5883333333333334 7.42e-05 0.0025 4.71 inverted 6.69729145483389
0.304 0.022 0.605 7.42e-05 0.0025 0.628 normal 17.275552564512054
0.304 0.022 0.605 7.42e-05 0.0025 1.256 normal 15.237005625852074
0.304 0.022 0.605 7.42e-05 0.0025 0.942 normal 16.778540021946696
0.304 0.022 0.605 7.42e-05 0.0025 0.314 inverted 22.363147025606867
0.304 0.022 0.5883333333333334 7.42e-05 0.0025 5.652 normal 6.052654631936005
0.304 0.022 0.605 7.42e-05 0.0025 1.256 inverted 20.893902003313276
0.304 0.022 0.605 7.42e-05 0.0025 2.198 inverted 13.640164173191176
0.304 0.022 0.605 7.42e-05 0.0025 2.512 normal 6.710549206090759
0.304 0.022 0.605 7.42e-05 0.0025 2.198 normal 8.473406879206284
0.304 0.022 0.605 7.42e-05 0.0025 4.396 normal 3.1741988095617524
0.304 0.022 0.605 7.42e-05 0.0025 3.454 inverted 8.90254222138157
0.304 0.022 0.605 7.42e-05 0.0025 3.768 inverted 8.587171245626962
0.304 0.022 0.605 7.42e-05 0.0025 2.512 inverted 11.723994395210246
0.304 0.022 0.605 7.42e-05 0.0025 2.826 inverted 10.350536588112263
0.304 0.022 0.605 7.42e-05 0.0025 4.71 inverted 9.348944298857743
0.304 0.022 0.605 7.42e-05 0.0025 3.454 normal 3.9556762862767907
0.304 0.022 0.605 7.42e-05 0.0025 4.082 normal 3.189457737079771
0.304 0.022 0.605 7.42e-05 0.0025 2.826 normal 5.4437660858511006
0.304 0.022 0.605 7.42e-05 0.0025 1.884 inverted 16.006927417471505
0.304 0.022 0.605 7.42e-05 0.0025 3.768 normal 3.491120859430997
0.304 0.022 0.605 7.42e-05 0.0025 5.338 normal 6.680988991227113
0.304 0.022 0.605 7.42e-05 0.0025 5.338 inverted 12.610757735127422
0.304 0.022 0.605 7.42e-05 0.0025 4.082 inverted 8.485018874628498
0.304 0.022 0.605 7.42e-05 0.0025 3.14 inverted 9.451450171840772
0.304 0.022 0.605 7.42e-05 0.0025 4.396 inverted 8.687279802504788
0.304 0.022 0.605 7.42e-05 0.0025 1.884 normal 10.661366661935286
0.304 0.022 0.605 7.42e-05 0.0025 3.14 normal 4.5734542439504935
0.304 0.022 0.605 7.42e-05 0.0025 4.71 normal 3.6368274861279137
0.304 0.022 0.605 7.42e-05 0.0025 5.024 normal 4.783545966733428
0.304 0.022 0.605 7.42e-05 0.0025 5.024 inverted 10.626970087469886
0.304 0.022 0.605 7.42e-05 0.0025 5.966 normal 12.055220788437255
0.304 0.022 0.605 7.42e-05 0.0025 5.652 inverted 15.171434552795354
0.304 0.022 0.6216666666666666 7.42e-05 0.0025 0.314 inverted 29.439697568594028
0.304 0.022 0.605 7.42e-05 0.0025 5.966 inverted 17.98310492708942
0.304 0.022 0.6216666666666666 7.42e-05 0.0025 0.628 normal 23.890422033913868
0.304 0.022 0.605 7.42e-05 0.0025 6.28 normal 14.660316189752193
0.304 0.022 0.6216666666666666 7.42e-05 0.0025 2.198 inverted 20.400013697056433
0.304 0.022 0.6216666666666666 7.42e-05 0.0025 0.628 inverted 30.215900382956036
0.304 0.022 0.605 7.42e-05 0.0025 5.652 normal 9.22289598191404
0.304 0.022 0.6216666666666666 7.42e-05 0.0025 0.942 inverted 29.678537502273585
0.304 0.022 0.6216666666666666 7.42e-05 0.0025 1.884 normal 17.307278913843426
0.304 0.022 0.6216666666666666 7.42e-05 0.0025 2.512 inverted 18.2955661328483
0.304 0.022 0.6216666666666666 7.42e-05 0.0025 1.57 inverted 25.592941660152103
0.304 0.022 0.605 7.42e-05 0.0025 6.28 inverted 20.54159066184599
0.304 0.022 0.6216666666666666 7.42e-05 0.0025 0.314 normal 23.04910374890538
0.304 0.022 0.6216666666666666 7.42e-05 0.0025 1.57 normal 19.727781998123795
0.304 0.022 0.6216666666666666 7.42e-05 0.0025 2.198 normal 15.0434515052861
0.304 0.022 0.6216666666666666 7.42e-05 0.0025 1.256 inverted 27.997562575292726
0.304 0.022 0.6216666666666666 7.42e-05 0.0025 0.942 normal 23.473413142194854
0.304 0.022 0.6216666666666666 7.42e-05 0.0025 0.0 normal 21.013201549788185
0.304 0.022 0.6216666666666666 7.42e-05 0.0025 1.256 normal 21.95730382445728
0.304 0.022 0.6216666666666666 7.42e-05 0.0025 0.0 inverted 27.46812137179351
0.304 0.022 0.6216666666666666 7.42e-05 0.0025 2.512 normal 13.166997293985997
0.304 0.022 0.6216666666666666 7.42e-05 0.0025 1.884 inverted 22.908279901931664
0.304 0.022 0.6216666666666666 7.42e-05 0.0025 4.71 inverted 14.841802997809001
0.304 0.022 0.6216666666666666 7.42e-05 0.0025 2.826 normal 11.732270937763845
0.304 0.022 0.6216666666666666 7.42e-05 0.0025 3.14 normal 10.638739056254277
0.304 0.022 0.6216666666666666 7.42e-05 0.0025 3.454 normal 9.757712861095035
0.304 0.022 0.6216666666666666 7.42e-05 0.0025 4.082 normal 8.510195382414175
0.304 0.022 0.6216666666666666 7.42e-05 0.0025 4.082 inverted 13.96315375811092
0.304 0.022 0.6216666666666666 7.42e-05 0.0025 3.768 inverted 14.216456796668572
0.304 0.022 0.6216666666666666 7.42e-05 0.0025 3.768 normal 9.028235156053178
0.304 0.022 0.6216666666666666 7.42e-05 0.0025 6.28 inverted 27.439759750338567
0.304 0.022 0.6216666666666666 7.42e-05 0.0025 6.28 normal 20.99180031981901
0.304 0.022 0.6216666666666666 7.42e-05 0.0025 5.966 normal 18.1355124097421
0.304 0.022 0.6216666666666666 7.42e-05 0.0025 3.14 inverted 15.566279971595232
0.304 0.022 0.6216666666666666 7.42e-05 0.0025 4.396 normal 8.373660331037117
0.304 0.022 0.6216666666666666 7.42e-05 0.0025 4.396 inverted 14.104367113709882
0.304 0.022 0.6216666666666666 7.42e-05 0.0025 3.454 inverted 14.762594280577924
0.304 0.022 0.6216666666666666 7.42e-05 0.0025 5.652 normal 15.033470201919249
0.304 0.022 0.6216666666666666 7.42e-05 0.0025 5.024 inverted 16.325042415808795
0.304 0.022 0.6216666666666666 7.42e-05 0.0025 5.652 inverted 21.48257321994901
0.304 0.022 0.6216666666666666 7.42e-05 0.0025 2.826 inverted 16.712972275232843
0.304 0.022 0.6216666666666666 7.42e-05 0.0025 5.966 inverted 24.602223487493514
0.304 0.022 0.6216666666666666 7.42e-05 0.0025 5.338 inverted 18.59038083904792
0.304 0.022 0.6216666666666666 7.42e-05 0.0025 4.71 normal 8.836780931883084
0.304 0.022 0.6216666666666666 7.42e-05 0.0025 5.024 normal 10.098662820626908
0.304 0.022 0.6216666666666666 7.42e-05 0.0025 5.338 normal 12.217833095188853
0.304 0.022 0.6383333333333333 7.42e-05 0.0025 2.512 normal 23.5412681017902
0.304 0.022 0.6383333333333333 7.42e-05 0.0025 1.256 inverted 39.08325194113743
0.304 0.022 0.6383333333333333 7.42e-05 0.0025 0.314 inverted 40.419215510288105
0.304 0.022 0.6383333333333333 7.42e-05 0.0025 2.826 normal 21.95737930599173
0.304 0.022 0.6383333333333333 7.42e-05 0.0025 0.942 inverted 40.793255459879234
0.304 0.022 0.6383333333333333 7.42e-05 0.0025 0.0 inverted 38.237720802913586
0.304 0.022 0.6383333333333333 7.42e-05 0.0025 0.628 normal 34.18559432846979
0.304 0.022 0.6383333333333333 7.42e-05 0.0025 0.628 inverted 41.29369143968046
0.304 0.022 0.6383333333333333 7.42e-05 0.0025 1.884 inverted 33.82207081458766
0.304 0.022 0.6383333333333333 7.42e-05 0.0025 1.256 normal 32.39720716884224
0.304 0.022 0.6383333333333333 7.42e-05 0.0025 1.57 normal 30.22481862675031
0.304 0.022 0.6383333333333333 7.42e-05 0.0025 0.314 normal 33.19762550639278
0.304 0.022 0.6383333333333333 7.42e-05 0.0025 2.198 inverted 31.184807629623176
0.304 0.022 0.6383333333333333 7.42e-05 0.0025 3.14 normal 20.638324088173917
0.304 0.022 0.6383333333333333 7.42e-05 0.0025 2.826 inverted 27.13197204652699
0.304 0.022 0.6383333333333333 7.42e-05 0.0025 0.942 normal 33.85400392976518
0.304 0.022 0.6383333333333333 7.42e-05 0.0025 1.57 inverted 36.59412821634916
0.304 0.022 0.6383333333333333 7.42e-05 0.0025 3.454 normal 19.467964714527408
0.304 0.022 0.6383333333333333 7.42e-05 0.0025 0.0 normal 30.96071276453553
0.304 0.022 0.6383333333333333 7.42e-05 0.0025 1.884 normal 27.799190600881946
0.304 0.022 0.6383333333333333 7.42e-05 0.0025 2.198 normal 25.494477953898947
0.304 0.022 0.6383333333333333 7.42e-05 0.0025 2.512 inverted 28.921239671700185
0.304 0.022 0.6383333333333333 7.42e-05 0.0025 3.14 inverted 25.735138878201226
0.304 0.022 0.6383333333333333 7.42e-05 0.0025 3.454 inverted 24.658419460957155
0.304 0.022 0.6383333333333333 7.42e-05 0.0025 5.024 inverted 25.89548991749476
0.304 0.022 0.6383333333333333 7.42e-05 0.0025 3.768 normal 18.431214007376425
0.304 0.022 0.6383333333333333 7.42e-05 0.0025 5.338 normal 21.383426216694563
0.304 0.022 0.6383333333333333 7.42e-05 0.0025 4.082 inverted 23.394203275120823
0.304 0.022 0.6383333333333333 7.42e-05 0.0025 4.71 normal 17.738159565960686
0.304 0.022 0.6383333333333333 7.42e-05 0.0025 4.71 inverted 24.2267237619721
0.304 0.022 0.6383333333333333 7.42e-05 0.0025 5.024 normal 19.081178790391824
0.304 0.022 0.6383333333333333 7.42e-05 0.0025 5.966 inverted 35.10174331860565
0.304 0.022 0.655 7.42e-05 0.0025 0.0 normal 45.639865318716076
0.304 0.022 0.6383333333333333 7.42e-05 0.0025 3.768 inverted 23.849407439762462
0.304 0.022 0.6383333333333333 7.42e-05 0.0025 4.082 normal 17.641644379355903
0.304 0.022 0.655 7.42e-05 0.0025 0.628 normal 49.25607027854389
0.304 0.022 0.655 7.42e-05 0.0025 0.628 inverted 57.444113048780444
0.304 0.022 0.655 7.42e-05 0.0025 0.0 inverted 54.06177841746915
0.304 0.022 0.6383333333333333 7.42e-05 0.0025 4.396 normal 17.32279044597032
0.304 0.022 0.6383333333333333 7.42e-05 0.0025 5.966 normal 27.833358118368324
0.304 0.022 0.6383333333333333 7.42e-05 0.0025 5.652 inverted 31.65984198177832
0.304 0.022 0.6383333333333333 7.42e-05 0.0025 5.338 inverted 28.434588851292958
0.304 0.022 0.6383333333333333 7.42e-05 0.0025 6.28 normal 30.931329668805354
0.304 0.022 0.6383333333333333 7.42e-05 0.0025 5.652 normal 24.459426557410232
0.304 0.022 0.6383333333333333 7.42e-05 0.0025 4.396 inverted 23.45750895953233
0.304 0.022 0.655 7.42e-05 0.0025 0.314 normal 48.095924661152246
0.304 0.022 0.655 7.42e-05 0.0025 0.314 inverted 56.44091087530832
0.304 0.022 0.6383333333333333 7.42e-05 0.0025 6.28 inverted 38.213677517576684
0.304 0.022 0.655 7.42e-05 0.0025 1.256 normal 47.72501189198793
0.304 0.022 0.655 7.42e-05 0.0025 2.198 normal 40.99811893461145
0.304 0.022 0.655 7.42e-05 0.0025 2.198 inverted 47.20917609877532
0.304 0.022 0.655 7.42e-05 0.0025 1.884 inverted 49.94873233244425
0.304 0.022 0.655 7.42e-05 0.0025 0.942 inverted 57.00195896879898
0.304 0.022 0.655 7.42e-05 0.0025 4.396 normal 31.197339765896043
0.304 0.022 0.655 7.42e-05 0.0025 3.768 normal 32.869144281183985
0.304 0.022 0.655 7.42e-05 0.0025 1.57 normal 45.627249898228065
0.304 0.022 0.655 7.42e-05 0.0025 0.942 normal 49.07098269964101
0.304 0.022 0.655 7.42e-05 0.0025 2.512 inverted 44.8017603437979
0.304 0.022 0.655 7.42e-05 0.0025 1.256 inverted 55.27263561979364
0.304 0.022 0.655 7.42e-05 0.0025 2.512 normal 39.00225494189913
0.304 0.022 0.655 7.42e-05 0.0025 1.57 inverted 52.78454403018594
0.304 0.022 0.655 7.42e-05 0.0025 2.826 inverted 42.81139317215811
0.304 0.022 0.655 7.42e-05 0.0025 3.454 inverted 39.78909713156345
0.304 0.022 0.655 7.42e-05 0.0025 4.082 inverted 38.010846642388486
0.304 0.022 0.655 7.42e-05 0.0025 2.826 normal 37.29372896082808
0.304 0.022 0.655 7.42e-05 0.0025 3.14 inverted 41.163345803032165
0.304 0.022 0.655 7.42e-05 0.0025 1.884 normal 43.266676565150824
0.304 0.022 0.655 7.42e-05 0.0025 3.454 normal 34.252400658021415
0.304 0.022 0.655 7.42e-05 0.0025 4.396 inverted 37.945431110030874
0.304 0.022 0.655 7.42e-05 0.0025 3.768 inverted 38.70225544927305
0.304 0.022 0.655 7.42e-05 0.0025 4.082 normal 31.76168724813131
0.304 0.022 0.655 7.42e-05 0.0025 3.14 normal 35.73329606794629
0.304 0.022 0.655 7.42e-05 0.0025 6.28 normal 45.610884011876465
0.304 0.022 0.655 7.42e-05 0.0025 5.024 inverted 40.53832537746165
0.304 0.022 0.655 7.42e-05 0.0025 5.652 normal 38.62106271527609
0.304 0.022 0.655 7.42e-05 0.0025 5.338 normal 35.32078812985733
0.304 0.022 0.6716666666666666 7.42e-05 0.0025 0.0 inverted 76.23083893400862
0.304 0.022 0.6716666666666666 7.42e-05 0.0025 0.628 normal 70.35176704701581
0.304 0.022 0.6716666666666666 7.42e-05 0.0025 1.57 normal 67.22564599400634
0.304 0.022 0.655 7.42e-05 0.0025 4.71 normal 31.49983903072179
0.304 0.022 0.655 7.42e-05 0.0025 5.966 inverted 50.64736552043303
0.304 0.022 0.655 7.42e-05 0.0025 4.71 inverted 38.739230052689685
0.304 0.022 0.655 7.42e-05 0.0025 5.652 inverted 46.880863381777615
0.304 0.022 0.6716666666666666 7.42e-05 0.0025 0.314 normal 68.96745632068105
0.304 0.022 0.6716666666666666 7.42e-05 0.0025 0.942 normal 70.33626252947818
0.304 0.022 0.655 7.42e-05 0.0025 6.28 inverted 54.034576850892016
0.304 0.022 0.6716666666666666 7.42e-05 0.0025 1.256 inverted 77.94325225331114
0.304 0.022 0.6716666666666666 7.42e-05 0.0025 0.628 inverted 79.96544562011769
0.304 0.022 0.655 7.42e-05 0.0025 5.024 normal 32.87482410051743
0.304 0.022 0.6716666666666666 7.42e-05 0.0025 1.256 normal 69.15799307042634
0.304 0.022 0.655 7.42e-05 0.0025 5.966 normal 42.25656121388256
0.304 0.022 0.6716666666666666 7.42e-05 0.0025 0.0 normal 66.28491590180661
0.304 0.022 0.6716666666666666 7.42e-05 0.0025 1.57 inverted 75.40746124501466
0.304 0.022 0.655 7.42e-05 0.0025 5.338 inverted 43.33808991225054
0.304 0.022 0.6716666666666666 7.42e-05 0.0025 0.314 inverted 78.81840986591993
0.304 0.022 0.6716666666666666 7.42e-05 0.0025 0.942 inverted 79.5814304388734
0.304 0.022 0.6716666666666666 7.42e-05 0.0025 1.884 inverted 72.57465444407664
0.304 0.022 0.6716666666666666 7.42e-05 0.0025 3.454 normal 55.400359875358404
0.304 0.022 0.6716666666666666 7.42e-05 0.0025 1.884 normal 64.98977503135922
0.304 0.022 0.6716666666666666 7.42e-05 0.0025 3.454 inverted 61.50495692952505
0.304 0.022 0.6716666666666666 7.42e-05 0.0025 3.14 inverted 63.17207298327169
0.304 0.022 0.6716666666666666 7.42e-05 0.0025 4.396 normal 51.266390022461785
0.304 0.022 0.6716666666666666 7.42e-05 0.0025 2.512 inverted 67.2551372727968
0.304 0.022 0.6716666666666666 7.42e-05 0.0025 5.338 inverted 64.6216448973228
0.304 0.022 0.6716666666666666 7.42e-05 0.0025 2.198 normal 62.81948474604649
0.304 0.022 0.6716666666666666 7.42e-05 0.0025 2.826 inverted 65.07998044845775
0.304 0.022 0.6716666666666666 7.42e-05 0.0025 5.338 normal 55.27720038699283
0.304 0.022 0.6716666666666666 7.42e-05 0.0025 2.826 normal 59.00926290600188
0.304 0.022 0.6716666666666666 7.42e-05 0.0025 5.024 inverted 61.58102072289119
0.304 0.022 0.6716666666666666 7.42e-05 0.0025 4.71 normal 51.39085286549005
0.304 0.022 0.6716666666666666 7.42e-05 0.0025 4.082 inverted 59.128630859811885
0.304 0.022 0.6716666666666666 7.42e-05 0.0025 3.14 normal 57.2111160764697
0.304 0.022 0.6716666666666666 7.42e-05 0.0025 2.198 inverted 69.77526133289655
0.304 0.022 0.6716666666666666 7.42e-05 0.0025 3.768 inverted 60.089515317287024
0.304 0.022 0.6716666666666666 7.42e-05 0.0025 4.71 inverted 59.65863885986989
0.304 0.022 0.6716666666666666 7.42e-05 0.0025 2.512 normal 60.82041537030802
0.304 0.022 0.6716666666666666 7.42e-05 0.0025 3.768 normal 53.62993409529004
0.304 0.022 0.6716666666666666 7.42e-05 0.0025 4.082 normal 52.13468553043204
0.304 0.022 0.6716666666666666 7.42e-05 0.0025 5.024 normal 52.723114035841625
0.304 0.022 0.6716666666666666 7.42e-05 0.0025 4.396 inverted 58.9054467508285
0.304 0.022 0.6716666666666666 7.42e-05 0.0025 5.966 inverted 72.5321349514835
0.304 0.022 0.6716666666666666 7.42e-05 0.0025 5.652 normal 58.766043400139296
0.304 0.022 0.6883333333333332 7.42e-05 0.0025 0.628 inverted 110.29608819955855
0.304 0.022 0.6716666666666666 7.42e-05 0.0025 5.966 normal 62.651991742518234
0.304 0.022 0.6716666666666666 7.42e-05 0.0025 6.28 inverted 76.19700245603259
0.304 0.022 0.6716666666666666 7.42e-05 0.0025 5.652 inverted 68.45043889539264
0.304 0.022 0.6883333333333332 7.42e-05 0.0025 0.0 normal 94.26304056338874
0.304 0.022 0.6883333333333332 7.42e-05 0.0025 0.942 inverted 110.04377212378287
0.304 0.022 0.6883333333333332 7.42e-05 0.0025 1.57 inverted 105.98957504636388
0.304 0.022 0.6883333333333332 7.42e-05 0.0025 0.628 normal 98.81608083491683
0.304 0.022 0.6883333333333332 7.42e-05 0.0025 0.314 inverted 109.00027464512928
0.304 0.022 0.6883333333333332 7.42e-05 0.0025 2.198 normal 92.33918436820744
0.304 0.022 0.6716666666666666 7.42e-05 0.0025 6.28 normal 66.25247520198668
0.304 0.022 0.6883333333333332 7.42e-05 0.0025 2.198 inverted 100.3397743710835
0.304 0.022 0.6883333333333332 7.42e-05 0.0025 1.57 normal 96.38955009482167
0.304 0.022 0.6883333333333332 7.42e-05 0.0025 2.512 normal 90.39761574382192
0.304 0.022 0.6883333333333332 7.42e-05 0.0025 2.512 inverted 97.73618360696766
0.304 0.022 0.6883333333333332 7.42e-05 0.0025 1.884 inverted 103.15014715212098
0.304 0.022 0.6883333333333332 7.42e-05 0.0025 0.0 inverted 106.17097751526288
0.304 0.022 0.6883333333333332 7.42e-05 0.0025 0.314 normal 97.2002026959466
0.304 0.022 0.6883333333333332 7.42e-05 0.0025 1.256 normal 98.0995560239618
0.304 0.022 0.6883333333333332 7.42e-05 0.0025 1.256 inverted 108.4527700952025
0.304 0.022 0.6883333333333332 7.42e-05 0.0025 0.942 normal 99.04584702531861
0.304 0.022 0.6883333333333332 7.42e-05 0.0025 1.884 normal 94.37114876635364
0.304 0.022 0.6883333333333332 7.42e-05 0.0025 2.826 inverted 95.38674900873588
0.304 0.022 0.6883333333333332 7.42e-05 0.0025 3.454 normal 84.3265214083781
0.304 0.022 0.6883333333333332 7.42e-05 0.0025 3.768 normal 82.12059574113782
0.304 0.022 0.6883333333333332 7.42e-05 0.0025 2.826 normal 88.49949520419098
0.304 0.022 0.6883333333333332 7.42e-05 0.0025 4.396 normal 78.95446438869332
0.304 0.022 0.6883333333333332 7.42e-05 0.0025 5.024 normal 80.0451641575872
0.304 0.022 0.6883333333333332 7.42e-05 0.0025 5.024 inverted 90.46818006416375
0.304 0.022 0.6883333333333332 7.42e-05 0.0025 5.338 normal 82.64737131586573
0.304 0.022 0.6883333333333332 7.42e-05 0.0025 5.652 inverted 97.82051926781848
0.304 0.022 0.6883333333333332 7.42e-05 0.0025 4.71 normal 78.82337149843919
0.304 0.022 0.6883333333333332 7.42e-05 0.0025 4.082 normal 80.19460079567651
0.304 0.022 0.6883333333333332 7.42e-05 0.0025 3.768 inverted 89.4799691238487
0.304 0.022 0.6883333333333332 7.42e-05 0.0025 5.652 normal 86.27972448725006
0.304 0.022 0.6883333333333332 7.42e-05 0.0025 6.28 inverted 106.13198173065085
0.304 0.022 0.6883333333333332 7.42e-05 0.0025 5.966 normal 90.38492636784513
0.304 0.022 0.6883333333333332 7.42e-05 0.0025 3.454 inverted 91.22792892549107
0.304 0.022 0.6883333333333332 7.42e-05 0.0025 4.396 inverted 87.7965841698321
0.304 0.022 0.6883333333333332 7.42e-05 0.0025 3.14 inverted 93.22701922729401
0.304 0.022 0.6883333333333332 7.42e-05 0.0025 3.14 normal 86.48777811792077
0.304 0.022 0.6883333333333332 7.42e-05 0.0025 4.71 inverted 88.47111936028881
0.304 0.022 0.6883333333333332 7.42e-05 0.0025 5.338 inverted 93.6962679593999
0.304 0.022 0.6883333333333332 7.42e-05 0.0025 4.082 inverted 88.21005457473453
0.304 0.022 0.6883333333333332 7.42e-05 0.0025 6.28 normal 94.23000242134812
0.304 0.022 0.6883333333333332 7.42e-05 0.0025 5.966 inverted 102.20395790950757
0.304 0.022 0.705 7.42e-05 0.0025 0.0 inverted 145.43169798085827
0.304 0.022 0.705 7.42e-05 0.0025 0.0 normal 131.05684564042664
0.304 0.022 0.705 7.42e-05 0.0025 0.314 normal 134.25207652322536
0.304 0.022 0.705 7.42e-05 0.0025 1.57 inverted 145.99391572120044
0.304 0.022 0.705 7.42e-05 0.0025 0.628 normal 136.13377911182357
0.304 0.022 0.705 7.42e-05 0.0025 2.198 normal 131.07068571162134
0.304 0.022 0.705 7.42e-05 0.0025 0.942 normal 136.65832117952527
0.304 0.022 0.705 7.42e-05 0.0025 3.14 normal 125.06081531965762
0.304 0.022 0.705 7.42e-05 0.0025 2.198 inverted 140.43887294404473
0.304 0.022 0.705 7.42e-05 0.0025 2.512 normal 129.22720693034276
0.304 0.022 0.705 7.42e-05 0.0025 1.884 normal 132.90184029534925
0.304 0.022 0.705 7.42e-05 0.0025 0.628 inverted 149.96863317669045
0.304 0.022 0.705 7.42e-05 0.0025 2.512 inverted 137.78462740916967
0.304 0.022 0.705 7.42e-05 0.0025 1.884 inverted 143.2422503580054
0.304 0.022 0.705 7.42e-05 0.0025 2.826 inverted 135.28643922845637
0.304 0.022 0.705 7.42e-05 0.0025 1.57 normal 134.60965495393089
0.304 0.022 0.705 7.42e-05 0.0025 3.14 inverted 132.88091800333055
0.304 0.022 0.705 7.42e-05 0.0025 3.454 inverted 130.53591269736702
0.304 0.022 0.705 7.42e-05 0.0025 1.256 inverted 148.39693544894217
0.304 0.022 0.705 7.42e-05 0.0025 0.942 inverted 149.8563933873512
0.304 0.022 0.705 7.42e-05 0.0025 0.314 inverted 148.47615411800518
0.304 0.022 0.705 7.42e-05 0.0025 3.454 normal 122.53271099712249
0.304 0.022 0.705 7.42e-05 0.0025 1.256 normal 136.0093031637933
0.304 0.022 0.705 7.42e-05 0.0025 2.826 normal 127.29658827609335
0.304 0.022 0.705 7.42e-05 0.0025 4.082 normal 117.44327426665727
0.304 0.022 0.705 7.42e-05 0.0025 4.082 inverted 126.84620335272766
0.304 0.022 0.705 7.42e-05 0.0025 5.024 inverted 128.7612382550648
0.304 0.022 0.705 7.42e-05 0.0025 4.396 inverted 126.17368833909876
0.304 0.022 0.705 7.42e-05 0.0025 4.71 normal 115.30481351962322
0.304 0.022 0.705 7.42e-05 0.0025 5.966 normal 126.94305289148252
0.304 0.022 0.705 7.42e-05 0.0025 4.396 normal 115.76644845434527
0.304 0.022 0.705 7.42e-05 0.0025 5.652 normal 122.6569694212123
0.304 0.022 0.705 7.42e-05 0.0025 3.768 normal 119.86568610943485
0.304 0.022 0.705 7.42e-05 0.0025 5.966 inverted 141.1838121891993
0.304 0.022 0.705 7.42e-05 0.0025 3.768 inverted 128.440019113227
0.304 0.022 0.705 7.42e-05 0.0025 6.28 normal 131.02568167378786
0.304 0.022 0.705 7.42e-05 0.0025 5.652 inverted 136.5228771950341
0.304 0.022 0.705 7.42e-05 0.0025 5.024 normal 116.35258719387173
0.304 0.022 0.705 7.42e-05 0.0025 4.71 inverted 126.74637665871175
0.304 0.022 0.705 7.42e-05 0.0025 5.338 inverted 132.1623837198014
0.304 0.022 0.705 7.42e-05 0.0025 5.338 normal 118.91936856028435
0.304 0.022 0.705 7.42e-05 0.0025 6.28 inverted 145.3895407878156
