Sin2Theta12 X2 
Sin2Theta13 X2 
Sin2Theta23 X2 
Dm221 X2 
Dm231 X2 
dCP X2 
Ordering X2 
0.304 0.022 0.305 7.42e-05 0.00215 4.014 normal 133.16301955883665
0.304 0.022 0.305 7.42e-05 0.0021 4.014 normal 135.47772330844919
0.304 0.022 0.305 7.42e-05 0.00205 4.014 normal 139.6561090502208
0.304 0.022 0.305 7.42e-05 0.0022 4.014 normal 129.60087103146265
0.304 0.022 0.305 7.42e-05 0.00235 4.014 normal 121.70250381645103
0.304 0.022 0.305 7.42e-05 0.0023 4.014 normal 124.01957573919162
0.304 0.022 0.305 7.42e-05 0.0022500000000000003 4.014 normal 128.17253261927297
0.304 0.022 0.305 7.42e-05 0.002 4.014 normal 142.53084343554386
