147.11421902708923
143.7296485362287
143.51304299448532
140.49935948862682
138.74043847765668
136.1062338050395
133.71859269570334
131.9283199104934
129.2936844474901
126.19378456339629
125.22884543389587
121.94091626493497
119.83984634245665
118.1201111582512
114.91249386347607
113.7279250022765
114.16561767343042
112.71498161806566
111.83396814678068
109.84731342482858
109.40000998672112
107.2805565600979
106.94803268459742
106.49888095992866
106.77942026459726
111.10590790279424
107.99555965980315
107.68235991352978
104.8315826001891
103.17744956335265
100.85202246911543
98.71761374851131
97.10129797178544
94.72092293546535
92.02831070718993
91.15316508419865
88.27126217951121
86.42999721922175
85.05890644220437
82.49683845096472
81.56694620855407
81.99756017549136
80.93587829824848
80.32341806642711
78.8780917935647
78.55403014059516
77.00131384850569
76.90978114811286
76.70796822940805
77.18990238549281
83.15916919947867
80.31993031398932
79.90863173043435
77.21972943808981
75.67299303086045
73.64068087776354
71.75276687744501
70.29376010875
68.18314530962206
65.88549977642276
65.10074567313963
62.61462482439063
61.02935875864727
60.007195570839365
58.079354970326655
57.396389517104744
57.81770872549896
57.143490968080876
56.794433081192274
55.872652191186916
55.67036078625519
54.677036558581946
54.813822313790126
54.85817875010727
55.52821166477949
61.98690753930235
59.41248778458864
58.90227936233019
56.364528902645375
54.918876609701314
53.178005310317275
51.524630482311224
50.21791247724769
48.35871461095817
46.451622208050594
45.74662837555429
43.639808735437285
42.30619465865452
41.6154425786422
40.30277120520519
39.85966292633386
40.26795262678452
39.96905644667046
39.862352965056424
39.44616746938664
39.36227770611041
38.90900039136753
39.265919103097005
39.54312204620516
40.38984344261075
46.391033481365184
44.07308656321925
43.46706278440808
41.07165249352883
39.71906122477958
38.24514924482461
36.8179927664902
35.65407168781785
34.03264025239556
32.48635734667745
31.862228092106122
30.11244078600809
29.016207652489225
28.638233762105358
27.906604478386093
27.687097519365693
28.08018785933688
28.130444358739112
28.259601746261204
28.316074137814148
28.346230536006193
28.402152085849572
28.96430524858831
29.46227261528153
30.473484388455834
35.29377633867735
33.2063569372998
32.51076833461104
30.237204584598096
28.97393486052442
27.74638957733381
26.521949685297862
25.49182655561697
24.07862186873213
22.873377072564438
22.324562396115418
20.89962881978371
20.026265456090844
19.935676982205766
19.742089376947735
19.723092118233847
20.10169262221354
20.470830646829086
20.813947920842196
21.306979090581184
21.447605380269852
21.97131120028579
22.72283736401785
23.421066525125987
24.583388912888093
27.698460138122933
25.82578228984416
25.04090122753269
22.88174536280087
21.68583772103142
20.680061438565165
19.63791771994278
18.7177324567692
17.498093568870818
16.596685255186514
16.110934955557827
14.978002990751834
14.304681519512325
14.471667963103783
14.761679110658878
14.927209957397098
15.291561593313542
15.952190237187605
16.482864140827747
17.36569274609488
17.60012712208426
18.550820292540553
19.471778197392947
20.349642900524774
21.643567226617165
22.741733015602254
21.05192983594704
20.190795707292814
18.116678959160808
16.98599440661399
16.165050067969336
15.279725754523833
14.454773262176872
13.406384881438736
12.758594010596001
12.33046046335353
11.452070293501444
10.946615347465542
11.340968634796422
12.053212640948898
12.378156818956153
12.728973979993695
13.631139287179005
14.332553320265797
15.553803748933223
15.874848631214153
17.197269940537588
18.2653001278208
19.300919824750185
20.701387121601332
19.672456325802983
18.133274525556242
17.203238730677068
15.194935306227057
14.10996794569268
13.4436760480735
12.68793200624029
11.939279619992075
11.026481331963621
10.593391278713614
10.209667326847766
9.53921901092126
9.180560171513862
9.76229992656547
10.822705618589735
11.280643342858049
11.622590912741021
12.730723787903505
13.567650861540635
15.067851289752175
15.462560650655155
17.097816373816467
18.286678968883308
19.456328869007567
20.948057590748785
17.872121867824685
16.44815645642518
15.459123353102044
13.49013961894116
12.43817291528152
11.890756185485488
11.228601567806612
10.537116741174506
9.731714064723576
9.459493847901644
9.111062898113655
8.60220979906347
8.35945338620753
9.08274605329105
10.42173334448425
10.979631529623111
11.314648986640927
12.580971410954195
13.526364203997915
15.242366091533691
15.697081936316156
17.579048886957853
18.864587008609053
20.138893227069456
21.69928436854952
16.8485835372881
15.506008604846455
14.464495918588383
12.509813743586506
11.478010923901484
11.006238161624282
10.409179202206488
9.74325311479189
9.015933006972242
8.855231856192775
8.528856017952265
8.12637129674801
7.9703446483597915
8.795437939347002
10.32965950032638
10.958222384606419
11.285046815679424
12.659624054964988
13.68479088240559
15.554915963833453
16.054270579793016
18.113393020587534
19.46962733886192
20.82175987229293
22.42850330264467
16.248549190249772
14.945961356078605
13.865441627198338
11.899729278102171
10.872805904037103
10.43408822283939
9.868697661697848
9.21263867762257
8.525435190648317
8.414879171696908
8.104698820958532
7.75628498603808
7.65469579271276
8.530359305612503
10.17599434852429
10.840959083400147
11.170165443526606
12.600069860644336
13.670791505780565
15.625981307260455
16.155373350630065
18.316110548146085
19.71561804907229
21.11652927818855
22.747310668308796
15.854974219070497
14.554182285089341
13.445256714715052
11.44540799708908
10.403113326204995
9.957270086994205
9.389364609833706
8.714253372288532
8.037832287506891
7.922919121976538
7.611701036668579
7.266691843404173
7.187103620424046
8.067530060546092
9.73592505390826
10.407904510494829
10.739318245900508
12.176865156946922
13.259117212452555
15.226817475576057
15.77451728873036
17.961857658599737
19.377264587149323
20.80150207552066
22.42855895877011
15.59797991849583
14.258403617680441
13.132563449955697
11.069182262208146
9.99890573902707
9.503420136748716
8.898060157411571
8.182895659588674
7.480363087330787
7.3045759755263715
6.983450434754093
6.5841363781200455
6.497100184595439
7.329902527651344
8.93331854737334
9.579679718296315
9.920098929471655
11.311411947133784
12.373480327229338
14.28598190133962
14.831644213764992
16.972966884158527
18.376745270727643
19.79188555492431
21.392198047964996
15.544651023160528
14.126842539023622
12.994637562797626
10.843767122979715
9.729567417156506
9.142044304185879
8.466334676166749
7.687208655731147
6.9238998313516955
6.631643314987189
6.286185461137928
5.782409843284375
5.6509875840759625
6.390854195141583
7.846927206811927
8.435755785290949
8.786780963152015
10.077619386391119
11.090170858253387
12.876551992616001
13.406450964599482
15.426754492658745
16.792435146288966
18.170701471515574
19.720037574513324
15.904764881251674
14.370235580445144
13.241434066907331
10.979704737900715
9.80668687048377
9.086202716939711
8.30826398450612
7.439542143889061
6.586462280640914
6.121750521144926
5.740127977486599
5.082041009364822
4.875094590253069
5.476540486919025
6.697883471138803
7.194004778396327
7.564161111447766
8.708499474766908
9.636930993175811
11.23232319992646
11.730414807379166
13.556085053277
14.855485754393378
16.16737705601975
17.643091977008016
17.02936876963873
15.341013571758179
14.22638236649192
11.829193070847179
10.584359872086567
9.692454082725634
8.779484029542642
7.799228729870913
6.824996483116247
6.136211991900627
5.709904371104182
4.844571013874837
4.537673145938333
4.954953816888411
5.85981330088815
6.2356347913728944
6.625589431026417
7.574213689813744
8.390729248532754
9.732484968872413
10.183932235209678
11.741336937006983
12.950824526785048
14.168635333598932
15.547921415136917
19.4048731410437
17.52904728695898
16.437207428919915
13.884035195127
12.553654892755233
11.451708150135918
10.378640513097341
9.26655075423979
8.140000109233686
7.180926389040052
6.699280508724988
5.582965524250645
5.146299503359342
5.335506002937061
5.84908489541701
6.076370384509944
6.493470731643572
7.198740440119175
7.877519079640697
8.903407688934593
9.29446888110727
10.518936138896875
11.612866247738497
12.714882402713203
13.97528866998915
23.65389092040172
21.558842438836628
20.499204166392992
17.769194184991708
16.34203591545832
14.999938772442546
13.737704868445363
12.473763995542503
11.17044674673286
9.897930777169869
9.35031233885617
7.941052810778481
7.349387781925183
7.274110128599294
7.326636964570907
7.381036947974692
7.829561465218099
8.25015575756158
8.76649789862358
9.421414186479641
9.738488927387241
10.566310293373679
11.524355951244674
12.4862237366673
13.607417258588688
30.525278720044415
28.18801728083964
27.165371153990108
24.24192099118434
22.708619585097093
21.093105438760503
19.62437914016065
18.1901330815379
16.686959611431284
15.060140486075504
14.440505615197377
12.70176763081861
11.934433317573701
11.55983181793391
11.089008923520485
10.947151713266845
11.42938260806423
11.528789193839744
11.859940152989067
12.097790392289413
12.329910646277536
12.705028379944391
13.507444507635523
14.306457393909511
15.27012725952226
40.89661093669048
38.28880721164725
37.31057244464837
34.18118266697313
32.53256533393444
30.626825545151206
28.923974000412517
27.306426154261576
25.58385771819069
23.57382646641999
22.875822356698915
20.776174505987402
19.81384117899702
19.107742860125562
18.061402276470297
17.707956348973575
18.224861957524997
17.972337661809735
18.10192720908358
17.87823950325182
18.014224993934125
17.88748543151025
18.516054525264543
19.13777622239549
19.92599575559648
55.75555226762372
52.866632920278455
51.935363217878205
48.58790569538908
46.81657171282524
44.59465800447467
42.65408319653157
40.83646641876946
38.87992306296906
36.46459971642304
35.67923227363071
33.194014799665474
32.022829512335
30.96528693829576
29.29787530027407
28.71080141158473
29.272563394431177
28.640633162957446
28.552813100154033
27.834422061035664
27.867306660203383
27.19862102875116
27.64024547338849
28.06506453728804
28.665779413069266
76.21291842029834
73.02630952206974
72.14828650487362
68.57408993452468
66.6796079947649
64.12860092772276
61.93055620616708
59.90869585543611
57.70802082830531
54.86541298663988
53.99006847792917
51.10580044308589
49.7126030991355
48.2854093106773
45.97060387672814
45.14237448209068
45.746092496312315
44.715647038926726
44.399879000204926
43.16443193732004
43.08291418195039
41.84154344702995
42.084061598753415
42.30029262817422
42.70414109561154
103.46594003709171
99.97602740502884
99.14895466277896
95.34664519954977
93.3297152727004
90.44648672185542
87.99602717634798
85.75353153899778
83.30289276143453
80.03460379171932
79.06820473264521
75.7695710276384
74.15081596464555
72.34123607465969
69.35551552722784
68.28260620336573
68.92525075299862
67.48668506156882
66.93438904729405
65.16657793676647
64.97043040520327
63.12920708869405
63.169532132402644
63.169803796949694
63.365088536503016
138.82579741013745
135.0332568171319
134.26018063553272
130.23466888224144
128.0915199340307
124.86669738848884
122.16386054825067
119.71056513922184
117.01568475775848
113.29947152113272
112.25263167191811
108.53600361201543
106.69474344129567
104.50315351037166
100.83236609590591
99.51383235065003
100.20451745246405
98.34771553527655
97.56053425006738
95.25080159157557
94.9461302217594
92.49289451763323
92.32173249868242
92.1036600543444
92.08763291332244
