161.5948893486349
158.58471825505399
155.8147342839941
152.68361866400966
150.51826687941016
147.47249115259717
145.7970826992005
142.06829843498483
139.69516423033218
136.76968115863747
134.42798629626816
131.91726848590733
129.4767170111385
128.03320344490228
125.04155256934575
122.56352917511798
121.80077472816693
120.77437161532161
120.39501326164367
118.62952109946282
116.213879083326
114.2814993167046
114.50668635198312
113.3526957620435
112.18135862196299
122.85645754379185
120.05311607024527
117.50553050966306
114.53786676171352
112.5054096366379
109.78807743733495
108.22564079224955
104.95234184752024
102.7907163789473
100.1975772766702
98.1305412910409
95.92433266216413
93.80742450839618
92.68031060521322
90.26345647693013
88.252960606131
87.67220864447586
86.96943288282236
86.76165441466846
85.44385481917962
83.49041147351583
82.00806103032299
82.40453315184614
81.6686116564242
80.86260323664244
92.38666477976436
89.7798634503563
87.44789681461997
84.63151281303625
82.72913725658297
80.33247038620429
78.87358037526351
76.05763490479359
74.08402399850046
71.8166201864822
70.0241116522055
68.10948446249044
66.31287730904239
65.49393653294874
63.640233039345866
62.09462662179316
61.68516537417646
61.29992950678723
61.25638232716642
60.381251594358424
58.87709791027207
57.840105129074495
58.399435712179354
58.06764514216973
57.61649289012783
68.9253124381011
66.51085243720172
64.38278833137035
61.69304212007087
59.925402705809326
57.82563448528151
56.46513040695808
54.075015773021114
52.2954849306972
50.34118277084628
48.80640134769777
47.17203421899567
45.674651596610175
45.154657496242784
43.845155432010436
42.744321788179825
42.49664697760532
42.41513718324873
42.53234022276279
42.07710381973057
41.01192462734047
40.40613285626934
41.11355105461395
41.16708180548626
41.05625616005131
51.30652455487456
49.06481584877252
47.11451204912381
44.56216200292457
42.906850483611116
41.08071609834642
39.81028717468013
37.8250185696749
36.21804899111969
34.55630352444606
33.26355019948613
31.887676848184782
30.672661363923073
30.435148808413558
29.638169931290253
28.95609384350351
28.863726490459943
29.06719178806011
29.329909824585386
29.274559190086926
28.617455737451493
28.419324140127756
29.261056008570346
29.68130722423546
29.893265772906062
38.45952253004914
36.373664180987895
34.58031275028222
32.14552566304496
30.5869263828684
29.009303915023818
27.809662267536293
26.193328236208636
24.74904675531695
23.355471000819207
22.281581554113398
21.140099139112383
20.17952638730848
20.197885734733813
19.8794436898334
19.58912821725457
19.635108396201794
20.097073676529416
20.499076983820665
20.80899682909631
20.531867813489434
20.709620439668505
21.678108574413045
22.424951638501422
22.936840213087162
29.39948257491003
27.455891936157713
25.801122142648836
23.45667917892654
21.97667913336001
20.615746803195133
19.489072566190764
18.18909838574792
16.88294427344966
15.72751941325348
14.851285863612388
13.91913102142514
13.186182792223564
13.43213674727003
13.546214206394396
13.598547781449644
13.77232455662351
14.46319124693152
14.991866910695615
15.633124073130583
15.69678103721513
16.215929659110678
17.293289449246355
18.33355668935244
19.114416214047292
23.26811959362146
21.43738907944508
19.895318471653056
17.623949349887127
16.200465273713277
15.02271446932297
13.943706519194741
12.92219513579789
11.734016917819988
10.78153018512206
10.081043767868902
9.318378096175074
8.781809128552236
9.219439453584243
9.71220762695264
10.073662980387226
10.357665507323704
11.241967829030575
11.88160407826586
12.808671885350607
13.169129877959039
13.992471000887425
15.16311459687256
16.457121931604167
17.475074349267896
19.30227235857844
17.565770337387242
16.09851496737535
13.88224387277929
12.497233889816144
11.46170315599849
10.427477749653752
9.62345578575524
8.52476906313523
7.740736869167943
7.18671574094851
6.565547521984915
6.181425329854553
6.780344602237146
7.591024455498139
8.208110806635103
8.583994256072925
9.633670375366405
10.361782700112803
11.532632481435481
12.140608671388513
13.221582526391826
14.471176979670972
15.973642393867886
17.192010441088367
16.864157539152803
15.200888922691087
13.777924689832124
11.58989499433374
10.228941663647303
9.282077918018206
8.285409001594873
7.642032403487211
6.615526642647444
5.953343579025679
5.514143889151867
4.997598778352982
4.7302107952846795
5.449098718975678
6.516276045286161
7.334263279172429
7.786855317029725
8.959905785224988
9.764179337170425
11.12284942789177
11.93106689944659
13.22181459206659
14.53455969711408
16.19605026015168
17.575561910589812
15.447364316393315
13.825380503948494
12.42064854561916
10.237909542587001
8.878175087360042
7.9862528327651106
7.002022676164414
6.4618010337958545
5.479834217449435
4.902039130122499
4.54506130751765
4.09425283945035
3.8969222578060285
4.702906633259926
5.953767345457494
6.9213892821019005
7.428668081350911
8.686792695387343
9.542002992190442
11.041136960372079
11.996053812411503
13.445312526214181
14.803919780715404
16.578514697186055
18.076374882484778
14.665938926560909
13.0601202356881
11.637372741037556
9.436767234224686
8.062223104616832
7.177352520916276
6.1980552892274865
5.694087021499675
4.730026016676013
4.19574773669165
3.8889781704319257
3.4665216950054067
3.297890783910268
4.148187878153271
5.511256512078084
6.56784551434673
7.116993003588042
8.415931028766453
9.307809760288173
10.891582377363962
11.93710584113015
13.487604699874709
14.87443601413626
16.712925144241606
18.28640349264864
14.263416803389397
12.653176041993577
11.182913352879341
8.938362705365565
7.5314386890236715
6.609065358536899
5.621505411124842
5.090219642860995
4.120431554220591
3.5858020290387724
3.2974411146712863
2.8600570293199494
2.680353719569953
3.533115194826226
4.93526649118434
6.023165871382593
6.593967882509524
7.894329001204541
8.800416656371254
10.412480451296878
11.491342202972222
13.093122909960123
14.494029486495847
16.343562309565733
17.944954970783474
14.127582525264737
12.48936608686744
10.941365823979007
8.628315534150026
7.172903374044673
6.167570443595671
5.159756018778434
4.538407203953525
3.539871034818231
2.9619801551781557
2.6616036732693926
2.172680681613336
1.9338713818457307
2.7509372762837287
4.119306076793695
5.176233679953472
5.754050042961041
7.013411785678046
7.9168582712874604
9.499459713750856
10.55763595686913
12.151483768904342
13.550876555991115
15.363068016068484
16.947582424735888
14.277687028552098
12.589469352299638
10.93504241681469
8.533479065572841
7.011269953168621
5.880291720845114
4.844209790101768
4.071388066927181
3.016718569187828
2.354516873816758
2.010733169283529
1.4345893179420137
1.0972609828048627
1.8348987042502174
3.0964846049575128
4.069498644093493
4.636581852637912
5.811224162647154
6.692172763074741
8.191792100127035
9.173339929821841
10.706202779068096
12.09092495580974
13.814750439308545
15.340159980916162
14.875328584591507
13.115158606715427
11.326552373059211
8.814060465216455
7.211458222393436
5.9141026936773295
4.839476919155849
3.8560913149419127
2.723501077995914
1.9371727320743894
1.523556000700747
0.8219480451974697
0.34581179894464237
0.9668231832542203
2.0497432845318717
2.8842113014003514
3.423932463559224
4.475023601038701
5.316380441118758
6.680309747600024
7.531137326974901
8.948876059675333
10.30657396446526
11.894068674402366
13.31567554918475
16.207639564302102
14.355385846672148
12.411236126868971
9.772390207731817
8.075584301226108
6.572792044830127
5.451049136406833
4.202477658381046
2.971873483402287
2.0233580082114706
1.5147806511641126
0.6533426095583162
0.0
0.4697514301124744
1.3062189878214958
1.9482134928458494
2.4474612380851513
3.3379294968718805
4.122101465342931
5.296909398538872
5.968750313655594
7.218459714498007
8.53616660127194
9.94456977105406
11.221762801157759
18.706077134720413
16.74624495936921
14.623373291929834
11.838800654867761
10.040970933444962
8.29851015302615
7.124219991777507
5.557075849291667
4.210010523884707
3.0665265751831416
2.4381497378527883
1.3862723967834594
0.5220361798257641
0.8072183364249359
1.3330753127571437
1.734960662674836
2.180495862795977
2.8754815944166747
3.5869643216052145
4.5248961670894
4.97192090352702
6.003717630133971
7.271960191652478
8.45973335792166
9.55199491021338
22.927521568116028
20.848684316422965
18.52570882403551
15.589006364986984
13.67677870471175
11.661845086868437
10.431300431803319
8.503577776029264
7.023295516103842
5.65243853003562
4.887199265690275
3.615719484638228
2.5108688391395115
2.5805454941264294
2.737629111313041
2.8563418663893136
3.2388746560322077
3.7047648718019976
4.33044023122654
4.987070946946093
5.166324714667854
5.936654786398707
7.1455737360512135
8.076347579893307
8.947149744069586
29.56654785158698
27.351428490218307
24.82092062430237
21.710413590834232
19.689692938474234
17.369315402392424
16.07677174525756
13.750180079092605
12.1252819601674
10.502149265334284
9.581851980101058
8.06785509754704
6.697681945852721
6.529162130057881
6.2648797497365765
6.061013581080521
6.3697566562974
6.579913861918
7.107842398821169
7.44192016908393
7.318787607889417
7.786514287339153
8.929242594430686
9.56966706598106
10.187315870491975
39.41896087547301
37.06532802217706
34.31833933491755
31.031455555153084
28.886938851632557
26.252867993713917
24.897401637831575
22.13932563759652
20.35831095097143
18.461601018574935
17.37543357608084
15.597757692102421
13.941131283362562
13.512352713856757
12.784003359027608
12.227066967005655
12.454939292699821
12.387738875309704
12.80608663100701
12.785659392186528
12.32866164269113
12.458190103909201
13.526876197691584
13.853226838156049
14.188678532407986
53.42155183469674
50.92792180035674
47.946960741375065
44.491472820496654
42.227362251403164
39.25465880707156
37.837057720204456
34.6310440518295
32.68642392607246
30.500833947120885
29.236062154999306
27.187212582873315
25.225248889197285
24.521124186578973
23.291232714138363
22.354980370082185
22.498759282661876
22.13639920042488
22.437129228080064
22.035806548234927
21.221270581759207
20.98192737766761
21.97453888539794
21.967080533480274
21.994726899863625
72.61417415389286
69.97488788563983
66.77342782479418
63.13693632035799
60.758022359027095
57.445513117795095
55.97189704890034
52.29435165070384
50.18931650999625
47.69898776422975
46.256637588260205
43.924134681872104
41.65147369657943
40.6609350565338
38.90373557265034
37.57206486558909
37.62970662838728
36.95792502242547
37.13518263079734
36.32684936604155
35.14424942276903
34.51329386498502
35.42779513680675
35.06969156855583
34.774768942134045
98.13639011879523
95.35295600302513
91.9459518219265
88.13293410736834
85.65110392574164
81.98648925970757
80.45461848082084
76.30773440933312
74.03866395927277
71.25033749460792
69.62677541709449
67.00825547714534
64.42450490502968
63.14579071130604
60.845783787947276
59.11122674147232
59.082364643517806
58.09448144808058
58.14501215239909
56.91898841255147
55.36081194397397
54.31944145814648
55.15208238531375
54.439680695831115
53.80950772455053
131.2336544444006
128.3264054488424
124.71122469351289
120.73369137618695
118.14969600499
114.14742271261449
112.56906588304903
107.96082235754001
105.54037522470543
102.44346709593285
100.64771134430481
97.747070177892
94.85774847404393
93.29296014316178
90.44550959770277
88.30498488236486
88.19806157303846
86.88767111181224
86.81184186362361
85.17167788619459
83.22337166510258
81.77377055451444
82.52802668058935
81.45951606874424
80.49103897311872
