------------------------------------
Neutrino sources considered:
 +  Atmospheric
====================================
------------------------------------
Experiments considered:
 +  Super-Kamiokande , at  ../Simulation/SuperK/data/output/combined.hdf5
====================================
------------------------------------
Systematic uncertainties considered:
====================================
------------------------------------
Neutrino physics considered:
 +  Three Flavour
====================================
Processing simulation of Super-Kamiokande experiment.
0.304 0.0 0.305 7.42e-05 0.002125 4.014 normal 125.08532227373144

0.304 0.0 0.305 7.42e-05 0.002041666666666667 4.014 normal 130.22697192449846

0.304 0.0 0.305 7.42e-05 0.0025833333333333333 4.014 normal 99.9395743570231

0.304 0.0 0.305 7.42e-05 0.0021666666666666666 4.014 normal 123.03462266419332

0.304 0.0 0.305 7.42e-05 0.0020833333333333333 4.014 normal 127.72686315879437

0.304 0.0 0.305 7.42e-05 0.002541666666666667 4.014 normal 102.41764293590143

0.304 0.0 0.305 7.42e-05 0.0026666666666666666 4.014 normal 98.15298627526542

0.304 0.0 0.305 7.42e-05 0.0022916666666666667 4.014 normal 115.46704729249072

0.304 0.0 0.305 7.42e-05 0.0022500000000000003 4.014 normal 118.98792631294673

0.304 0.0 0.305 7.42e-05 0.0027916666666666667 4.014 normal 97.05005310338564

0.304 0.0 0.305 7.42e-05 0.002375 4.014 normal 111.07533284257056

0.304 0.0 0.305 7.42e-05 0.0023333333333333335 4.014 normal 113.69123121209152

0.304 0.0 0.305 7.42e-05 0.002 4.014 normal 133.24436471724366

0.304 0.0 0.305 7.42e-05 0.002625 4.014 normal 97.87128554612543

0.304 0.0 0.305 7.42e-05 0.0022083333333333334 4.014 normal 120.3928193228553

0.304 0.0 0.305 7.42e-05 0.002416666666666667 4.014 normal 109.14307642198179

0.304 0.0 0.305 7.42e-05 0.0025 4.014 normal 104.02255405060676

0.304 0.0 0.305 7.42e-05 0.002458333333333333 4.014 normal 106.94611049669042

0.304 0.0 0.305 7.42e-05 0.00275 4.014 normal 97.91449631702966

0.304 0.0 0.305 7.42e-05 0.0027083333333333334 4.014 normal 98.10390855521655

0.304 0.0 0.305 7.42e-05 0.002875 4.014 normal 94.0837885079424

0.304 0.0 0.32166666666666666 7.42e-05 0.002375 4.014 normal 79.28879003717272

0.304 0.0 0.305 7.42e-05 0.003 4.014 normal 92.02872987054513

0.304 0.0 0.32166666666666666 7.42e-05 0.0022083333333333334 4.014 normal 87.58585782514209

0.304 0.0 0.32166666666666666 7.42e-05 0.002 4.014 normal 99.48194007702236

0.304 0.0 0.32166666666666666 7.42e-05 0.0020833333333333333 4.014 normal 94.43133867658504

0.304 0.0 0.32166666666666666 7.42e-05 0.0021666666666666666 4.014 normal 89.934671496866

0.304 0.0 0.32166666666666666 7.42e-05 0.0022500000000000003 4.014 normal 86.26621933506038

0.304 0.0 0.305 7.42e-05 0.002916666666666667 4.014 normal 93.81915768295953

0.304 0.0 0.32166666666666666 7.42e-05 0.0023333333333333335 4.014 normal 81.56202427497341

0.304 0.0 0.305 7.42e-05 0.002958333333333333 4.014 normal 92.89615492968554

0.304 0.0 0.32166666666666666 7.42e-05 0.002125 4.014 normal 91.89204035871106

0.304 0.0 0.32166666666666666 7.42e-05 0.0025833333333333333 4.014 normal 69.92959813568153

0.304 0.0 0.32166666666666666 7.42e-05 0.002541666666666667 4.014 normal 71.83002523940111

0.304 0.0 0.32166666666666666 7.42e-05 0.0022916666666666667 4.014 normal 83.17443929955283

0.304 0.0 0.32166666666666666 7.42e-05 0.0025 4.014 normal 73.13614384726712

0.304 0.0 0.305 7.42e-05 0.0028333333333333335 4.014 normal 95.40726341730425

0.304 0.0 0.32166666666666666 7.42e-05 0.002041666666666667 4.014 normal 96.70461939030943

0.304 0.0 0.32166666666666666 7.42e-05 0.002416666666666667 4.014 normal 77.62790050104199

0.304 0.0 0.32166666666666666 7.42e-05 0.002458333333333333 4.014 normal 75.69032188218155

0.304 0.0 0.32166666666666666 7.42e-05 0.002875 4.014 normal 66.35576240929502

0.304 0.0 0.32166666666666666 7.42e-05 0.002958333333333333 4.014 normal 65.8340251974686

0.304 0.0 0.32166666666666666 7.42e-05 0.00275 4.014 normal 68.97041430113633

0.304 0.0 0.3383333333333333 7.42e-05 0.0020833333333333333 4.014 normal 69.0395749852089

0.304 0.0 0.32166666666666666 7.42e-05 0.002916666666666667 4.014 normal 66.35925751169351

0.304 0.0 0.32166666666666666 7.42e-05 0.003 4.014 normal 65.31641355324668

0.304 0.0 0.32166666666666666 7.42e-05 0.0027916666666666667 4.014 normal 68.51795725494503

0.304 0.0 0.3383333333333333 7.42e-05 0.0022916666666666667 4.014 normal 58.75699095790037

0.304 0.0 0.3383333333333333 7.42e-05 0.0022500000000000003 4.014 normal 61.43093870198767

0.304 0.0 0.32166666666666666 7.42e-05 0.0028333333333333335 4.014 normal 67.30333594771

0.304 0.0 0.32166666666666666 7.42e-05 0.0026666666666666666 4.014 normal 68.74416334428479

0.304 0.0 0.32166666666666666 7.42e-05 0.0027083333333333334 4.014 normal 68.93234364350238

0.304 0.0 0.3383333333333333 7.42e-05 0.002125 4.014 normal 66.59938989449938

0.304 0.0 0.3383333333333333 7.42e-05 0.002041666666666667 4.014 normal 71.0888297847189

0.304 0.0 0.3383333333333333 7.42e-05 0.002 4.014 normal 73.63086170908186

0.304 0.0 0.32166666666666666 7.42e-05 0.002625 4.014 normal 68.36251885708039

0.304 0.0 0.3383333333333333 7.42e-05 0.0022083333333333334 4.014 normal 62.66516327436767

0.304 0.0 0.3383333333333333 7.42e-05 0.0023333333333333335 4.014 normal 57.30296484970572

0.304 0.0 0.3383333333333333 7.42e-05 0.0021666666666666666 4.014 normal 64.7302626427139

0.304 0.0 0.3383333333333333 7.42e-05 0.002375 4.014 normal 55.36333278166371

0.304 0.0 0.3383333333333333 7.42e-05 0.002416666666666667 4.014 normal 53.96772696619092

0.304 0.0 0.3383333333333333 7.42e-05 0.002916666666666667 4.014 normal 46.63394424926371

0.304 0.0 0.3383333333333333 7.42e-05 0.0027916666666666667 4.014 normal 47.75070430896649

0.304 0.0 0.3383333333333333 7.42e-05 0.0025 4.014 normal 50.08813714947499

0.304 0.0 0.3383333333333333 7.42e-05 0.002541666666666667 4.014 normal 49.073667716944435

0.304 0.0 0.355 7.42e-05 0.002 4.014 normal 54.37476952213563

0.304 0.0 0.3383333333333333 7.42e-05 0.002625 4.014 normal 46.65873031834978

0.304 0.0 0.3383333333333333 7.42e-05 0.0026666666666666666 4.014 normal 47.13465506492569

0.304 0.0 0.3383333333333333 7.42e-05 0.002458333333333333 4.014 normal 52.28132869330619

0.304 0.0 0.355 7.42e-05 0.002041666666666667 4.014 normal 52.06407702649927

0.304 0.0 0.3383333333333333 7.42e-05 0.003 4.014 normal 46.31281110582711

0.304 0.0 0.3383333333333333 7.42e-05 0.002958333333333333 4.014 normal 46.49229667316189

0.304 0.0 0.3383333333333333 7.42e-05 0.00275 4.014 normal 47.8052492952144

0.304 0.0 0.3383333333333333 7.42e-05 0.0027083333333333334 4.014 normal 47.54788437236759

0.304 0.0 0.3383333333333333 7.42e-05 0.002875 4.014 normal 46.37042883056006

0.304 0.0 0.355 7.42e-05 0.002125 4.014 normal 47.884496695874944

0.304 0.0 0.355 7.42e-05 0.0021666666666666666 4.014 normal 46.09921524311115

0.304 0.0 0.355 7.42e-05 0.0020833333333333333 4.014 normal 50.228047411306584

0.304 0.0 0.3383333333333333 7.42e-05 0.0028333333333333335 4.014 normal 46.952599259366

0.304 0.0 0.3383333333333333 7.42e-05 0.0025833333333333333 4.014 normal 47.73663151397218

0.304 0.0 0.355 7.42e-05 0.0022500000000000003 4.014 normal 43.152015807604776

0.304 0.0 0.355 7.42e-05 0.002375 4.014 normal 37.95846564002421

0.304 0.0 0.355 7.42e-05 0.0022083333333333334 4.014 normal 44.30478694137406

0.304 0.0 0.355 7.42e-05 0.002458333333333333 4.014 normal 35.37375612238117

0.304 0.0 0.355 7.42e-05 0.0026666666666666666 4.014 normal 31.949744804322386

0.304 0.0 0.355 7.42e-05 0.002416666666666667 4.014 normal 36.81703980688219

0.304 0.0 0.355 7.42e-05 0.0028333333333333335 4.014 normal 32.96802555280078

0.304 0.0 0.355 7.42e-05 0.0025833333333333333 4.014 normal 31.996419748430753

0.304 0.0 0.355 7.42e-05 0.0027083333333333334 4.014 normal 32.5776243630417

0.304 0.0 0.355 7.42e-05 0.002541666666666667 4.014 normal 32.79038351998703

0.304 0.0 0.355 7.42e-05 0.0027916666666666667 4.014 normal 33.36593886828015

0.304 0.0 0.355 7.42e-05 0.0022916666666666667 4.014 normal 40.88158977282117

0.304 0.0 0.355 7.42e-05 0.002875 4.014 normal 32.73649759903045

0.304 0.0 0.355 7.42e-05 0.00275 4.014 normal 33.04168577845493

0.304 0.0 0.355 7.42e-05 0.002625 4.014 normal 31.38719127754647

0.304 0.0 0.355 7.42e-05 0.0025 4.014 normal 33.52577737510741

0.304 0.0 0.355 7.42e-05 0.002958333333333333 4.014 normal 33.471219656261304

0.304 0.0 0.355 7.42e-05 0.0023333333333333335 4.014 normal 39.57784278304401

0.304 0.0 0.355 7.42e-05 0.002916666666666667 4.014 normal 33.24559519201491

0.304 0.0 0.355 7.42e-05 0.003 4.014 normal 33.614482144634536

0.304 0.0 0.37166666666666665 7.42e-05 0.002125 4.014 normal 34.520850805068974

0.304 0.0 0.37166666666666665 7.42e-05 0.0023333333333333335 4.014 normal 27.13341266913824

0.304 0.0 0.37166666666666665 7.42e-05 0.002 4.014 normal 40.50532379460476

0.304 0.0 0.37166666666666665 7.42e-05 0.0027916666666666667 4.014 normal 24.029758070665967

0.304 0.0 0.37166666666666665 7.42e-05 0.002541666666666667 4.014 normal 21.691659517462266

0.304 0.0 0.37166666666666665 7.42e-05 0.0022916666666666667 4.014 normal 28.29781077629132

0.304 0.0 0.37166666666666665 7.42e-05 0.00275 4.014 normal 23.354579693530347

0.304 0.0 0.37166666666666665 7.42e-05 0.002041666666666667 4.014 normal 38.41078669546044

0.304 0.0 0.37166666666666665 7.42e-05 0.002625 4.014 normal 21.234876800568788

0.304 0.0 0.37166666666666665 7.42e-05 0.0026666666666666666 4.014 normal 21.87582414464963

0.304 0.0 0.37166666666666665 7.42e-05 0.002458333333333333 4.014 normal 23.690931937597604

0.304 0.0 0.37166666666666665 7.42e-05 0.0025833333333333333 4.014 normal 21.405008900937922

0.304 0.0 0.37166666666666665 7.42e-05 0.0021666666666666666 4.014 normal 32.81102745923887

0.304 0.0 0.37166666666666665 7.42e-05 0.0022500000000000003 4.014 normal 30.1914730225886

0.304 0.0 0.37166666666666665 7.42e-05 0.0020833333333333333 4.014 normal 36.77708692295648

0.304 0.0 0.37166666666666665 7.42e-05 0.0025 4.014 normal 22.165360110814188

0.304 0.0 0.37166666666666665 7.42e-05 0.0022083333333333334 4.014 normal 31.267862631005084

0.304 0.0 0.37166666666666665 7.42e-05 0.002416666666666667 4.014 normal 24.90942472838743

0.304 0.0 0.37166666666666665 7.42e-05 0.002375 4.014 normal 25.812007774294955

0.304 0.0 0.37166666666666665 7.42e-05 0.0027083333333333334 4.014 normal 22.699110676649905

0.304 0.0 0.37166666666666665 7.42e-05 0.002875 4.014 normal 24.100812738787965

0.304 0.0 0.37166666666666665 7.42e-05 0.002958333333333333 4.014 normal 25.40455417652896

0.304 0.0 0.3883333333333333 7.42e-05 0.0020833333333333333 4.014 normal 27.574343176272624

0.304 0.0 0.3883333333333333 7.42e-05 0.002 4.014 normal 30.918255449514668

0.304 0.0 0.37166666666666665 7.42e-05 0.003 4.014 normal 25.84770304434388

0.304 0.0 0.3883333333333333 7.42e-05 0.0022083333333333334 4.014 normal 22.440275409938675

0.304 0.0 0.37166666666666665 7.42e-05 0.002916666666666667 4.014 normal 24.839170744347292

0.304 0.0 0.3883333333333333 7.42e-05 0.002375 4.014 normal 17.801146005176445

0.304 0.0 0.3883333333333333 7.42e-05 0.002041666666666667 4.014 normal 29.024578646149262

0.304 0.0 0.3883333333333333 7.42e-05 0.002541666666666667 4.014 normal 14.639641079246351

0.304 0.0 0.3883333333333333 7.42e-05 0.0025833333333333333 4.014 normal 14.819569386008117

0.304 0.0 0.3883333333333333 7.42e-05 0.002416666666666667 4.014 normal 17.115865591916137

0.304 0.0 0.3883333333333333 7.42e-05 0.0021666666666666666 4.014 normal 23.755944740119467

0.304 0.0 0.3883333333333333 7.42e-05 0.002458333333333333 4.014 normal 16.104821228107163

0.304 0.0 0.37166666666666665 7.42e-05 0.0028333333333333335 4.014 normal 24.004989192575085

0.304 0.0 0.3883333333333333 7.42e-05 0.0022500000000000003 4.014 normal 21.434163598344856

0.304 0.0 0.3883333333333333 7.42e-05 0.0022916666666666667 4.014 normal 19.886784400379582

0.304 0.0 0.3883333333333333 7.42e-05 0.0023333333333333335 4.014 normal 18.848235376201625

0.304 0.0 0.3883333333333333 7.42e-05 0.002125 4.014 normal 25.39940817105743

0.304 0.0 0.3883333333333333 7.42e-05 0.0025 4.014 normal 14.87448696273849

0.304 0.0 0.405 7.42e-05 0.002041666666666667 4.014 normal 22.91727028912812

0.304 0.0 0.3883333333333333 7.42e-05 0.0028333333333333335 4.014 normal 18.90376785432006

0.304 0.0 0.405 7.42e-05 0.0022500000000000003 4.014 normal 15.87701076752452

0.304 0.0 0.405 7.42e-05 0.002 4.014 normal 24.631858422383967

0.304 0.0 0.3883333333333333 7.42e-05 0.0027083333333333334 4.014 normal 16.76269596381895

0.304 0.0 0.405 7.42e-05 0.002375 4.014 normal 12.898897983399221

0.304 0.0 0.3883333333333333 7.42e-05 0.00275 4.014 normal 17.591231526817495

0.304 0.0 0.405 7.42e-05 0.0022916666666666667 4.014 normal 14.633131009182327

0.304 0.0 0.405 7.42e-05 0.002125 4.014 normal 19.523785542974647

0.304 0.0 0.405 7.42e-05 0.0021666666666666666 4.014 normal 17.936210302540747

0.304 0.0 0.405 7.42e-05 0.0023333333333333335 4.014 normal 13.706666560513312

0.304 0.0 0.3883333333333333 7.42e-05 0.0026666666666666666 4.014 normal 15.762686874713584

0.304 0.0 0.3883333333333333 7.42e-05 0.002625 4.014 normal 15.052407108648028

0.304 0.0 0.3883333333333333 7.42e-05 0.002916666666666667 4.014 normal 20.24705062131821

0.304 0.0 0.3883333333333333 7.42e-05 0.002875 4.014 normal 19.299330208485028

0.304 0.0 0.405 7.42e-05 0.0020833333333333333 4.014 normal 21.631515493608802

0.304 0.0 0.3883333333333333 7.42e-05 0.0027916666666666667 4.014 normal 18.585565422505024

0.304 0.0 0.3883333333333333 7.42e-05 0.002958333333333333 4.014 normal 21.12160862816623

0.304 0.0 0.405 7.42e-05 0.0022083333333333334 4.014 normal 16.819984545807234

0.304 0.0 0.3883333333333333 7.42e-05 0.003 4.014 normal 21.839586211177828

0.304 0.0 0.405 7.42e-05 0.0026666666666666666 4.014 normal 12.53790376172026

0.304 0.0 0.42166666666666663 7.42e-05 0.002125 4.014 normal 16.02939624768979

0.304 0.0 0.405 7.42e-05 0.0025 4.014 normal 10.606496957376049

0.304 0.0 0.405 7.42e-05 0.00275 4.014 normal 14.669551889564948

0.304 0.0 0.405 7.42e-05 0.003 4.014 normal 20.463136382579023

0.304 0.0 0.405 7.42e-05 0.0027083333333333334 4.014 normal 13.689259064043133

0.304 0.0 0.405 7.42e-05 0.002416666666666667 4.014 normal 12.408320427458907

0.304 0.0 0.405 7.42e-05 0.002625 4.014 normal 11.767557748206341

0.304 0.0 0.405 7.42e-05 0.002541666666666667 4.014 normal 10.585483740413185

0.304 0.0 0.42166666666666663 7.42e-05 0.0020833333333333333 4.014 normal 18.08245824043746

0.304 0.0 0.405 7.42e-05 0.0028333333333333335 4.014 normal 16.564294196237377

0.304 0.0 0.405 7.42e-05 0.0025833333333333333 4.014 normal 11.178214901339691

0.304 0.0 0.405 7.42e-05 0.002458333333333333 4.014 normal 11.578335422531525

0.304 0.0 0.405 7.42e-05 0.002875 4.014 normal 17.225433065714107

0.304 0.0 0.405 7.42e-05 0.002958333333333333 4.014 normal 19.50431788279052

0.304 0.0 0.405 7.42e-05 0.002916666666666667 4.014 normal 18.358760186842098

0.304 0.0 0.42166666666666663 7.42e-05 0.0021666666666666666 4.014 normal 14.486109339783564

0.304 0.0 0.42166666666666663 7.42e-05 0.002041666666666667 4.014 normal 19.2254031110799

0.304 0.0 0.405 7.42e-05 0.0027916666666666667 4.014 normal 15.944057773280182

0.304 0.0 0.42166666666666663 7.42e-05 0.002 4.014 normal 20.786933545206256

0.304 0.0 0.42166666666666663 7.42e-05 0.002375 4.014 normal 10.23102085899766

0.304 0.0 0.42166666666666663 7.42e-05 0.0022083333333333334 4.014 normal 13.53833570467142

0.304 0.0 0.42166666666666663 7.42e-05 0.0028333333333333335 4.014 normal 16.083916387566727

0.304 0.0 0.42166666666666663 7.42e-05 0.0022916666666666667 4.014 normal 11.665489546886816

0.304 0.0 0.42166666666666663 7.42e-05 0.002958333333333333 4.014 normal 19.642222299260524

0.304 0.0 0.42166666666666663 7.42e-05 0.0025833333333333333 4.014 normal 9.590688677142923

0.304 0.0 0.42166666666666663 7.42e-05 0.0023333333333333335 4.014 normal 10.833273484278747

0.304 0.0 0.42166666666666663 7.42e-05 0.002416666666666667 4.014 normal 9.907101519457076

0.304 0.0 0.42166666666666663 7.42e-05 0.002625 4.014 normal 10.48642044533596

0.304 0.0 0.42166666666666663 7.42e-05 0.0025 4.014 normal 8.480532349903367

0.304 0.0 0.42166666666666663 7.42e-05 0.0022500000000000003 4.014 normal 12.648834865752857

0.304 0.0 0.42166666666666663 7.42e-05 0.003 4.014 normal 20.807788468597387

0.304 0.0 0.42166666666666663 7.42e-05 0.0027916666666666667 4.014 normal 15.204991547934412

0.304 0.0 0.42166666666666663 7.42e-05 0.002875 4.014 normal 16.973659538306848

0.304 0.0 0.42166666666666663 7.42e-05 0.002541666666666667 4.014 normal 8.642733423052245

0.304 0.0 0.42166666666666663 7.42e-05 0.002458333333333333 4.014 normal 9.231727655251923

0.304 0.0 0.42166666666666663 7.42e-05 0.00275 4.014 normal 13.692778021339034

0.304 0.0 0.42166666666666663 7.42e-05 0.0026666666666666666 4.014 normal 11.306670508810992

0.304 0.0 0.42166666666666663 7.42e-05 0.002916666666666667 4.014 normal 18.266437967765373

0.304 0.0 0.42166666666666663 7.42e-05 0.0027083333333333334 4.014 normal 12.583771467671308

0.304 0.0 0.43833333333333335 7.42e-05 0.002541666666666667 4.014 normal 8.055951149586784

0.304 0.0 0.43833333333333335 7.42e-05 0.002 4.014 normal 18.659512645667007

0.304 0.0 0.43833333333333335 7.42e-05 0.0022083333333333334 4.014 normal 11.86293641016061

0.304 0.0 0.43833333333333335 7.42e-05 0.002625 4.014 normal 10.441712521445766

0.304 0.0 0.43833333333333335 7.42e-05 0.0022916666666666667 4.014 normal 10.245389180996218

0.304 0.0 0.43833333333333335 7.42e-05 0.002125 4.014 normal 14.187773913411043

0.304 0.0 0.43833333333333335 7.42e-05 0.002416666666666667 4.014 normal 8.86648437731574

0.304 0.0 0.43833333333333335 7.42e-05 0.002375 4.014 normal 9.054455758233717

0.304 0.0 0.43833333333333335 7.42e-05 0.002458333333333333 4.014 normal 8.317040608084586

0.304 0.0 0.43833333333333335 7.42e-05 0.002041666666666667 4.014 normal 17.22507500014595

0.304 0.0 0.43833333333333335 7.42e-05 0.0023333333333333335 4.014 normal 9.489572316255567

0.304 0.0 0.43833333333333335 7.42e-05 0.0025833333333333333 4.014 normal 9.295217926048792

0.304 0.0 0.43833333333333335 7.42e-05 0.0025 4.014 normal 7.7442050792564165

0.304 0.0 0.43833333333333335 7.42e-05 0.0027916666666666667 4.014 normal 15.592859040847507

0.304 0.0 0.43833333333333335 7.42e-05 0.0026666666666666666 4.014 normal 11.300612388808645

0.304 0.0 0.43833333333333335 7.42e-05 0.0022500000000000003 4.014 normal 11.017687500093725

0.304 0.0 0.43833333333333335 7.42e-05 0.00275 4.014 normal 13.889339156234252

0.304 0.0 0.43833333333333335 7.42e-05 0.0021666666666666666 4.014 normal 12.676055694262129

0.304 0.0 0.43833333333333335 7.42e-05 0.0020833333333333333 4.014 normal 16.198145626802

0.304 0.0 0.43833333333333335 7.42e-05 0.0027083333333333334 4.014 normal 12.677708107728675

0.304 0.0 0.43833333333333335 7.42e-05 0.002875 4.014 normal 17.760344465634162

0.304 0.0 0.45499999999999996 7.42e-05 0.0025 4.014 normal 7.781658895295928

0.304 0.0 0.45499999999999996 7.42e-05 0.002541666666666667 4.014 normal 8.208151001590522

0.304 0.0 0.43833333333333335 7.42e-05 0.0028333333333333335 4.014 normal 16.683827243282533

0.304 0.0 0.45499999999999996 7.42e-05 0.0023333333333333335 4.014 normal 9.072118480616377

0.304 0.0 0.45499999999999996 7.42e-05 0.002375 4.014 normal 8.76277293666934

0.304 0.0 0.43833333333333335 7.42e-05 0.002958333333333333 4.014 normal 20.745724550066218

0.304 0.0 0.45499999999999996 7.42e-05 0.0022500000000000003 4.014 normal 10.385202846983677

0.304 0.0 0.43833333333333335 7.42e-05 0.003 4.014 normal 22.07966728105148

0.304 0.0 0.45499999999999996 7.42e-05 0.0025833333333333333 4.014 normal 9.669165285272499

0.304 0.0 0.45499999999999996 7.42e-05 0.0020833333333333333 4.014 normal 15.388142129215709

0.304 0.0 0.45499999999999996 7.42e-05 0.002041666666666667 4.014 normal 16.326371400001356

0.304 0.0 0.45499999999999996 7.42e-05 0.002 4.014 normal 17.66426571351069

0.304 0.0 0.45499999999999996 7.42e-05 0.002458333333333333 4.014 normal 8.222952680777759

0.304 0.0 0.45499999999999996 7.42e-05 0.002125 4.014 normal 13.404862171536937

0.304 0.0 0.45499999999999996 7.42e-05 0.0022916666666666667 4.014 normal 9.771638580104762

0.304 0.0 0.45499999999999996 7.42e-05 0.0022083333333333334 4.014 normal 11.197067032457332

0.304 0.0 0.45499999999999996 7.42e-05 0.002416666666666667 4.014 normal 8.677976538321085

0.304 0.0 0.45499999999999996 7.42e-05 0.0021666666666666666 4.014 normal 11.912827580829209

0.304 0.0 0.43833333333333335 7.42e-05 0.002916666666666667 4.014 normal 19.184482832122338

0.304 0.0 0.4716666666666667 7.42e-05 0.002125 4.014 normal 13.231125325700907

0.304 0.0 0.4716666666666667 7.42e-05 0.002375 4.014 normal 8.899396974322142

0.304 0.0 0.45499999999999996 7.42e-05 0.0026666666666666666 4.014 normal 11.893350594167757

0.304 0.0 0.45499999999999996 7.42e-05 0.00275 4.014 normal 14.628097861628

0.304 0.0 0.45499999999999996 7.42e-05 0.002958333333333333 4.014 normal 22.16662721676717

0.304 0.0 0.45499999999999996 7.42e-05 0.002916666666666667 4.014 normal 20.46822953125877

0.304 0.0 0.4716666666666667 7.42e-05 0.0023333333333333335 4.014 normal 9.125674296090201

0.304 0.0 0.45499999999999996 7.42e-05 0.0027083333333333334 4.014 normal 13.338491804129346

0.304 0.0 0.45499999999999996 7.42e-05 0.0028333333333333335 4.014 normal 17.72315202606009

0.304 0.0 0.45499999999999996 7.42e-05 0.002625 4.014 normal 11.005635989456671

0.304 0.0 0.4716666666666667 7.42e-05 0.0022083333333333334 4.014 normal 11.088407843497237

0.304 0.0 0.45499999999999996 7.42e-05 0.0027916666666666667 4.014 normal 16.473849080686982

0.304 0.0 0.45499999999999996 7.42e-05 0.003 4.014 normal 23.62870598823477

0.304 0.0 0.45499999999999996 7.42e-05 0.002875 4.014 normal 18.943373246741164

0.304 0.0 0.4716666666666667 7.42e-05 0.002 4.014 normal 17.35129941601974

0.304 0.0 0.4716666666666667 7.42e-05 0.002041666666666667 4.014 normal 16.080132042828353

0.304 0.0 0.4716666666666667 7.42e-05 0.0021666666666666666 4.014 normal 11.744927560505847

0.304 0.0 0.4716666666666667 7.42e-05 0.0022916666666666667 4.014 normal 9.789147775386903

0.304 0.0 0.4716666666666667 7.42e-05 0.0022500000000000003 4.014 normal 10.299557099389958

0.304 0.0 0.4716666666666667 7.42e-05 0.0020833333333333333 4.014 normal 15.199637724975354

0.304 0.0 0.4883333333333333 7.42e-05 0.0020833333333333333 4.014 normal 15.341735017364016

0.304 0.0 0.4716666666666667 7.42e-05 0.0027916666666666667 4.014 normal 17.37488940682612

0.304 0.0 0.4716666666666667 7.42e-05 0.0025833333333333333 4.014 normal 10.245303580007818

0.304 0.0 0.4716666666666667 7.42e-05 0.0025 4.014 normal 8.134166872385851

0.304 0.0 0.4716666666666667 7.42e-05 0.002625 4.014 normal 11.710964972886462

0.304 0.0 0.4716666666666667 7.42e-05 0.002458333333333333 4.014 normal 8.48984139775638

0.304 0.0 0.4716666666666667 7.42e-05 0.0028333333333333335 4.014 normal 18.730881502132235

0.304 0.0 0.4883333333333333 7.42e-05 0.002 4.014 normal 17.431439216123263

0.304 0.0 0.4716666666666667 7.42e-05 0.003 4.014 normal 24.97439560309111

0.304 0.0 0.4716666666666667 7.42e-05 0.002875 4.014 normal 20.046509735602093

0.304 0.0 0.4883333333333333 7.42e-05 0.0021666666666666666 4.014 normal 11.877579500045185

0.304 0.0 0.4716666666666667 7.42e-05 0.0027083333333333334 4.014 normal 14.100018842995832

0.304 0.0 0.4716666666666667 7.42e-05 0.002541666666666667 4.014 normal 8.636378829296806

0.304 0.0 0.4716666666666667 7.42e-05 0.002416666666666667 4.014 normal 8.883524985554518

0.304 0.0 0.4883333333333333 7.42e-05 0.002041666666666667 4.014 normal 16.19304614495118

0.304 0.0 0.4716666666666667 7.42e-05 0.002916666666666667 4.014 normal 21.642467540656167

0.304 0.0 0.4883333333333333 7.42e-05 0.002125 4.014 normal 13.371661024140726

0.304 0.0 0.4716666666666667 7.42e-05 0.00275 4.014 normal 15.438669607288661

0.304 0.0 0.4716666666666667 7.42e-05 0.0026666666666666666 4.014 normal 12.614628498504194

0.304 0.0 0.4716666666666667 7.42e-05 0.002958333333333333 4.014 normal 23.42649478735823

0.304 0.0 0.4883333333333333 7.42e-05 0.0022083333333333334 4.014 normal 11.241529747509889

0.304 0.0 0.4883333333333333 7.42e-05 0.002541666666666667 4.014 normal 9.032044189134169

0.304 0.0 0.4883333333333333 7.42e-05 0.002625 4.014 normal 12.242035262105793

0.304 0.0 0.4883333333333333 7.42e-05 0.0027083333333333334 4.014 normal 14.64538426281998

0.304 0.0 0.4883333333333333 7.42e-05 0.0022500000000000003 4.014 normal 10.464274318363538

0.304 0.0 0.4883333333333333 7.42e-05 0.00275 4.014 normal 16.00422447879804

0.304 0.0 0.4883333333333333 7.42e-05 0.0026666666666666666 4.014 normal 13.149795140061197

0.304 0.0 0.4883333333333333 7.42e-05 0.0027916666666666667 4.014 normal 17.976902249377275

0.304 0.0 0.4883333333333333 7.42e-05 0.0022916666666666667 4.014 normal 9.998969536525346

0.304 0.0 0.4883333333333333 7.42e-05 0.002875 4.014 normal 20.746507879497962

0.304 0.0 0.4883333333333333 7.42e-05 0.0028333333333333335 4.014 normal 19.383583153843798

0.304 0.0 0.4883333333333333 7.42e-05 0.002458333333333333 4.014 normal 8.813673944756026

0.304 0.0 0.4883333333333333 7.42e-05 0.0025 4.014 normal 8.492642881875824

0.304 0.0 0.4883333333333333 7.42e-05 0.002916666666666667 4.014 normal 22.380492507163986

0.304 0.0 0.4883333333333333 7.42e-05 0.002958333333333333 4.014 normal 24.198827482472336

0.304 0.0 0.4883333333333333 7.42e-05 0.002375 4.014 normal 9.162735963940955

0.304 0.0 0.4883333333333333 7.42e-05 0.0023333333333333335 4.014 normal 9.35064511211495

0.304 0.0 0.4883333333333333 7.42e-05 0.002416666666666667 4.014 normal 9.179565869907547

0.304 0.0 0.4883333333333333 7.42e-05 0.003 4.014 normal 25.788414891308935

0.304 0.0 0.4883333333333333 7.42e-05 0.0025833333333333333 4.014 normal 10.713649965932039

0.304 0.0 0.505 7.42e-05 0.0022500000000000003 4.014 normal 10.730864428395309

0.304 0.0 0.505 7.42e-05 0.0020833333333333333 4.014 normal 15.665096185123488

0.304 0.0 0.505 7.42e-05 0.0021666666666666666 4.014 normal 12.163281692378618

0.304 0.0 0.505 7.42e-05 0.0025833333333333333 4.014 normal 10.920681594015315

0.304 0.0 0.505 7.42e-05 0.0026666666666666666 4.014 normal 13.345741402447107

0.304 0.0 0.505 7.42e-05 0.0022916666666666667 4.014 normal 10.252012030582183

0.304 0.0 0.505 7.42e-05 0.0025 4.014 normal 8.706390597184058

0.304 0.0 0.505 7.42e-05 0.002 4.014 normal 17.75695208068154

0.304 0.0 0.505 7.42e-05 0.0022083333333333334 4.014 normal 11.508161056696196

0.304 0.0 0.505 7.42e-05 0.002125 4.014 normal 13.678477302019356

0.304 0.0 0.505 7.42e-05 0.0023333333333333335 4.014 normal 9.597855726984914

0.304 0.0 0.505 7.42e-05 0.002041666666666667 4.014 normal 16.51867225653599

0.304 0.0 0.505 7.42e-05 0.002458333333333333 4.014 normal 9.043409166537495

0.304 0.0 0.505 7.42e-05 0.002625 4.014 normal 12.444718296618351

0.304 0.0 0.505 7.42e-05 0.00275 4.014 normal 16.170237616479877

0.304 0.0 0.505 7.42e-05 0.002416666666666667 4.014 normal 9.416204910279651

0.304 0.0 0.505 7.42e-05 0.002541666666666667 4.014 normal 9.243287044913718

0.304 0.0 0.505 7.42e-05 0.002375 4.014 normal 9.402635142533203

0.304 0.0 0.505 7.42e-05 0.0027916666666666667 4.014 normal 18.126059832881648

0.304 0.0 0.505 7.42e-05 0.0027083333333333334 4.014 normal 14.819655013626672

0.304 0.0 0.505 7.42e-05 0.0028333333333333335 4.014 normal 19.52564460063477

0.304 0.0 0.5216666666666667 7.42e-05 0.0022500000000000003 4.014 normal 11.103755071343198

0.304 0.0 0.505 7.42e-05 0.002916666666666667 4.014 normal 22.526027914870987

0.304 0.0 0.505 7.42e-05 0.002875 4.014 normal 20.887315916144523

0.304 0.0 0.5216666666666667 7.42e-05 0.002 4.014 normal 18.331232650189552

0.304 0.0 0.5216666666666667 7.42e-05 0.0021666666666666666 4.014 normal 12.606168717754151

0.304 0.0 0.505 7.42e-05 0.003 4.014 normal 25.912358243469754

0.304 0.0 0.505 7.42e-05 0.002958333333333333 4.014 normal 24.326245356695228

0.304 0.0 0.5216666666666667 7.42e-05 0.002541666666666667 4.014 normal 9.275019084001858

0.304 0.0 0.5216666666666667 7.42e-05 0.0025 4.014 normal 8.780517743545605

0.304 0.0 0.5216666666666667 7.42e-05 0.0022916666666666667 4.014 normal 10.552772585704744

0.304 0.0 0.5216666666666667 7.42e-05 0.0025833333333333333 4.014 normal 10.871323598264203

0.304 0.0 0.5216666666666667 7.42e-05 0.002375 4.014 normal 9.62374944861168

0.304 0.0 0.5216666666666667 7.42e-05 0.002458333333333333 4.014 normal 9.183788872905769

0.304 0.0 0.5216666666666667 7.42e-05 0.002416666666666667 4.014 normal 9.598269287544747

0.304 0.0 0.5216666666666667 7.42e-05 0.0022083333333333334 4.014 normal 11.892712936884427

0.304 0.0 0.5216666666666667 7.42e-05 0.002041666666666667 4.014 normal 17.06094522852141

0.304 0.0 0.5216666666666667 7.42e-05 0.0023333333333333335 4.014 normal 9.871951371863643

0.304 0.0 0.5216666666666667 7.42e-05 0.002125 4.014 normal 14.155570385856203

0.304 0.0 0.5216666666666667 7.42e-05 0.0020833333333333333 4.014 normal 16.173380929256464

0.304 0.0 0.5383333333333333 7.42e-05 0.0021666666666666666 4.014 normal 13.359950987589357

0.304 0.0 0.5216666666666667 7.42e-05 0.002625 4.014 normal 12.32411617001051

0.304 0.0 0.5383333333333333 7.42e-05 0.0023333333333333335 4.014 normal 10.328241906434375

0.304 0.0 0.5216666666666667 7.42e-05 0.0026666666666666666 4.014 normal 13.207493893745568

0.304 0.0 0.5383333333333333 7.42e-05 0.0022500000000000003 4.014 normal 11.737176392823983

0.304 0.0 0.5216666666666667 7.42e-05 0.002875 4.014 normal 20.47463250563847

0.304 0.0 0.5383333333333333 7.42e-05 0.002041666666666667 4.014 normal 17.971027525815185

0.304 0.0 0.5216666666666667 7.42e-05 0.0028333333333333335 4.014 normal 19.16301323068698

0.304 0.0 0.5216666666666667 7.42e-05 0.003 4.014 normal 25.352035747204877

0.304 0.0 0.5216666666666667 7.42e-05 0.002916666666666667 4.014 normal 22.08477979056841

0.304 0.0 0.5383333333333333 7.42e-05 0.002 4.014 normal 19.307833096795378

0.304 0.0 0.5383333333333333 7.42e-05 0.0022916666666666667 4.014 normal 11.057053323734738

0.304 0.0 0.5216666666666667 7.42e-05 0.0027083333333333334 4.014 normal 14.62840005128436

0.304 0.0 0.5216666666666667 7.42e-05 0.0027916666666666667 4.014 normal 17.827843212555873

0.304 0.0 0.5216666666666667 7.42e-05 0.00275 4.014 normal 15.942070979818471

0.304 0.0 0.5383333333333333 7.42e-05 0.0020833333333333333 4.014 normal 17.02062535101682

0.304 0.0 0.5383333333333333 7.42e-05 0.0022083333333333334 4.014 normal 12.549321265726723

0.304 0.0 0.5383333333333333 7.42e-05 0.002375 4.014 normal 9.98311632610983

0.304 0.0 0.5216666666666667 7.42e-05 0.002958333333333333 4.014 normal 23.814661707251638

0.304 0.0 0.5383333333333333 7.42e-05 0.002125 4.014 normal 14.956023203008536

0.304 0.0 0.5383333333333333 7.42e-05 0.002416666666666667 4.014 normal 9.882585580222008

0.304 0.0 0.5383333333333333 7.42e-05 0.0027916666666666667 4.014 normal 17.24622206163612

0.304 0.0 0.5549999999999999 7.42e-05 0.002125 4.014 normal 16.389246531358918

0.304 0.0 0.5383333333333333 7.42e-05 0.0025833333333333333 4.014 normal 10.726504872849786

0.304 0.0 0.5549999999999999 7.42e-05 0.002 4.014 normal 20.99063624540204

0.304 0.0 0.5383333333333333 7.42e-05 0.002458333333333333 4.014 normal 9.392935034227058

0.304 0.0 0.5383333333333333 7.42e-05 0.002875 4.014 normal 19.674392965438397

0.304 0.0 0.5383333333333333 7.42e-05 0.002625 4.014 normal 12.042648543612641

0.304 0.0 0.5383333333333333 7.42e-05 0.00275 4.014 normal 15.48363224816178

0.304 0.0 0.5383333333333333 7.42e-05 0.0027083333333333334 4.014 normal 14.234108549758348

0.304 0.0 0.5383333333333333 7.42e-05 0.002958333333333333 4.014 normal 22.83117302958269

0.304 0.0 0.5383333333333333 7.42e-05 0.0026666666666666666 4.014 normal 12.896979929681539

0.304 0.0 0.5383333333333333 7.42e-05 0.002541666666666667 4.014 normal 9.287172002617362

0.304 0.0 0.5549999999999999 7.42e-05 0.002041666666666667 4.014 normal 19.55726979511927

0.304 0.0 0.5549999999999999 7.42e-05 0.0021666666666666666 4.014 normal 14.73365252237403

0.304 0.0 0.5383333333333333 7.42e-05 0.002916666666666667 4.014 normal 21.223447014576866

0.304 0.0 0.5383333333333333 7.42e-05 0.0028333333333333335 4.014 normal 18.460586062029822

0.304 0.0 0.5383333333333333 7.42e-05 0.0025 4.014 normal 8.873395508758707

0.304 0.0 0.5383333333333333 7.42e-05 0.003 4.014 normal 24.276642672279632

0.304 0.0 0.5549999999999999 7.42e-05 0.0020833333333333333 4.014 normal 18.513723526904126

0.304 0.0 0.5549999999999999 7.42e-05 0.003 4.014 normal 23.020359144379007

0.304 0.0 0.5549999999999999 7.42e-05 0.002958333333333333 4.014 normal 21.710181011533088

0.304 0.0 0.5549999999999999 7.42e-05 0.002625 4.014 normal 11.925056841033806

0.304 0.0 0.5549999999999999 7.42e-05 0.002458333333333333 4.014 normal 9.987873162737529

0.304 0.0 0.5549999999999999 7.42e-05 0.002375 4.014 normal 10.795408274778078

0.304 0.0 0.5549999999999999 7.42e-05 0.0022083333333333334 4.014 normal 13.788625751208945

0.304 0.0 0.5549999999999999 7.42e-05 0.002541666666666667 4.014 normal 9.599409835496074

0.304 0.0 0.5549999999999999 7.42e-05 0.002416666666666667 4.014 normal 10.585655349146046

0.304 0.0 0.5549999999999999 7.42e-05 0.00275 4.014 normal 15.120793082253744

0.304 0.0 0.5549999999999999 7.42e-05 0.0025 4.014 normal 9.304833140023316

0.304 0.0 0.5549999999999999 7.42e-05 0.002875 4.014 normal 18.818023542341933

0.304 0.0 0.5549999999999999 7.42e-05 0.0022500000000000003 4.014 normal 12.942567278108607

0.304 0.0 0.5549999999999999 7.42e-05 0.0022916666666666667 4.014 normal 12.077435036117318

0.304 0.0 0.5549999999999999 7.42e-05 0.0028333333333333335 4.014 normal 17.749632784580893

0.304 0.0 0.5549999999999999 7.42e-05 0.0027916666666666667 4.014 normal 16.708967298880882

0.304 0.0 0.5549999999999999 7.42e-05 0.002916666666666667 4.014 normal 20.274503205802763

0.304 0.0 0.5549999999999999 7.42e-05 0.0027083333333333334 4.014 normal 13.96403451990184

0.304 0.0 0.5549999999999999 7.42e-05 0.0023333333333333335 4.014 normal 11.280822382529914

0.304 0.0 0.5549999999999999 7.42e-05 0.0026666666666666666 4.014 normal 12.738575266272436

0.304 0.0 0.5549999999999999 7.42e-05 0.0025833333333333333 4.014 normal 10.808402293638274

0.304 0.0 0.5716666666666667 7.42e-05 0.0020833333333333333 4.014 normal 21.106387739474183

0.304 0.0 0.5716666666666667 7.42e-05 0.002125 4.014 normal 18.9085602986737

0.304 0.0 0.5716666666666667 7.42e-05 0.002041666666666667 4.014 normal 22.27014493626052

0.304 0.0 0.5716666666666667 7.42e-05 0.002 4.014 normal 23.830456157962892

0.304 0.0 0.5716666666666667 7.42e-05 0.0021666666666666666 4.014 normal 17.181827834625903

0.304 0.0 0.5716666666666667 7.42e-05 0.0022916666666666667 4.014 normal 14.074030101754357

0.304 0.0 0.5716666666666667 7.42e-05 0.0022500000000000003 4.014 normal 15.176689980720361

0.304 0.0 0.5716666666666667 7.42e-05 0.0023333333333333335 4.014 normal 13.190312010009201

0.304 0.0 0.5716666666666667 7.42e-05 0.0027083333333333334 4.014 normal 14.297051464476182

0.304 0.0 0.5716666666666667 7.42e-05 0.002416666666666667 4.014 normal 12.172171744053426

0.304 0.0 0.5716666666666667 7.42e-05 0.0026666666666666666 4.014 normal 13.21107811837202

0.304 0.0 0.5716666666666667 7.42e-05 0.002375 4.014 normal 12.523763831855723

0.304 0.0 0.5716666666666667 7.42e-05 0.0027916666666666667 4.014 normal 16.700254467501118

0.304 0.0 0.5716666666666667 7.42e-05 0.0025833333333333333 4.014 normal 11.592066378998197

0.304 0.0 0.5716666666666667 7.42e-05 0.0025 4.014 normal 10.543212319915474

0.304 0.0 0.5716666666666667 7.42e-05 0.00275 4.014 normal 15.335012534895439

0.304 0.0 0.5716666666666667 7.42e-05 0.002625 4.014 normal 12.44908079312023

0.304 0.0 0.5716666666666667 7.42e-05 0.0022083333333333334 4.014 normal 16.06723500702867

0.304 0.0 0.5716666666666667 7.42e-05 0.002541666666666667 4.014 normal 10.682880268723974

0.304 0.0 0.5716666666666667 7.42e-05 0.002458333333333333 4.014 normal 11.435096473943817

0.304 0.0 0.5883333333333334 7.42e-05 0.0020833333333333333 4.014 normal 25.40334078423588

0.304 0.0 0.5716666666666667 7.42e-05 0.002875 4.014 normal 18.394419126838876

0.304 0.0 0.5883333333333334 7.42e-05 0.002541666666666667 4.014 normal 13.16551465475387

0.304 0.0 0.5883333333333334 7.42e-05 0.0021666666666666666 4.014 normal 21.31173028412576

0.304 0.0 0.5716666666666667 7.42e-05 0.0028333333333333335 4.014 normal 17.515727043498174

0.304 0.0 0.5716666666666667 7.42e-05 0.002916666666666667 4.014 normal 19.72774680101498

0.304 0.0 0.5883333333333334 7.42e-05 0.002 4.014 normal 28.42741412482412

0.304 0.0 0.5883333333333334 7.42e-05 0.0022916666666666667 4.014 normal 17.660310410353695

0.304 0.0 0.5883333333333334 7.42e-05 0.002416666666666667 4.014 normal 15.262183034293606

0.304 0.0 0.5883333333333334 7.42e-05 0.002125 4.014 normal 23.12055688430403

0.304 0.0 0.5883333333333334 7.42e-05 0.0025 4.014 normal 13.213539685908588

0.304 0.0 0.5716666666666667 7.42e-05 0.003 4.014 normal 22.078225726054495

0.304 0.0 0.5883333333333334 7.42e-05 0.0025833333333333333 4.014 normal 13.709941281211517

0.304 0.0 0.5883333333333334 7.42e-05 0.002041666666666667 4.014 normal 26.71378985542955

0.304 0.0 0.5883333333333334 7.42e-05 0.002375 4.014 normal 15.785770789051996

0.304 0.0 0.5716666666666667 7.42e-05 0.002958333333333333 4.014 normal 20.944068169326666

0.304 0.0 0.5883333333333334 7.42e-05 0.002458333333333333 4.014 normal 14.357064210723522

0.304 0.0 0.5883333333333334 7.42e-05 0.0023333333333333335 4.014 normal 16.672023980602113

0.304 0.0 0.5883333333333334 7.42e-05 0.0022500000000000003 4.014 normal 19.04987414787892

0.304 0.0 0.5883333333333334 7.42e-05 0.0022083333333333334 4.014 normal 19.99430220714428

0.304 0.0 0.5883333333333334 7.42e-05 0.002875 4.014 normal 19.053191517313692

0.304 0.0 0.605 7.42e-05 0.002 4.014 normal 35.50129731772518

0.304 0.0 0.605 7.42e-05 0.0022083333333333334 4.014 normal 26.299999522860187

0.304 0.0 0.5883333333333334 7.42e-05 0.003 4.014 normal 22.106976563363826

0.304 0.0 0.5883333333333334 7.42e-05 0.002958333333333333 4.014 normal 21.18739652250238

0.304 0.0 0.5883333333333334 7.42e-05 0.0027083333333333334 4.014 normal 15.872115956713237

0.304 0.0 0.5883333333333334 7.42e-05 0.0028333333333333335 4.014 normal 18.40609553298448

0.304 0.0 0.5883333333333334 7.42e-05 0.00275 4.014 normal 16.766284814944473

0.304 0.0 0.605 7.42e-05 0.0020833333333333333 4.014 normal 32.12920914706008

0.304 0.0 0.605 7.42e-05 0.002375 4.014 normal 21.322079166999966

0.304 0.0 0.605 7.42e-05 0.0021666666666666666 4.014 normal 27.849199251214145

0.304 0.0 0.5883333333333334 7.42e-05 0.002625 4.014 normal 14.251019783918164

0.304 0.0 0.5883333333333334 7.42e-05 0.0027916666666666667 4.014 normal 17.863176395393346

0.304 0.0 0.605 7.42e-05 0.0022500000000000003 4.014 normal 25.29176872306504

0.304 0.0 0.605 7.42e-05 0.0023333333333333335 4.014 normal 22.46221614857059

0.304 0.0 0.5883333333333334 7.42e-05 0.0026666666666666666 4.014 normal 14.95153983319253

0.304 0.0 0.5883333333333334 7.42e-05 0.002916666666666667 4.014 normal 20.234794599794444

0.304 0.0 0.605 7.42e-05 0.002041666666666667 4.014 normal 33.607187207642355

0.304 0.0 0.605 7.42e-05 0.002125 4.014 normal 29.74924641602506

0.304 0.0 0.605 7.42e-05 0.0022916666666666667 4.014 normal 23.572764195610063

0.304 0.0 0.605 7.42e-05 0.002416666666666667 4.014 normal 20.599634869195967

0.304 0.0 0.605 7.42e-05 0.0025 4.014 normal 18.067276816736168

0.304 0.0 0.605 7.42e-05 0.0028333333333333335 4.014 normal 21.19955611601392

0.304 0.0 0.605 7.42e-05 0.002625 4.014 normal 18.097185561206544

0.304 0.0 0.605 7.42e-05 0.002875 4.014 normal 21.578267022431582

0.304 0.0 0.605 7.42e-05 0.002541666666666667 4.014 normal 17.80068760081756

0.304 0.0 0.6216666666666666 7.42e-05 0.002041666666666667 4.014 normal 43.83532110924642

0.304 0.0 0.6216666666666666 7.42e-05 0.002 4.014 normal 45.92926863149538

0.304 0.0 0.605 7.42e-05 0.002916666666666667 4.014 normal 22.581192868009232

0.304 0.0 0.605 7.42e-05 0.0026666666666666666 4.014 normal 18.726313876817706

0.304 0.0 0.605 7.42e-05 0.0027083333333333334 4.014 normal 19.457024500729812

0.304 0.0 0.605 7.42e-05 0.003 4.014 normal 23.900214194933305

0.304 0.0 0.6216666666666666 7.42e-05 0.002125 4.014 normal 39.68186882635413

0.304 0.0 0.6216666666666666 7.42e-05 0.0021666666666666666 4.014 normal 37.682453659792486

0.304 0.0 0.6216666666666666 7.42e-05 0.0020833333333333333 4.014 normal 42.16744498552294

0.304 0.0 0.605 7.42e-05 0.00275 4.014 normal 20.185804294137576

0.304 0.0 0.605 7.42e-05 0.002458333333333333 4.014 normal 19.498736650683096

0.304 0.0 0.605 7.42e-05 0.0025833333333333333 4.014 normal 17.921829391193498

0.304 0.0 0.605 7.42e-05 0.0027916666666666667 4.014 normal 20.97343656662173

0.304 0.0 0.605 7.42e-05 0.002958333333333333 4.014 normal 23.229986082775394

0.304 0.0 0.6216666666666666 7.42e-05 0.0022500000000000003 4.014 normal 34.795503019895946

0.304 0.0 0.6216666666666666 7.42e-05 0.0026666666666666666 4.014 normal 25.466220608023246

0.304 0.0 0.6216666666666666 7.42e-05 0.002416666666666667 4.014 normal 29.090529698226483

0.304 0.0 0.6216666666666666 7.42e-05 0.002375 4.014 normal 30.03611562146219

0.304 0.0 0.6216666666666666 7.42e-05 0.0023333333333333335 4.014 normal 31.460977452226242

0.304 0.0 0.6216666666666666 7.42e-05 0.0022916666666666667 4.014 normal 32.70832370408072

0.304 0.0 0.6216666666666666 7.42e-05 0.002875 4.014 normal 26.91940250998485

0.304 0.0 0.6216666666666666 7.42e-05 0.002458333333333333 4.014 normal 27.77134425622562

0.304 0.0 0.6216666666666666 7.42e-05 0.0027916666666666667 4.014 normal 26.970867256479995

0.304 0.0 0.6216666666666666 7.42e-05 0.0025 4.014 normal 26.018406146239343

0.304 0.0 0.6216666666666666 7.42e-05 0.0022083333333333334 4.014 normal 35.87498047950026

0.304 0.0 0.6216666666666666 7.42e-05 0.002958333333333333 4.014 normal 28.028859163229473

0.304 0.0 0.6216666666666666 7.42e-05 0.0027083333333333334 4.014 normal 25.986552124938832

0.304 0.0 0.6216666666666666 7.42e-05 0.0025833333333333333 4.014 normal 25.15306940140369

0.304 0.0 0.6216666666666666 7.42e-05 0.002916666666666667 4.014 normal 27.719074285964957

0.304 0.0 0.6216666666666666 7.42e-05 0.0028333333333333335 4.014 normal 26.842735389715163

0.304 0.0 0.6216666666666666 7.42e-05 0.00275 4.014 normal 26.529153391408133

0.304 0.0 0.6216666666666666 7.42e-05 0.002625 4.014 normal 24.918087876949304

0.304 0.0 0.6216666666666666 7.42e-05 0.003 4.014 normal 28.41799792393605

0.304 0.0 0.6216666666666666 7.42e-05 0.002541666666666667 4.014 normal 25.506412022549526

0.304 0.0 0.6383333333333333 7.42e-05 0.0022500000000000003 4.014 normal 48.59538128608311

0.304 0.0 0.6383333333333333 7.42e-05 0.002041666666666667 4.014 normal 58.42055901490501

0.304 0.0 0.6383333333333333 7.42e-05 0.0022083333333333334 4.014 normal 49.7535117448435

0.304 0.0 0.6383333333333333 7.42e-05 0.002416666666666667 4.014 normal 41.78520030270562

0.304 0.0 0.6383333333333333 7.42e-05 0.0020833333333333333 4.014 normal 56.54434353287152

0.304 0.0 0.6383333333333333 7.42e-05 0.0027916666666666667 4.014 normal 36.94635632950246

0.304 0.0 0.6383333333333333 7.42e-05 0.00275 4.014 normal 36.88182625558627

0.304 0.0 0.6383333333333333 7.42e-05 0.002125 4.014 normal 53.947233665801924

0.304 0.0 0.6383333333333333 7.42e-05 0.0022916666666666667 4.014 normal 46.108537234272724

0.304 0.0 0.6383333333333333 7.42e-05 0.002625 4.014 normal 35.79263816735511

0.304 0.0 0.6383333333333333 7.42e-05 0.002541666666666667 4.014 normal 37.346774334755864

0.304 0.0 0.6383333333333333 7.42e-05 0.002 4.014 normal 60.73307997540214

0.304 0.0 0.6383333333333333 7.42e-05 0.002458333333333333 4.014 normal 40.2304953699112

0.304 0.0 0.6383333333333333 7.42e-05 0.0021666666666666666 4.014 normal 51.84074659308783

0.304 0.0 0.6383333333333333 7.42e-05 0.0023333333333333335 4.014 normal 44.711082164384464

0.304 0.0 0.6383333333333333 7.42e-05 0.0026666666666666666 4.014 normal 36.251196842314194

0.304 0.0 0.6383333333333333 7.42e-05 0.0025833333333333333 4.014 normal 36.47720777614381

0.304 0.0 0.6383333333333333 7.42e-05 0.0025 4.014 normal 38.12810471585403

0.304 0.0 0.6383333333333333 7.42e-05 0.002375 4.014 normal 42.97651557666712

0.304 0.0 0.6383333333333333 7.42e-05 0.0027083333333333334 4.014 normal 36.54410578974591

0.304 0.0 0.6383333333333333 7.42e-05 0.002958333333333333 4.014 normal 36.69384561930537

0.304 0.0 0.6383333333333333 7.42e-05 0.002875 4.014 normal 36.17863571222694

0.304 0.0 0.6383333333333333 7.42e-05 0.0028333333333333335 4.014 normal 36.43169845263658

0.304 0.0 0.655 7.42e-05 0.002 4.014 normal 80.92115643655383

0.304 0.0 0.655 7.42e-05 0.002458333333333333 4.014 normal 57.929520272103524

0.304 0.0 0.655 7.42e-05 0.002041666666666667 4.014 normal 78.37406411822244

0.304 0.0 0.6383333333333333 7.42e-05 0.003 4.014 normal 36.77459889404662

0.304 0.0 0.655 7.42e-05 0.0020833333333333333 4.014 normal 76.28320647370042

0.304 0.0 0.655 7.42e-05 0.002375 4.014 normal 61.18943311846153

0.304 0.0 0.655 7.42e-05 0.0025833333333333333 4.014 normal 52.96951099483293

0.304 0.0 0.655 7.42e-05 0.002125 4.014 normal 73.56605412483464

0.304 0.0 0.655 7.42e-05 0.0021666666666666666 4.014 normal 71.3482407929057

0.304 0.0 0.655 7.42e-05 0.002416666666666667 4.014 normal 59.74092367581809

0.304 0.0 0.655 7.42e-05 0.002541666666666667 4.014 normal 54.39215075333785

0.304 0.0 0.6383333333333333 7.42e-05 0.002916666666666667 4.014 normal 36.751986200648425

0.304 0.0 0.655 7.42e-05 0.0025 4.014 normal 55.459752394753785

0.304 0.0 0.655 7.42e-05 0.0022500000000000003 4.014 normal 67.72310962202066

0.304 0.0 0.655 7.42e-05 0.0023333333333333335 4.014 normal 63.254663260294215

0.304 0.0 0.655 7.42e-05 0.0022916666666666667 4.014 normal 64.81282896765343

0.304 0.0 0.655 7.42e-05 0.0022083333333333334 4.014 normal 68.9652371513737

0.304 0.0 0.655 7.42e-05 0.002625 4.014 normal 51.80944850692982

0.304 0.0 0.655 7.42e-05 0.00275 4.014 normal 52.34027336619586

0.304 0.0 0.6716666666666666 7.42e-05 0.0022500000000000003 4.014 normal 93.52307537519812

0.304 0.0 0.655 7.42e-05 0.002875 4.014 normal 50.4699138201208

0.304 0.0 0.6716666666666666 7.42e-05 0.0022916666666666667 4.014 normal 90.16912079135993

0.304 0.0 0.655 7.42e-05 0.0027083333333333334 4.014 normal 52.22041215917071

0.304 0.0 0.6716666666666666 7.42e-05 0.002 4.014 normal 107.81723331575627

0.304 0.0 0.655 7.42e-05 0.0026666666666666666 4.014 normal 52.17130932353448

0.304 0.0 0.655 7.42e-05 0.0028333333333333335 4.014 normal 51.0761366916549

0.304 0.0 0.655 7.42e-05 0.002916666666666667 4.014 normal 50.802043603288126

0.304 0.0 0.6716666666666666 7.42e-05 0.002041666666666667 4.014 normal 105.03286976593144

0.304 0.0 0.655 7.42e-05 0.003 4.014 normal 50.100401502043546

0.304 0.0 0.6716666666666666 7.42e-05 0.0021666666666666666 4.014 normal 97.54267604846794

0.304 0.0 0.6716666666666666 7.42e-05 0.002125 4.014 normal 99.8744072325171

0.304 0.0 0.655 7.42e-05 0.002958333333333333 4.014 normal 50.34975374987681

0.304 0.0 0.6716666666666666 7.42e-05 0.0022083333333333334 4.014 normal 94.85056951695736

0.304 0.0 0.655 7.42e-05 0.0027916666666666667 4.014 normal 52.00316449460291

0.304 0.0 0.6716666666666666 7.42e-05 0.0020833333333333333 4.014 normal 102.71243567183953

0.304 0.0 0.6716666666666666 7.42e-05 0.0023333333333333335 4.014 normal 88.44598767910132

0.304 0.0 0.6716666666666666 7.42e-05 0.002375 4.014 normal 86.03404349479848

0.304 0.0 0.6716666666666666 7.42e-05 0.002416666666666667 4.014 normal 84.315026667604

0.304 0.0 0.6716666666666666 7.42e-05 0.00275 4.014 normal 74.30501895776102

0.304 0.0 0.6716666666666666 7.42e-05 0.002625 4.014 normal 74.36024259883376

0.304 0.0 0.6716666666666666 7.42e-05 0.0025 4.014 normal 79.3830344835653

0.304 0.0 0.6716666666666666 7.42e-05 0.002541666666666667 4.014 normal 78.01993983669806

0.304 0.0 0.6716666666666666 7.42e-05 0.002458333333333333 4.014 normal 82.24113906943498

0.304 0.0 0.6883333333333332 7.42e-05 0.0020833333333333333 4.014 normal 137.14025625386424

0.304 0.0 0.6716666666666666 7.42e-05 0.002875 4.014 normal 71.21385292085866

0.304 0.0 0.6716666666666666 7.42e-05 0.003 4.014 normal 69.82929538508483

0.304 0.0 0.6883333333333332 7.42e-05 0.002 4.014 normal 142.72008684961312

0.304 0.0 0.6883333333333332 7.42e-05 0.002125 4.014 normal 134.17995783683108

0.304 0.0 0.6883333333333332 7.42e-05 0.002041666666666667 4.014 normal 139.69127411611225

0.304 0.0 0.6716666666666666 7.42e-05 0.0025833333333333333 4.014 normal 76.02078059824709

0.304 0.0 0.6716666666666666 7.42e-05 0.0027916666666666667 4.014 normal 73.54692516169723

0.304 0.0 0.6716666666666666 7.42e-05 0.0027083333333333334 4.014 normal 74.41505632606349

0.304 0.0 0.6716666666666666 7.42e-05 0.0026666666666666666 4.014 normal 74.62006195448028

0.304 0.0 0.6716666666666666 7.42e-05 0.002958333333333333 4.014 normal 70.42637399784137

0.304 0.0 0.6883333333333332 7.42e-05 0.0021666666666666666 4.014 normal 131.73335630790763

0.304 0.0 0.6716666666666666 7.42e-05 0.0028333333333333335 4.014 normal 72.19071994002901

0.304 0.0 0.6716666666666666 7.42e-05 0.002916666666666667 4.014 normal 71.28914874555497

0.304 0.0 0.6883333333333332 7.42e-05 0.002541666666666667 4.014 normal 109.58902045361336

0.304 0.0 0.6883333333333332 7.42e-05 0.0022916666666666667 4.014 normal 123.50706308059291

0.304 0.0 0.6883333333333332 7.42e-05 0.002416666666666667 4.014 normal 116.85201480793643

0.304 0.0 0.6883333333333332 7.42e-05 0.0026666666666666666 4.014 normal 104.97970383450908

0.304 0.0 0.6883333333333332 7.42e-05 0.0025833333333333333 4.014 normal 106.99889733088875

0.304 0.0 0.6883333333333332 7.42e-05 0.0022083333333333334 4.014 normal 128.72723561050347

0.304 0.0 0.6883333333333332 7.42e-05 0.002458333333333333 4.014 normal 114.50720666718092

0.304 0.0 0.6883333333333332 7.42e-05 0.0023333333333333335 4.014 normal 121.61236091383225

0.304 0.0 0.6883333333333332 7.42e-05 0.0027916666666666667 4.014 normal 102.97568045213853

0.304 0.0 0.6883333333333332 7.42e-05 0.002958333333333333 4.014 normal 98.34558945871008

0.304 0.0 0.6883333333333332 7.42e-05 0.00275 4.014 normal 104.16571920720247

0.304 0.0 0.6883333333333332 7.42e-05 0.002875 4.014 normal 99.82161561473701

0.304 0.0 0.6883333333333332 7.42e-05 0.002375 4.014 normal 118.84671229392028

0.304 0.0 0.6883333333333332 7.42e-05 0.002625 4.014 normal 104.82746583161956

0.304 0.0 0.6883333333333332 7.42e-05 0.003 4.014 normal 97.39018583787

0.304 0.0 0.6883333333333332 7.42e-05 0.0022500000000000003 4.014 normal 127.31092373494457

0.304 0.0 0.6883333333333332 7.42e-05 0.0028333333333333335 4.014 normal 101.17847775846334

0.304 0.0 0.6883333333333332 7.42e-05 0.0027083333333333334 4.014 normal 104.51283402186658

0.304 0.0 0.6883333333333332 7.42e-05 0.0025 4.014 normal 111.25684705919858

0.304 0.0 0.6883333333333332 7.42e-05 0.002916666666666667 4.014 normal 99.6302089658295

0.304 0.0 0.705 7.42e-05 0.0022083333333333334 4.014 normal 171.98737315583992

0.304 0.0 0.705 7.42e-05 0.0027916666666666667 4.014 normal 141.76794124017462

0.304 0.0 0.705 7.42e-05 0.002125 4.014 normal 177.86670015511115

0.304 0.0 0.705 7.42e-05 0.0022500000000000003 4.014 normal 170.48142601685262

0.304 0.0 0.705 7.42e-05 0.002 4.014 normal 186.99796668325874

0.304 0.0 0.705 7.42e-05 0.002625 4.014 normal 144.67357835259187

0.304 0.0 0.705 7.42e-05 0.0021666666666666666 4.014 normal 175.30594334430776

0.304 0.0 0.705 7.42e-05 0.0020833333333333333 4.014 normal 180.94652291910907

0.304 0.0 0.705 7.42e-05 0.0027083333333333334 4.014 normal 143.9825403934364

0.304 0.0 0.705 7.42e-05 0.002416666666666667 4.014 normal 158.7725113228365

0.304 0.0 0.705 7.42e-05 0.002041666666666667 4.014 normal 183.72434345120945

0.304 0.0 0.705 7.42e-05 0.002375 4.014 normal 161.04187487931122

0.304 0.0 0.705 7.42e-05 0.0022916666666666667 4.014 normal 166.23172361483287

0.304 0.0 0.705 7.42e-05 0.0023333333333333335 4.014 normal 164.16124698909644

0.304 0.0 0.705 7.42e-05 0.0025 4.014 normal 152.5159455474399

0.304 0.0 0.705 7.42e-05 0.0025833333333333333 4.014 normal 147.35556969502085

0.304 0.0 0.705 7.42e-05 0.00275 4.014 normal 143.3934386840938

0.304 0.0 0.705 7.42e-05 0.002458333333333333 4.014 normal 156.15312474639865

0.304 0.0 0.705 7.42e-05 0.002541666666666667 4.014 normal 150.5376893986629

0.304 0.0 0.705 7.42e-05 0.0026666666666666666 4.014 normal 144.71171759060314

0.304 0.0 0.705 7.42e-05 0.002958333333333333 4.014 normal 135.615316039284

0.304 0.0 0.705 7.42e-05 0.002916666666666667 4.014 normal 137.32426342075746

0.304 0.0 0.705 7.42e-05 0.003 4.014 normal 134.2961904816403

0.304 0.0 0.705 7.42e-05 0.002875 4.014 normal 137.7886221876315

0.304 0.0 0.705 7.42e-05 0.0028333333333333335 4.014 normal 139.52811428217154

0.304 0.004210526315789474 0.305 7.42e-05 0.0020833333333333333 4.014 normal 125.62781591468463

0.304 0.004210526315789474 0.305 7.42e-05 0.002 4.014 normal 131.18019359141294

0.304 0.004210526315789474 0.305 7.42e-05 0.0021666666666666666 4.014 normal 120.87441556535016

0.304 0.004210526315789474 0.305 7.42e-05 0.002375 4.014 normal 108.83366416118152

0.304 0.004210526315789474 0.305 7.42e-05 0.002125 4.014 normal 122.90763013603949

0.304 0.004210526315789474 0.305 7.42e-05 0.0022083333333333334 4.014 normal 118.09808065781922

0.304 0.004210526315789474 0.305 7.42e-05 0.0025 4.014 normal 101.9434903375044

0.304 0.004210526315789474 0.305 7.42e-05 0.002416666666666667 4.014 normal 107.06245644798136

0.304 0.004210526315789474 0.305 7.42e-05 0.00275 4.014 normal 95.9042478549282

0.304 0.004210526315789474 0.305 7.42e-05 0.0026666666666666666 4.014 normal 96.33475814686444

0.304 0.004210526315789474 0.305 7.42e-05 0.002625 4.014 normal 96.03345152408315

0.304 0.004210526315789474 0.305 7.42e-05 0.002458333333333333 4.014 normal 104.80054172382104

0.304 0.004210526315789474 0.305 7.42e-05 0.002041666666666667 4.014 normal 128.35623645049458

0.304 0.004210526315789474 0.305 7.42e-05 0.0025833333333333333 4.014 normal 98.01769264147845

0.304 0.004210526315789474 0.305 7.42e-05 0.002541666666666667 4.014 normal 100.3488581540305

0.304 0.004210526315789474 0.305 7.42e-05 0.0027083333333333334 4.014 normal 96.10915477561507

0.304 0.004210526315789474 0.305 7.42e-05 0.0023333333333333335 4.014 normal 111.3910312822444

0.304 0.004210526315789474 0.305 7.42e-05 0.0022500000000000003 4.014 normal 116.7924374777515

0.304 0.004210526315789474 0.305 7.42e-05 0.0022916666666666667 4.014 normal 113.17234039240718

0.304 0.004210526315789474 0.305 7.42e-05 0.0027916666666666667 4.014 normal 95.07250040225105

0.304 0.004210526315789474 0.305 7.42e-05 0.002875 4.014 normal 92.14373518582973

0.304 0.004210526315789474 0.32166666666666666 7.42e-05 0.0023333333333333335 4.014 normal 79.4536611325159

0.304 0.004210526315789474 0.32166666666666666 7.42e-05 0.002375 4.014 normal 77.22823986717354

0.304 0.004210526315789474 0.305 7.42e-05 0.003 4.014 normal 90.05754738496884

0.304 0.004210526315789474 0.32166666666666666 7.42e-05 0.002 4.014 normal 97.6586444135721

0.304 0.004210526315789474 0.305 7.42e-05 0.002916666666666667 4.014 normal 91.89449056538527

0.304 0.004210526315789474 0.32166666666666666 7.42e-05 0.002041666666666667 4.014 normal 95.05456975340958

0.304 0.004210526315789474 0.32166666666666666 7.42e-05 0.0021666666666666666 4.014 normal 87.99383415824796

0.304 0.004210526315789474 0.32166666666666666 7.42e-05 0.0020833333333333333 4.014 normal 92.54656594794297

0.304 0.004210526315789474 0.305 7.42e-05 0.0028333333333333335 4.014 normal 93.43632343347505

0.304 0.004210526315789474 0.305 7.42e-05 0.002958333333333333 4.014 normal 90.92335742942167

0.304 0.004210526315789474 0.32166666666666666 7.42e-05 0.002458333333333333 4.014 normal 73.72220055463914

0.304 0.004210526315789474 0.32166666666666666 7.42e-05 0.002416666666666667 4.014 normal 75.70720224848371

0.304 0.004210526315789474 0.32166666666666666 7.42e-05 0.002125 4.014 normal 89.91548546816205

0.304 0.004210526315789474 0.32166666666666666 7.42e-05 0.0025 4.014 normal 71.2309543142205

0.304 0.004210526315789474 0.32166666666666666 7.42e-05 0.0022916666666666667 4.014 normal 81.07674824428608

0.304 0.004210526315789474 0.32166666666666666 7.42e-05 0.0022083333333333334 4.014 normal 85.50356570873606

0.304 0.004210526315789474 0.32166666666666666 7.42e-05 0.002541666666666667 4.014 normal 69.9327950044041

0.304 0.004210526315789474 0.32166666666666666 7.42e-05 0.0022500000000000003 4.014 normal 84.26080537079663

0.304 0.004210526315789474 0.3383333333333333 7.42e-05 0.002 4.014 normal 71.97227579898954

0.304 0.004210526315789474 0.32166666666666666 7.42e-05 0.0025833333333333333 4.014 normal 68.15720032513184

0.304 0.004210526315789474 0.3383333333333333 7.42e-05 0.0022083333333333334 4.014 normal 60.719286084993854

0.304 0.004210526315789474 0.3383333333333333 7.42e-05 0.0022500000000000003 4.014 normal 59.54408777906997

0.304 0.004210526315789474 0.3383333333333333 7.42e-05 0.002125 4.014 normal 64.7579666487537

0.304 0.004210526315789474 0.3383333333333333 7.42e-05 0.0020833333333333333 4.014 normal 67.28692980635886

0.304 0.004210526315789474 0.32166666666666666 7.42e-05 0.002916666666666667 4.014 normal 64.56744668720549

0.304 0.004210526315789474 0.32166666666666666 7.42e-05 0.0026666666666666666 4.014 normal 67.05656022020922

0.304 0.004210526315789474 0.3383333333333333 7.42e-05 0.002041666666666667 4.014 normal 69.56825126920738

0.304 0.004210526315789474 0.32166666666666666 7.42e-05 0.00275 4.014 normal 67.09829386866703

0.304 0.004210526315789474 0.32166666666666666 7.42e-05 0.002958333333333333 4.014 normal 64.00714540915904

0.304 0.004210526315789474 0.3383333333333333 7.42e-05 0.0023333333333333335 4.014 normal 55.321622860149

0.304 0.004210526315789474 0.32166666666666666 7.42e-05 0.0027083333333333334 4.014 normal 67.0867841324798

0.304 0.004210526315789474 0.32166666666666666 7.42e-05 0.0027916666666666667 4.014 normal 66.67414881018257

0.304 0.004210526315789474 0.32166666666666666 7.42e-05 0.002875 4.014 normal 64.55470246061132

0.304 0.004210526315789474 0.32166666666666666 7.42e-05 0.002625 4.014 normal 66.6590939313976

0.304 0.004210526315789474 0.3383333333333333 7.42e-05 0.0022916666666666667 4.014 normal 56.78181918035006

0.304 0.004210526315789474 0.3383333333333333 7.42e-05 0.0021666666666666666 4.014 normal 62.91503909207668

0.304 0.004210526315789474 0.32166666666666666 7.42e-05 0.0028333333333333335 4.014 normal 65.46478814966287

0.304 0.004210526315789474 0.32166666666666666 7.42e-05 0.003 4.014 normal 63.5025263795268

