Sin2Theta12 Sin2Theta13 Sin2Theta23 Dm221 Dm231 dCP Ordering X2
0.304 0 0.305 7.42E-05 0.002105263157895 0 normal 276.990230968484
0.304 0 0.305 7.42E-05 0.002210526315789 0 normal 226.077127440313
0.304 0 0.305 7.42E-05 0.002157894736842 0 normal 249.364502507374
0.304 0 0.305 7.42E-05 0.002315789473684 0 normal 193.28026285906
0.304 0 0.305 7.42E-05 0.002 0 normal 342.208188493098
0.304 0 0.305 7.42E-05 0.002368421052632 0 normal 181.874792809371
0.304 0 0.305 7.42E-05 0.002052631578947 0 normal 307.783107524656
0.304 0 0.305 7.42E-05 0.002263157894737 0 normal 207.412128229807
0.304 0 0.305 7.42E-05 0.002421052631579 0 normal 171.032944675752
0.304 0 0.305 7.42E-05 0.002736842105263 0 normal 209.297218417481
0.304 0 0.305 7.42E-05 0.002473684210526 0 normal 162.277920066685
0.304 0 0.305 7.42E-05 0.002631578947368 0 normal 173.783945683822
0.304 0 0.305 7.42E-05 0.002578947368421 0 normal 162.868206013351
0.304 0 0.305 7.42E-05 0.002789473684211 0 normal 227.926138513008
0.304 0 0.305 7.42E-05 0.002526315789474 0 normal 158.829351009231
0.304 0 0.305 7.42E-05 0.002684210526316 0 normal 190.912155336324
0.304 0 0.305 7.42E-05 0.003 0 normal 306.79800096265
0.304 0 0.326052631578947 7.42E-05 0.002157894736842 0 normal 193.879916847625
0.304 0 0.305 7.42E-05 0.002842105263158 0 normal 244.579097321975
0.304 0 0.326052631578947 7.42E-05 0.002 0 normal 290.505017508401
0.304 0 0.305 7.42E-05 0.002947368421053 0 normal 283.051600092216
0.304 0 0.326052631578947 7.42E-05 0.002105263157895 0 normal 222.373355062978
0.304 0 0.305 7.42E-05 0.002894736842105 0 normal 262.33711005446
0.304 0 0.326052631578947 7.42E-05 0.002052631578947 0 normal 254.43429689065
0.304 0 0.326052631578947 7.42E-05 0.002315789473684 0 normal 135.072842444637
0.304 0 0.326052631578947 7.42E-05 0.002526315789474 0 normal 99.457298883182
0.304 0 0.326052631578947 7.42E-05 0.002263157894737 0 normal 150.37964608248
0.304 0 0.326052631578947 7.42E-05 0.002578947368421 0 normal 104.297838869887
0.304 0 0.326052631578947 7.42E-05 0.002210526315789 0 normal 169.988214607612
0.304 0 0.326052631578947 7.42E-05 0.002473684210526 0 normal 102.283051910723
0.304 0 0.326052631578947 7.42E-05 0.002368421052632 0 normal 122.468911210362
0.304 0 0.326052631578947 7.42E-05 0.002421052631579 0 normal 110.985611356195
0.304 0 0.326052631578947 7.42E-05 0.002947368421053 0 normal 231.021760615383
0.304 0 0.326052631578947 7.42E-05 0.003 0 normal 254.092720835483
0.304 0 0.326052631578947 7.42E-05 0.002842105263158 0 normal 190.125477329589
0.304 0 0.326052631578947 7.42E-05 0.002631578947368 0 normal 115.885686092709
0.304 0 0.326052631578947 7.42E-05 0.002789473684211 0 normal 172.178739966468
0.304 0 0.326052631578947 7.42E-05 0.002684210526316 0 normal 133.381527771697
0.304 0 0.326052631578947 7.42E-05 0.002894736842105 0 normal 208.990378383269
0.304 0 0.326052631578947 7.42E-05 0.002736842105263 0 normal 152.450460549717
0.304 0 0.347105263157895 7.42E-05 0.002 0 normal 257.637462631893
0.304 0 0.347105263157895 7.42E-05 0.002105263157895 0 normal 186.892100384966
0.304 0 0.347105263157895 7.42E-05 0.002263157894737 0 normal 112.775453614693
0.304 0 0.347105263157895 7.42E-05 0.002315789473684 0 normal 96.3645449210319
0.304 0 0.347105263157895 7.42E-05 0.002368421052632 0 normal 82.6247805535975
0.304 0 0.347105263157895 7.42E-05 0.002210526315789 0 normal 133.240907498621
0.304 0 0.347105263157895 7.42E-05 0.002157894736842 0 normal 157.646154845665
0.304 0 0.347105263157895 7.42E-05 0.002052631578947 0 normal 220.081815767802
0.304 0 0.347105263157895 7.42E-05 0.002473684210526 0 normal 61.9249733076865
0.304 0 0.347105263157895 7.42E-05 0.002736842105263 0 normal 114.982532690224
0.304 0 0.347105263157895 7.42E-05 0.002421052631579 0 normal 70.5506666424084
0.304 0 0.347105263157895 7.42E-05 0.002578947368421 0 normal 65.3249881829823
0.304 0 0.347105263157895 7.42E-05 0.002526315789474 0 normal 59.716887595279
0.304 0 0.347105263157895 7.42E-05 0.002684210526316 0 normal 95.3156578471196
0.304 0 0.347105263157895 7.42E-05 0.002631578947368 0 normal 77.5281526753554
0.304 0 0.347105263157895 7.42E-05 0.002789473684211 0 normal 135.712394545967
0.304 0 0.347105263157895 7.42E-05 0.003 0 normal 220.455855436654
0.304 0 0.347105263157895 7.42E-05 0.002842105263158 0 normal 155.345221460717
0.304 0 0.347105263157895 7.42E-05 0.002894736842105 0 normal 175.127128774074
0.304 0 0.347105263157895 7.42E-05 0.002947368421053 0 normal 197.026071117416
0.304 0 0.368157894736842 7.42E-05 0.002 0 normal 239.287427214814
0.304 0 0.368157894736842 7.42E-05 0.002105263157895 0 normal 166.23622527328
0.304 0 0.368157894736842 7.42E-05 0.002052631578947 0 normal 200.416636679003
0.304 0 0.368157894736842 7.42E-05 0.002157894736842 0 normal 136.344447341349
0.304 0 0.368157894736842 7.42E-05 0.002368421052632 0 normal 58.0582281993493
0.304 0 0.368157894736842 7.42E-05 0.002473684210526 0 normal 36.9118803012545
0.304 0 0.368157894736842 7.42E-05 0.002578947368421 0 normal 41.6137753757095
0.304 0 0.368157894736842 7.42E-05 0.002421052631579 0 normal 45.4494754192577
0.304 0 0.368157894736842 7.42E-05 0.002526315789474 0 normal 35.2925726958762
0.304 0 0.368157894736842 7.42E-05 0.002210526315789 0 normal 111.505984786309
0.304 0 0.368157894736842 7.42E-05 0.002263157894737 0 normal 90.277567023241
0.304 0 0.368157894736842 7.42E-05 0.002315789473684 0 normal 72.8494686338354
0.304 0 0.368157894736842 7.42E-05 0.002947368421053 0 normal 177.790305196877
0.304 0 0.368157894736842 7.42E-05 0.002894736842105 0 normal 155.364484954651
0.304 0 0.368157894736842 7.42E-05 0.002789473684211 0 normal 114.464721914289
0.304 0 0.368157894736842 7.42E-05 0.003 0 normal 201.498396990063
0.304 0 0.368157894736842 7.42E-05 0.002842105263158 0 normal 134.635767461665
0.304 0 0.368157894736842 7.42E-05 0.002684210526316 0 normal 72.377831621986
0.304 0 0.368157894736842 7.42E-05 0.002631578947368 0 normal 54.3646681440204
0.304 0 0.368157894736842 7.42E-05 0.002736842105263 0 normal 92.5566942642921
0.304 0 0.389210526315789 7.42E-05 0.002 0 normal 231.474468415335
0.304 0 0.389210526315789 7.42E-05 0.002052631578947 0 normal 191.460490623414
0.304 0 0.389210526315789 7.42E-05 0.002105263157895 0 normal 156.427311257353
0.304 0 0.389210526315789 7.42E-05 0.002315789473684 0 normal 60.5400577591225
0.304 0 0.389210526315789 7.42E-05 0.002368421052632 0 normal 44.8010274157513
0.304 0 0.389210526315789 7.42E-05 0.002157894736842 0 normal 125.990152357204
0.304 0 0.389210526315789 7.42E-05 0.002210526315789 0 normal 100.782774224673
0.304 0 0.389210526315789 7.42E-05 0.002263157894737 0 normal 78.8848050641749
0.304 0 0.389210526315789 7.42E-05 0.002789473684211 0 normal 103.623563958371
0.304 0 0.389210526315789 7.42E-05 0.002736842105263 0 normal 81.3094811714467
0.304 0 0.389210526315789 7.42E-05 0.002684210526316 0 normal 60.5386631896256
0.304 0 0.389210526315789 7.42E-05 0.002421052631579 0 normal 31.721405074996
0.304 0 0.389210526315789 7.42E-05 0.002578947368421 0 normal 29.1389946521068
0.304 0 0.389210526315789 7.42E-05 0.002473684210526 0 normal 23.2701647730312
0.304 0 0.389210526315789 7.42E-05 0.002526315789474 0 normal 22.1841711510111
0.304 0 0.389210526315789 7.42E-05 0.002631578947368 0 normal 42.3592270810197
0.304 0 0.389210526315789 7.42E-05 0.002894736842105 0 normal 146.366786762461
0.304 0 0.389210526315789 7.42E-05 0.003 0 normal 193.120508255153
0.304 0 0.389210526315789 7.42E-05 0.002947368421053 0 normal 169.212665882501
0.304 0 0.389210526315789 7.42E-05 0.002842105263158 0 normal 124.80677900385
0.304 0 0.410263157894737 7.42E-05 0.002105263157895 0 normal 153.888872607445
0.304 0 0.410263157894737 7.42E-05 0.002157894736842 0 normal 122.996607958166
0.304 0 0.410263157894737 7.42E-05 0.002 0 normal 230.619975385526
0.304 0 0.410263157894737 7.42E-05 0.002052631578947 0 normal 189.64394340488
0.304 0 0.410263157894737 7.42E-05 0.002578947368421 0 normal 24.3608236376759
0.304 0 0.410263157894737 7.42E-05 0.002263157894737 0 normal 75.0165122043133
0.304 0 0.410263157894737 7.42E-05 0.002473684210526 0 normal 17.417457376917
0.304 0 0.410263157894737 7.42E-05 0.002526315789474 0 normal 16.7918896040597
0.304 0 0.410263157894737 7.42E-05 0.002421052631579 0 normal 25.8009573334297
0.304 0 0.410263157894737 7.42E-05 0.002315789473684 0 normal 55.8669088735892
0.304 0 0.410263157894737 7.42E-05 0.002368421052632 0 normal 39.2941123508705
0.304 0 0.410263157894737 7.42E-05 0.002210526315789 0 normal 97.4790910194094
0.304 0 0.410263157894737 7.42E-05 0.002684210526316 0 normal 56.1822247399617
0.304 0 0.410263157894737 7.42E-05 0.003 0 normal 191.674479507407
0.304 0 0.410263157894737 7.42E-05 0.002894736842105 0 normal 144.386458734123
0.304 0 0.410263157894737 7.42E-05 0.002842105263158 0 normal 122.139416253415
0.304 0 0.410263157894737 7.42E-05 0.002736842105263 0 normal 77.1249527951967
0.304 0 0.410263157894737 7.42E-05 0.002947368421053 0 normal 167.606345537287
0.304 0 0.410263157894737 7.42E-05 0.002789473684211 0 normal 100.151653000255
0.304 0 0.410263157894737 7.42E-05 0.002631578947368 0 normal 37.9005113300063
0.304 0 0.431315789473684 7.42E-05 0.002105263157895 0 normal 156.908749883095
0.304 0 0.431315789473684 7.42E-05 0.002315789473684 0 normal 55.8938944238435
0.304 0 0.431315789473684 7.42E-05 0.002368421052632 0 normal 38.5197342689499
0.304 0 0.431315789473684 7.42E-05 0.002263157894737 0 normal 75.5507941979951
0.304 0 0.431315789473684 7.42E-05 0.002210526315789 0 normal 98.4757502372018
0.304 0 0.431315789473684 7.42E-05 0.002052631578947 0 normal 191.862147592496
0.304 0 0.431315789473684 7.42E-05 0.002157894736842 0 normal 124.255347399037
0.304 0 0.431315789473684 7.42E-05 0.002 0 normal 233.623930948761
0.304 0 0.431315789473684 7.42E-05 0.002736842105263 0 normal 77.3817764889229
0.304 0 0.431315789473684 7.42E-05 0.002631578947368 0 normal 37.8643147710991
0.304 0 0.431315789473684 7.42E-05 0.002421052631579 0 normal 24.6289531595717
0.304 0 0.431315789473684 7.42E-05 0.002684210526316 0 normal 56.2102274372595
0.304 0 0.431315789473684 7.42E-05 0.002789473684211 0 normal 100.888396089681
0.304 0 0.431315789473684 7.42E-05 0.002473684210526 0 normal 16.2826736760671
0.304 0 0.431315789473684 7.42E-05 0.002526315789474 0 normal 16.0194093613361
0.304 0 0.431315789473684 7.42E-05 0.002578947368421 0 normal 23.9423487825193
0.304 0 0.431315789473684 7.42E-05 0.003 0 normal 194.022870368616
0.304 0 0.452368421052632 7.42E-05 0.002105263157895 0 normal 159.104209720812
0.304 0 0.452368421052632 7.42E-05 0.002052631578947 0 normal 196.128889163173
0.304 0 0.431315789473684 7.42E-05 0.002947368421053 0 normal 169.851485555451
0.304 0 0.431315789473684 7.42E-05 0.002894736842105 0 normal 146.357285270225
0.304 0 0.452368421052632 7.42E-05 0.002157894736842 0 normal 127.396650884969
0.304 0 0.431315789473684 7.42E-05 0.002842105263158 0 normal 123.550590116523
0.304 0 0.452368421052632 7.42E-05 0.002 0 normal 238.730148599414
0.304 0 0.452368421052632 7.42E-05 0.002263157894737 0 normal 77.9865767271212
0.304 0 0.452368421052632 7.42E-05 0.002315789473684 0 normal 57.647593785237
0.304 0 0.452368421052632 7.42E-05 0.002210526315789 0 normal 101.283672180791
0.304 0 0.452368421052632 7.42E-05 0.002578947368421 0 normal 25.6044726676217
0.304 0 0.452368421052632 7.42E-05 0.002526315789474 0 normal 17.3865426535235
0.304 0 0.452368421052632 7.42E-05 0.002473684210526 0 normal 17.3902516316203
0.304 0 0.452368421052632 7.42E-05 0.002421052631579 0 normal 25.6914986243218
0.304 0 0.452368421052632 7.42E-05 0.002368421052632 0 normal 39.8074792863033
0.304 0 0.452368421052632 7.42E-05 0.002842105263158 0 normal 126.494873617541
0.304 0 0.452368421052632 7.42E-05 0.002736842105263 0 normal 79.4481119553429
0.304 0 0.452368421052632 7.42E-05 0.002894736842105 0 normal 149.707507062291
0.304 0 0.452368421052632 7.42E-05 0.002947368421053 0 normal 173.390370186046
0.304 0 0.452368421052632 7.42E-05 0.002684210526316 0 normal 58.0789304666467
0.304 0 0.452368421052632 7.42E-05 0.002789473684211 0 normal 103.339256793629
0.304 0 0.452368421052632 7.42E-05 0.002631578947368 0 normal 39.6791668002462
0.304 0 0.452368421052632 7.42E-05 0.003 0 normal 197.119702097012
0.304 0 0.473421052631579 7.42E-05 0.002 0 normal 242.051297807877
0.304 0 0.473421052631579 7.42E-05 0.002052631578947 0 normal 199.159959754098
0.304 0 0.473421052631579 7.42E-05 0.002157894736842 0 normal 130.182614213947
0.304 0 0.473421052631579 7.42E-05 0.002105263157895 0 normal 161.958231590953
0.304 0 0.473421052631579 7.42E-05 0.002210526315789 0 normal 104.251552518041
0.304 0 0.473421052631579 7.42E-05 0.002368421052632 0 normal 41.5498126506615
0.304 0 0.473421052631579 7.42E-05 0.002315789473684 0 normal 59.8389786052487
0.304 0 0.473421052631579 7.42E-05 0.002263157894737 0 normal 80.4719975057156
0.304 0 0.473421052631579 7.42E-05 0.002631578947368 0 normal 41.6007155199952
0.304 0 0.473421052631579 7.42E-05 0.002526315789474 0 normal 19.0010418005677
0.304 0 0.473421052631579 7.42E-05 0.002736842105263 0 normal 81.4706344688722
0.304 0 0.473421052631579 7.42E-05 0.002473684210526 0 normal 18.8478943644199
0.304 0 0.473421052631579 7.42E-05 0.002789473684211 0 normal 105.544165982129
0.304 0 0.473421052631579 7.42E-05 0.002578947368421 0 normal 27.4073530522022
0.304 0 0.473421052631579 7.42E-05 0.002684210526316 0 normal 60.0104669298888
0.304 0 0.473421052631579 7.42E-05 0.002421052631579 0 normal 27.2022216301342
0.304 0 0.494473684210526 7.42E-05 0.002105263157895 0 normal 163.769655904436
0.304 0 0.494473684210526 7.42E-05 0.002157894736842 0 normal 132.066695302792
0.304 0 0.494473684210526 7.42E-05 0.002052631578947 0 normal 201.061777923883
0.304 0 0.494473684210526 7.42E-05 0.002 0 normal 244.094378780909
0.304 0 0.473421052631579 7.42E-05 0.002842105263158 0 normal 128.964353324285
0.304 0 0.473421052631579 7.42E-05 0.002947368421053 0 normal 175.74089755112
0.304 0 0.473421052631579 7.42E-05 0.003 0 normal 199.749545274572
0.304 0 0.473421052631579 7.42E-05 0.002894736842105 0 normal 152.07376561797
0.304 0 0.494473684210526 7.42E-05 0.002315789473684 0 normal 60.9144396514855
0.304 0 0.494473684210526 7.42E-05 0.002210526315789 0 normal 105.65282260044
0.304 0 0.494473684210526 7.42E-05 0.002263157894737 0 normal 81.9714232305642
0.304 0 0.494473684210526 7.42E-05 0.002368421052632 0 normal 42.4497429342134
0.304 0 0.494473684210526 7.42E-05 0.002526315789474 0 normal 19.8015083538016
0.304 0 0.494473684210526 7.42E-05 0.002473684210526 0 normal 19.6137267298557
0.304 0 0.494473684210526 7.42E-05 0.002421052631579 0 normal 28.00438336828
0.304 0 0.494473684210526 7.42E-05 0.002578947368421 0 normal 28.2544402197032
0.304 0 0.494473684210526 7.42E-05 0.002894736842105 0 normal 152.932302937051
0.304 0 0.494473684210526 7.42E-05 0.002789473684211 0 normal 106.124087724242
0.304 0 0.494473684210526 7.42E-05 0.002684210526316 0 normal 60.7004815224204
0.304 0 0.494473684210526 7.42E-05 0.002947368421053 0 normal 176.587067713357
0.304 0 0.494473684210526 7.42E-05 0.002736842105263 0 normal 82.1087995083299
0.304 0 0.494473684210526 7.42E-05 0.002842105263158 0 normal 129.560215173802
0.304 0 0.494473684210526 7.42E-05 0.003 0 normal 200.517325623054
0.304 0 0.494473684210526 7.42E-05 0.002631578947368 0 normal 42.3447886819372
0.304 0 0.515526315789474 7.42E-05 0.002210526315789 0 normal 105.490401577836
0.304 0 0.515526315789474 7.42E-05 0.002 0 normal 244.239354304621
0.304 0 0.515526315789474 7.42E-05 0.002368421052632 0 normal 42.2389797604324
0.304 0 0.515526315789474 7.42E-05 0.002263157894737 0 normal 81.7965804774688
0.304 0 0.515526315789474 7.42E-05 0.002157894736842 0 normal 131.980355513223
0.304 0 0.515526315789474 7.42E-05 0.002315789473684 0 normal 60.7135998328547
0.304 0 0.515526315789474 7.42E-05 0.002105263157895 0 normal 163.954436475271
0.304 0 0.515526315789474 7.42E-05 0.002052631578947 0 normal 201.215906292137
0.304 0 0.515526315789474 7.42E-05 0.002421052631579 0 normal 27.7552001314926
0.304 0 0.515526315789474 7.42E-05 0.002473684210526 0 normal 19.203520495666
0.304 0 0.515526315789474 7.42E-05 0.002578947368421 0 normal 27.5969952410706
0.304 0 0.515526315789474 7.42E-05 0.002684210526316 0 normal 59.9139012204922
0.304 0 0.515526315789474 7.42E-05 0.002736842105263 0 normal 81.2255027321202
0.304 0 0.515526315789474 7.42E-05 0.002526315789474 0 normal 19.2757661404857
0.304 0 0.515526315789474 7.42E-05 0.002789473684211 0 normal 105.0927988594
0.304 0 0.515526315789474 7.42E-05 0.002631578947368 0 normal 41.6208795650625
0.304 0 0.536578947368421 7.42E-05 0.002 0 normal 242.720382510585
0.304 0 0.536578947368421 7.42E-05 0.002052631578947 0 normal 199.855629236663
0.304 0 0.536578947368421 7.42E-05 0.002105263157895 0 normal 162.600080611605
0.304 0 0.536578947368421 7.42E-05 0.002157894736842 0 normal 130.652970681065
0.304 0 0.515526315789474 7.42E-05 0.003 0 normal 199.035357605784
0.304 0 0.515526315789474 7.42E-05 0.002947368421053 0 normal 175.215869906858
0.304 0 0.515526315789474 7.42E-05 0.002894736842105 0 normal 151.654904270375
0.304 0 0.515526315789474 7.42E-05 0.002842105263158 0 normal 128.402654813402
0.304 0 0.536578947368421 7.42E-05 0.002210526315789 0 normal 104.122322049488
0.304 0 0.536578947368421 7.42E-05 0.002263157894737 0 normal 80.5288696515191
0.304 0 0.536578947368421 7.42E-05 0.002315789473684 0 normal 59.5744095224908
0.304 0 0.536578947368421 7.42E-05 0.002368421052632 0 normal 41.2289570386499
0.304 0 0.536578947368421 7.42E-05 0.002421052631579 0 normal 26.6909185219504
0.304 0 0.536578947368421 7.42E-05 0.002473684210526 0 normal 18.0419598443514
0.304 0 0.536578947368421 7.42E-05 0.002526315789474 0 normal 17.8884261050291
0.304 0 0.536578947368421 7.42E-05 0.002578947368421 0 normal 25.9604946107202
0.304 0 0.536578947368421 7.42E-05 0.002789473684211 0 normal 102.655396710529
0.304 0 0.536578947368421 7.42E-05 0.002894736842105 0 normal 148.61642960557
0.304 0 0.536578947368421 7.42E-05 0.002736842105263 0 normal 79.0918121465288
0.304 0 0.536578947368421 7.42E-05 0.002947368421053 0 normal 172.003580288588
0.304 0 0.536578947368421 7.42E-05 0.003 0 normal 195.678815572116
0.304 0 0.536578947368421 7.42E-05 0.002842105263158 0 normal 125.64507211341
0.304 0 0.536578947368421 7.42E-05 0.002684210526316 0 normal 57.9596660884832
0.304 0 0.536578947368421 7.42E-05 0.002631578947368 0 normal 39.7592463548529
0.304 0 0.557631578947369 7.42E-05 0.002 0 normal 240.640069586233
0.304 0 0.557631578947369 7.42E-05 0.002052631578947 0 normal 198.076943603094
0.304 0 0.557631578947369 7.42E-05 0.002263157894737 0 normal 79.2641717479835
0.304 0 0.557631578947369 7.42E-05 0.002105263157895 0 normal 161.014574004344
0.304 0 0.557631578947369 7.42E-05 0.002157894736842 0 normal 129.175010910179
0.304 0 0.557631578947369 7.42E-05 0.002210526315789 0 normal 102.644812637091
0.304 0 0.557631578947369 7.42E-05 0.002315789473684 0 normal 58.5900567862378
0.304 0 0.557631578947369 7.42E-05 0.002368421052632 0 normal 40.4188637834291
0.304 0 0.557631578947369 7.42E-05 0.002736842105263 0 normal 76.8388012800575
0.304 0 0.557631578947369 7.42E-05 0.002789473684211 0 normal 99.9433558354632
0.304 0 0.557631578947369 7.42E-05 0.002684210526316 0 normal 55.9682844944415
0.304 0 0.557631578947369 7.42E-05 0.002421052631579 0 normal 26.0377529935212
0.304 0 0.557631578947369 7.42E-05 0.002473684210526 0 normal 17.2171862949931
0.304 0 0.557631578947369 7.42E-05 0.002578947368421 0 normal 24.412933507081
0.304 0 0.557631578947369 7.42E-05 0.002526315789474 0 normal 16.7219554568356
0.304 0 0.557631578947369 7.42E-05 0.002631578947368 0 normal 37.8869798556368
0.304 0 0.578684210526316 7.42E-05 0.002157894736842 0 normal 129.348666175662
0.304 0 0.578684210526316 7.42E-05 0.002105263157895 0 normal 160.999460303085
0.304 0 0.578684210526316 7.42E-05 0.002 0 normal 239.691619385279
0.304 0 0.578684210526316 7.42E-05 0.002052631578947 0 normal 197.702111553142
0.304 0 0.557631578947369 7.42E-05 0.002947368421053 0 normal 168.089521405925
0.304 0 0.557631578947369 7.42E-05 0.002894736842105 0 normal 144.956183178122
0.304 0 0.557631578947369 7.42E-05 0.003 0 normal 191.58858250135
0.304 0 0.557631578947369 7.42E-05 0.002842105263158 0 normal 122.422462892438
0.304 0 0.578684210526316 7.42E-05 0.002210526315789 0 normal 102.878749255923
0.304 0 0.578684210526316 7.42E-05 0.002263157894737 0 normal 79.8123689983033
0.304 0 0.578684210526316 7.42E-05 0.002315789473684 0 normal 59.5665280782335
0.304 0 0.578684210526316 7.42E-05 0.002368421052632 0 normal 41.7693975616695
0.304 0 0.578684210526316 7.42E-05 0.002526315789474 0 normal 17.6063833625271
0.304 0 0.578684210526316 7.42E-05 0.002421052631579 0 normal 27.5660626179208
0.304 0 0.578684210526316 7.42E-05 0.002473684210526 0 normal 18.5489419374416
0.304 0 0.578684210526316 7.42E-05 0.002578947368421 0 normal 24.793673112882
0.304 0 0.578684210526316 7.42E-05 0.002631578947368 0 normal 37.8509319092337
0.304 0 0.578684210526316 7.42E-05 0.002842105263158 0 normal 120.600919388989
0.304 0 0.578684210526316 7.42E-05 0.002736842105263 0 normal 76.3083173651674
0.304 0 0.578684210526316 7.42E-05 0.002684210526316 0 normal 55.7791578859063
0.304 0 0.578684210526316 7.42E-05 0.002947368421053 0 normal 165.35279525938
0.304 0 0.578684210526316 7.42E-05 0.002789473684211 0 normal 98.8103626693268
0.304 0 0.578684210526316 7.42E-05 0.003 0 normal 188.644105493036
0.304 0 0.578684210526316 7.42E-05 0.002894736842105 0 normal 142.549622048082
0.304 0 0.599736842105263 7.42E-05 0.002 0 normal 242.464039526109
0.304 0 0.599736842105263 7.42E-05 0.002368421052632 0 normal 47.7429936770309
0.304 0 0.599736842105263 7.42E-05 0.002315789473684 0 normal 64.7790195756984
0.304 0 0.599736842105263 7.42E-05 0.002210526315789 0 normal 107.251337181577
0.304 0 0.599736842105263 7.42E-05 0.002157894736842 0 normal 133.672251895611
0.304 0 0.599736842105263 7.42E-05 0.002263157894737 0 normal 84.5909076674923
0.304 0 0.599736842105263 7.42E-05 0.002052631578947 0 normal 201.228288217074
0.304 0 0.599736842105263 7.42E-05 0.002105263157895 0 normal 165.039552098956
0.304 0 0.599736842105263 7.42E-05 0.002421052631579 0 normal 33.8377930754
0.304 0 0.599736842105263 7.42E-05 0.002578947368421 0 normal 29.6364557920216
0.304 0 0.599736842105263 7.42E-05 0.002526315789474 0 normal 23.0624259135883
0.304 0 0.599736842105263 7.42E-05 0.002684210526316 0 normal 59.9329503403781
0.304 0 0.599736842105263 7.42E-05 0.002736842105263 0 normal 80.0421613320857
0.304 0 0.599736842105263 7.42E-05 0.002789473684211 0 normal 101.804292070267
0.304 0 0.599736842105263 7.42E-05 0.002631578947368 0 normal 42.1908669573712
0.304 0 0.599736842105263 7.42E-05 0.002473684210526 0 normal 24.5432214905186
0.304 0 0.620789473684211 7.42E-05 0.002157894736842 0 normal 145.199264346857
0.304 0 0.620789473684211 7.42E-05 0.002 0 normal 252.01003344957
0.304 0 0.620789473684211 7.42E-05 0.002052631578947 0 normal 211.713687748162
0.304 0 0.620789473684211 7.42E-05 0.002105263157895 0 normal 176.185113971535
0.304 0 0.599736842105263 7.42E-05 0.002947368421053 0 normal 166.363556434497
0.304 0 0.599736842105263 7.42E-05 0.003 0 normal 189.409737296421
0.304 0 0.599736842105263 7.42E-05 0.002894736842105 0 normal 143.966815102863
0.304 0 0.599736842105263 7.42E-05 0.002842105263158 0 normal 122.741572981564
0.304 0 0.620789473684211 7.42E-05 0.002263157894737 0 normal 96.8869726770273
0.304 0 0.620789473684211 7.42E-05 0.002315789473684 0 normal 77.8768968800861
0.304 0 0.620789473684211 7.42E-05 0.002210526315789 0 normal 118.970556361954
0.304 0 0.620789473684211 7.42E-05 0.002526315789474 0 normal 36.1867123970489
0.304 0 0.620789473684211 7.42E-05 0.002421052631579 0 normal 47.8148548618978
0.304 0 0.620789473684211 7.42E-05 0.002578947368421 0 normal 42.0844984641762
0.304 0 0.620789473684211 7.42E-05 0.002473684210526 0 normal 38.2946881278525
0.304 0 0.620789473684211 7.42E-05 0.002368421052632 0 normal 61.3405639862083
0.304 0 0.620789473684211 7.42E-05 0.002631578947368 0 normal 54.1247859946583
0.304 0 0.620789473684211 7.42E-05 0.002684210526316 0 normal 71.6768377767629
0.304 0 0.620789473684211 7.42E-05 0.002736842105263 0 normal 91.1650946474403
0.304 0 0.620789473684211 7.42E-05 0.002947368421053 0 normal 174.300414874876
0.304 0 0.620789473684211 7.42E-05 0.003 0 normal 197.061024002885
0.304 0 0.620789473684211 7.42E-05 0.002894736842105 0 normal 152.381156146023
0.304 0 0.620789473684211 7.42E-05 0.002789473684211 0 normal 112.065051352263
0.304 0 0.620789473684211 7.42E-05 0.002842105263158 0 normal 132.002268413608
0.304 0 0.641842105263158 7.42E-05 0.002105263157895 0 normal 198.128121095306
0.304 0 0.641842105263158 7.42E-05 0.002157894736842 0 normal 167.628344376312
0.304 0 0.641842105263158 7.42E-05 0.002052631578947 0 normal 232.84936236755
0.304 0 0.641842105263158 7.42E-05 0.002210526315789 0 normal 141.643728606953
0.304 0 0.641842105263158 7.42E-05 0.002315789473684 0 normal 102.024369178629
0.304 0 0.641842105263158 7.42E-05 0.002263157894737 0 normal 120.210353004385
0.304 0 0.641842105263158 7.42E-05 0.002 0 normal 272.019978475433
0.304 0 0.641842105263158 7.42E-05 0.002368421052632 0 normal 86.3086597206933
0.304 0 0.641842105263158 7.42E-05 0.002736842105263 0 normal 113.467563981089
0.304 0 0.641842105263158 7.42E-05 0.002789473684211 0 normal 133.335945228772
0.304 0 0.641842105263158 7.42E-05 0.002684210526316 0 normal 94.4817056909159
0.304 0 0.641842105263158 7.42E-05 0.002631578947368 0 normal 77.2729036318192
0.304 0 0.641842105263158 7.42E-05 0.002473684210526 0 normal 63.4325838507232
0.304 0 0.641842105263158 7.42E-05 0.002578947368421 0 normal 65.7753908613087
0.304 0 0.641842105263158 7.42E-05 0.002421052631579 0 normal 73.0961653154351
0.304 0 0.641842105263158 7.42E-05 0.002526315789474 0 normal 60.6824055830841
0.304 0 0.662894736842105 7.42E-05 0.002105263157895 0 normal 234.821533832234
0.304 0 0.662894736842105 7.42E-05 0.002052631578947 0 normal 268.581531391781
0.304 0 0.662894736842105 7.42E-05 0.002 0 normal 306.443424317093
0.304 0 0.641842105263158 7.42E-05 0.003 0 normal 215.512777295935
0.304 0 0.662894736842105 7.42E-05 0.002157894736842 0 normal 204.926927471407
0.304 0 0.641842105263158 7.42E-05 0.002894736842105 0 normal 171.583492205091
0.304 0 0.641842105263158 7.42E-05 0.002947368421053 0 normal 192.996826971766
0.304 0 0.641842105263158 7.42E-05 0.002842105263158 0 normal 152.132847154216
0.304 0 0.662894736842105 7.42E-05 0.002210526315789 0 normal 179.280217709033
0.304 0 0.662894736842105 7.42E-05 0.002315789473684 0 normal 141.34619983146
0.304 0 0.662894736842105 7.42E-05 0.002263157894737 0 normal 158.596805155707
0.304 0 0.662894736842105 7.42E-05 0.002368421052632 0 normal 126.587813855656
0.304 0 0.662894736842105 7.42E-05 0.002578947368421 0 normal 104.830378900444
0.304 0 0.662894736842105 7.42E-05 0.002473684210526 0 normal 104.002605836559
0.304 0 0.662894736842105 7.42E-05 0.002526315789474 0 normal 100.564775072822
0.304 0 0.662894736842105 7.42E-05 0.002421052631579 0 normal 113.856632849075
0.304 0 0.662894736842105 7.42E-05 0.002947368421053 0 normal 226.656120434129
0.304 0 0.662894736842105 7.42E-05 0.003 0 normal 248.572499260984
0.304 0 0.662894736842105 7.42E-05 0.002736842105263 0 normal 150.802391103159
0.304 0 0.662894736842105 7.42E-05 0.002894736842105 0 normal 205.59082316129
0.304 0 0.662894736842105 7.42E-05 0.002684210526316 0 normal 132.402067122116
0.304 0 0.662894736842105 7.42E-05 0.002631578947368 0 normal 115.475610574162
0.304 0 0.662894736842105 7.42E-05 0.002789473684211 0 normal 169.656655638816
0.304 0 0.662894736842105 7.42E-05 0.002842105263158 0 normal 187.225682601907
0.304 0 0.683947368421053 7.42E-05 0.002315789473684 0 normal 200.362008352861
0.304 0 0.683947368421053 7.42E-05 0.002 0 normal 359.801044880339
0.304 0 0.683947368421053 7.42E-05 0.002368421052632 0 normal 187.123986008695
0.304 0 0.683947368421053 7.42E-05 0.002105263157895 0 normal 290.781929956885
0.304 0 0.683947368421053 7.42E-05 0.002052631578947 0 normal 323.428457749043
0.304 0 0.683947368421053 7.42E-05 0.002157894736842 0 normal 261.618352360281
0.304 0 0.683947368421053 7.42E-05 0.002263157894737 0 normal 216.581447623872
0.304 0 0.683947368421053 7.42E-05 0.002210526315789 0 normal 236.415054464323
0.304 0 0.683947368421053 7.42E-05 0.002421052631579 0 normal 175.048020509727
0.304 0 0.683947368421053 7.42E-05 0.002526315789474 0 normal 160.358465393473
0.304 0 0.683947368421053 7.42E-05 0.002473684210526 0 normal 164.486259070971
0.304 0 0.683947368421053 7.42E-05 0.002736842105263 0 normal 207.911624459302
0.304 0 0.683947368421053 7.42E-05 0.002789473684211 0 normal 225.614769048958
0.304 0 0.683947368421053 7.42E-05 0.002684210526316 0 normal 190.223043895662
0.304 0 0.683947368421053 7.42E-05 0.002578947368421 0 normal 163.76778183145
0.304 0 0.683947368421053 7.42E-05 0.002631578947368 0 normal 173.677774901894
0.304 0 0.705 7.42E-05 0.002157894736842 0 normal 342.319181530918
0.304 0 0.705 7.42E-05 0.002 0 normal 436.700972510552
0.304 0 0.705 7.42E-05 0.002052631578947 0 normal 401.991128410158
0.304 0 0.705 7.42E-05 0.002105263157895 0 normal 370.615402091523
0.304 0 0.683947368421053 7.42E-05 0.002947368421053 0 normal 279.132400154067
0.304 0 0.683947368421053 7.42E-05 0.003 0 normal 300.717322259249
0.304 0 0.683947368421053 7.42E-05 0.002894736842105 0 normal 259.093949576948
0.304 0 0.683947368421053 7.42E-05 0.002842105263158 0 normal 241.861631221212
0.304 0 0.705 7.42E-05 0.002263157894737 0 normal 298.792039686382
0.304 0 0.705 7.42E-05 0.002578947368421 0 normal 248.027923172472
0.304 0 0.705 7.42E-05 0.002526315789474 0 normal 245.395548420531
0.304 0 0.705 7.42E-05 0.002315789473684 0 normal 283.685984578824
0.304 0 0.705 7.42E-05 0.002421052631579 0 normal 260.1281705433
0.304 0 0.705 7.42E-05 0.002368421052632 0 normal 271.594234942297
0.304 0 0.705 7.42E-05 0.002473684210526 0 normal 250.13160119238
0.304 0 0.705 7.42E-05 0.002210526315789 0 normal 317.679651639548
0.304 0 0.705 7.42E-05 0.002947368421053 0 normal 356.064199731091
0.304 0 0.705 7.42E-05 0.002631578947368 0 normal 256.397105877398
0.304 0 0.705 7.42E-05 0.002684210526316 0 normal 272.49717870906
0.304 0 0.705 7.42E-05 0.002789473684211 0 normal 305.894018920611
0.304 0 0.705 7.42E-05 0.002842105263158 0 normal 320.758083892753
0.304 0 0.705 7.42E-05 0.002894736842105 0 normal 336.79499167865
0.304 0 0.705 7.42E-05 0.003 0 normal 377.121231682729
0.304 0 0.705 7.42E-05 0.002736842105263 0 normal 289.405938132165