Sin2Theta12 Sin2Theta13 Sin2Theta23 Dm221 Dm231 dCP Ordering X2
0.304 0.022 0.305 7.42e-05 0.0022 4.014 normal 396.4406686026898
0.304 0.022 0.305 7.42e-05 0.0023 4.014 normal 349.96965589904
0.304 0.022 0.305 7.42e-05 0.00205 4.014 normal 504.68485740610413
0.304 0.022 0.305 7.42e-05 0.0022500000000000003 4.014 inverted 365.6907728460716
0.304 0.022 0.305 7.42e-05 0.0022 4.014 inverted 389.01026879761423
0.304 0.022 0.305 7.42e-05 0.00245 4.014 normal 296.11070247292906
0.304 0.022 0.305 7.42e-05 0.0021 4.014 normal 465.5235519314926
0.304 0.022 0.305 7.42e-05 0.00205 4.014 inverted 491.26441736413483
0.304 0.022 0.305 7.42e-05 0.0023 4.014 inverted 348.1970471747764
0.304 0.022 0.305 7.42e-05 0.00245 4.014 inverted 295.8868951030029
0.304 0.022 0.305 7.42e-05 0.00215 4.014 normal 428.6140560194644
0.304 0.022 0.305 7.42e-05 0.0021 4.014 inverted 455.1637386070269
0.304 0.022 0.305 7.42e-05 0.00215 4.014 inverted 418.80467272756385
0.304 0.022 0.305 7.42e-05 0.00235 4.014 normal 332.07653203033607
0.304 0.022 0.305 7.42e-05 0.002 4.014 normal 543.0455280826645
0.304 0.022 0.305 7.42e-05 0.0022500000000000003 4.014 normal 372.465388793584
0.304 0.022 0.305 7.42e-05 0.00235 4.014 inverted 331.1620198827887
0.304 0.022 0.305 7.42e-05 0.0024000000000000002 4.014 inverted 313.2872134729752
0.304 0.022 0.305 7.42e-05 0.002 4.014 inverted 529.9455862847951
0.304 0.022 0.305 7.42e-05 0.0024000000000000002 4.014 normal 313.6326719642881
0.304 0.022 0.305 7.42e-05 0.00255 4.014 inverted 278.63367851654994
0.304 0.022 0.305 7.42e-05 0.00275 4.014 inverted 317.3526185965356
0.304 0.022 0.305 7.42e-05 0.00255 4.014 normal 273.6865261051578
0.304 0.022 0.305 7.42e-05 0.0025 4.014 inverted 283.0106257297024
0.304 0.022 0.305 7.42e-05 0.0028 4.014 inverted 327.67893363266734
0.304 0.022 0.305 7.42e-05 0.0026 4.014 inverted 281.5792102807883
0.304 0.022 0.305 7.42e-05 0.0027 4.014 normal 288.5871351187521
0.304 0.022 0.305 7.42e-05 0.00295 4.014 normal 336.9495178333448
0.304 0.022 0.305 7.42e-05 0.00285 4.014 normal 312.4905466588148
0.304 0.022 0.305 7.42e-05 0.00285 4.014 inverted 337.61379145745184
0.304 0.022 0.305 7.42e-05 0.00275 4.014 normal 297.63186093977794
0.304 0.022 0.305 7.42e-05 0.00265 4.014 inverted 292.05999654860625
0.304 0.022 0.305 7.42e-05 0.0027 4.014 inverted 304.7455280679401
0.304 0.022 0.305 7.42e-05 0.0028 4.014 normal 304.98543280426884
0.304 0.022 0.305 7.42e-05 0.00295 4.014 inverted 367.8769638711294
0.304 0.022 0.305 7.42e-05 0.0025 4.014 normal 281.55839078075314
0.304 0.022 0.305 7.42e-05 0.0026 4.014 normal 272.3845681781289
0.304 0.022 0.305 7.42e-05 0.0029000000000000002 4.014 normal 323.33496201302256
0.304 0.022 0.305 7.42e-05 0.00265 4.014 normal 279.12912659280954
0.304 0.022 0.305 7.42e-05 0.0029000000000000002 4.014 inverted 350.29528687528153
0.304 0.022 0.305 7.42e-05 0.003 4.014 normal 352.71624514792785
0.304 0.022 0.32166666666666666 7.42e-05 0.0022500000000000003 4.014 normal 283.3502193923136
0.304 0.022 0.32166666666666666 7.42e-05 0.00205 4.014 normal 415.6902611747354
0.304 0.022 0.32166666666666666 7.42e-05 0.002 4.014 normal 455.23502137786437
0.304 0.022 0.32166666666666666 7.42e-05 0.0023 4.014 normal 259.8745215353934
0.304 0.022 0.32166666666666666 7.42e-05 0.0021 4.014 normal 375.90696793418425
0.304 0.022 0.32166666666666666 7.42e-05 0.0022500000000000003 4.014 inverted 269.3080618740249
0.304 0.022 0.32166666666666666 7.42e-05 0.0024000000000000002 4.014 normal 222.51257626538478
0.304 0.022 0.32166666666666666 7.42e-05 0.00215 4.014 inverted 322.22902554497585
0.304 0.022 0.32166666666666666 7.42e-05 0.00205 4.014 inverted 394.64467724569414
0.304 0.022 0.305 7.42e-05 0.003 4.014 inverted 387.4949052837039
0.304 0.022 0.32166666666666666 7.42e-05 0.0021 4.014 inverted 358.21584311079675
0.304 0.022 0.32166666666666666 7.42e-05 0.002 4.014 inverted 433.7624689094679
0.304 0.022 0.32166666666666666 7.42e-05 0.0024000000000000002 4.014 inverted 216.21926667442057
0.304 0.022 0.32166666666666666 7.42e-05 0.00215 4.014 normal 339.8142009631385
0.304 0.022 0.32166666666666666 7.42e-05 0.0023 4.014 inverted 251.21478865444465
0.304 0.022 0.32166666666666666 7.42e-05 0.00235 4.014 normal 241.19445792360435
0.304 0.022 0.32166666666666666 7.42e-05 0.00235 4.014 inverted 233.84474506584118
0.304 0.022 0.32166666666666666 7.42e-05 0.0022 4.014 inverted 292.7654566122945
0.304 0.022 0.32166666666666666 7.42e-05 0.0022 4.014 normal 307.8959507944136
0.304 0.022 0.32166666666666666 7.42e-05 0.00255 4.014 normal 185.3096848437728
0.304 0.022 0.32166666666666666 7.42e-05 0.00265 4.014 inverted 200.72307478382294
0.304 0.022 0.32166666666666666 7.42e-05 0.0027 4.014 inverted 214.1802276417726
0.304 0.022 0.32166666666666666 7.42e-05 0.0029000000000000002 4.014 normal 241.37780376605062
0.304 0.022 0.32166666666666666 7.42e-05 0.0025 4.014 normal 192.1539686426662
0.304 0.022 0.32166666666666666 7.42e-05 0.0026 4.014 normal 185.0005199631172
0.304 0.022 0.32166666666666666 7.42e-05 0.00245 4.014 inverted 199.85437117738738
0.304 0.022 0.32166666666666666 7.42e-05 0.0027 4.014 normal 201.95297273188123
0.304 0.022 0.32166666666666666 7.42e-05 0.0028 4.014 inverted 239.9451763047908
0.304 0.022 0.32166666666666666 7.42e-05 0.00285 4.014 normal 229.53467344697796
0.304 0.022 0.32166666666666666 7.42e-05 0.00245 4.014 normal 205.6186833685692
0.304 0.022 0.32166666666666666 7.42e-05 0.00255 4.014 inverted 185.53719604150305
0.304 0.022 0.32166666666666666 7.42e-05 0.0025 4.014 inverted 188.50186545073333
0.304 0.022 0.32166666666666666 7.42e-05 0.00265 4.014 normal 192.0839437770916
0.304 0.022 0.32166666666666666 7.42e-05 0.0029000000000000002 4.014 inverted 265.35571366401354
0.304 0.022 0.32166666666666666 7.42e-05 0.0028 4.014 normal 220.62672409001263
0.304 0.022 0.32166666666666666 7.42e-05 0.0026 4.014 inverted 189.8044950263072
0.304 0.022 0.32166666666666666 7.42e-05 0.00275 4.014 normal 211.82167357195658
0.304 0.022 0.32166666666666666 7.42e-05 0.00275 4.014 inverted 228.10182576041746
0.304 0.022 0.32166666666666666 7.42e-05 0.00285 4.014 inverted 251.28512969455934
0.304 0.022 0.3383333333333333 7.42e-05 0.0022 4.014 normal 242.6643182348004
0.304 0.022 0.3383333333333333 7.42e-05 0.0021 4.014 inverted 286.62721048289313
0.304 0.022 0.3383333333333333 7.42e-05 0.0021 4.014 normal 310.2934312216091
0.304 0.022 0.32166666666666666 7.42e-05 0.003 4.014 inverted 303.98701676269684
0.304 0.022 0.3383333333333333 7.42e-05 0.00205 4.014 normal 349.4447717579647
0.304 0.022 0.3383333333333333 7.42e-05 0.00215 4.014 inverted 251.06986718643472
0.304 0.022 0.3383333333333333 7.42e-05 0.00235 4.014 inverted 161.88536680246403
0.304 0.022 0.3383333333333333 7.42e-05 0.00215 4.014 normal 273.82805233989166
0.304 0.022 0.3383333333333333 7.42e-05 0.00235 4.014 normal 174.05304677198356
0.304 0.022 0.3383333333333333 7.42e-05 0.002 4.014 normal 390.1950975705802
0.304 0.022 0.3383333333333333 7.42e-05 0.0023 4.014 inverted 179.68055074263685
0.304 0.022 0.3383333333333333 7.42e-05 0.0022 4.014 inverted 221.81420611413688
0.304 0.022 0.32166666666666666 7.42e-05 0.00295 4.014 inverted 283.70573433753464
0.304 0.022 0.3383333333333333 7.42e-05 0.002 4.014 inverted 362.68978013662047
0.304 0.022 0.3383333333333333 7.42e-05 0.00205 4.014 inverted 323.2718577280858
0.304 0.022 0.3383333333333333 7.42e-05 0.0022500000000000003 4.014 normal 217.51466147336487
0.304 0.022 0.3383333333333333 7.42e-05 0.0023 4.014 normal 193.44466361867353
0.304 0.022 0.32166666666666666 7.42e-05 0.00295 4.014 normal 255.85968949424006
0.304 0.022 0.32166666666666666 7.42e-05 0.003 4.014 normal 272.4379974062687
0.304 0.022 0.3383333333333333 7.42e-05 0.0022500000000000003 4.014 inverted 198.3450575955764
0.304 0.022 0.3383333333333333 7.42e-05 0.00245 4.014 normal 138.80606722112853
0.304 0.022 0.3383333333333333 7.42e-05 0.0026 4.014 inverted 123.30626611293452
0.304 0.022 0.3383333333333333 7.42e-05 0.0024000000000000002 4.014 inverted 144.70590397339848
0.304 0.022 0.3383333333333333 7.42e-05 0.00255 4.014 normal 120.70466756546979
0.304 0.022 0.3383333333333333 7.42e-05 0.00275 4.014 normal 149.79846924860885
0.304 0.022 0.3383333333333333 7.42e-05 0.0024000000000000002 4.014 normal 155.3531745886893
0.304 0.022 0.3383333333333333 7.42e-05 0.0026 4.014 normal 121.40911129516122
0.304 0.022 0.3383333333333333 7.42e-05 0.00245 4.014 inverted 129.31951225545322
0.304 0.022 0.3383333333333333 7.42e-05 0.0027 4.014 normal 139.07453013344
0.304 0.022 0.3383333333333333 7.42e-05 0.00265 4.014 inverted 134.8807951659018
0.304 0.022 0.3383333333333333 7.42e-05 0.00265 4.014 normal 128.83065540034985
0.304 0.022 0.3383333333333333 7.42e-05 0.00255 4.014 inverted 117.8204917922014
0.304 0.022 0.3383333333333333 7.42e-05 0.0025 4.014 inverted 119.42513407615569
0.304 0.022 0.3383333333333333 7.42e-05 0.00285 4.014 normal 170.05099335974654
0.304 0.022 0.3383333333333333 7.42e-05 0.0025 4.014 normal 126.52384094131858
0.304 0.022 0.3383333333333333 7.42e-05 0.00285 4.014 inverted 190.06599317192288
0.304 0.022 0.3383333333333333 7.42e-05 0.00275 4.014 inverted 163.74670222184494
0.304 0.022 0.3383333333333333 7.42e-05 0.0028 4.014 normal 159.87574886013462
0.304 0.022 0.3383333333333333 7.42e-05 0.0027 4.014 inverted 148.83943865217023
0.304 0.022 0.3383333333333333 7.42e-05 0.0028 4.014 inverted 177.32010439364296
0.304 0.022 0.3383333333333333 7.42e-05 0.00295 4.014 normal 198.43650250496285
0.304 0.022 0.3383333333333333 7.42e-05 0.0029000000000000002 4.014 normal 183.05251666580696
0.304 0.022 0.355 7.42e-05 0.0021 4.014 normal 262.6802533954428
0.304 0.022 0.355 7.42e-05 0.002 4.014 normal 344.04975073109904
0.304 0.022 0.355 7.42e-05 0.0021 4.014 inverted 235.7865414588814
0.304 0.022 0.3383333333333333 7.42e-05 0.00295 4.014 inverted 224.3540700299715
0.304 0.022 0.355 7.42e-05 0.002 4.014 inverted 312.20981677872896
0.304 0.022 0.355 7.42e-05 0.0022 4.014 inverted 171.64324231982928
0.304 0.022 0.355 7.42e-05 0.0022 4.014 normal 196.60953845981825
0.304 0.022 0.3383333333333333 7.42e-05 0.003 4.014 inverted 245.0889532047918
0.304 0.022 0.355 7.42e-05 0.00205 4.014 inverted 272.44077288315555
0.304 0.022 0.3383333333333333 7.42e-05 0.003 4.014 normal 215.74638628667446
0.304 0.022 0.355 7.42e-05 0.00215 4.014 inverted 200.59173455896408
0.304 0.022 0.355 7.42e-05 0.0023 4.014 inverted 129.01644099061903
0.304 0.022 0.355 7.42e-05 0.0023 4.014 normal 146.3449658793456
0.304 0.022 0.355 7.42e-05 0.0022500000000000003 4.014 normal 170.80413321024065
0.304 0.022 0.355 7.42e-05 0.00215 4.014 normal 226.90658161027645
0.304 0.022 0.355 7.42e-05 0.0022500000000000003 4.014 inverted 148.12913284588132
0.304 0.022 0.355 7.42e-05 0.00205 4.014 normal 302.1984957846317
0.304 0.022 0.3383333333333333 7.42e-05 0.0029000000000000002 4.014 inverted 205.49789020081778
0.304 0.022 0.355 7.42e-05 0.00255 4.014 inverted 70.87949707077541
0.304 0.022 0.355 7.42e-05 0.0026 4.014 normal 77.13951365648191
0.304 0.022 0.355 7.42e-05 0.0025 4.014 inverted 71.3186130926969
0.304 0.022 0.355 7.42e-05 0.00245 4.014 normal 91.40473392872813
0.304 0.022 0.355 7.42e-05 0.00255 4.014 normal 75.60159692032661
0.304 0.022 0.355 7.42e-05 0.00245 4.014 inverted 79.64878284247666
0.304 0.022 0.355 7.42e-05 0.00265 4.014 inverted 89.49405143792454
0.304 0.022 0.355 7.42e-05 0.00275 4.014 inverted 119.93768969006945
0.304 0.022 0.355 7.42e-05 0.0028 4.014 normal 118.41972679147624
0.304 0.022 0.355 7.42e-05 0.0027 4.014 normal 95.61524054554924
0.304 0.022 0.355 7.42e-05 0.0025 4.014 normal 79.97908000642012
0.304 0.022 0.355 7.42e-05 0.0028 4.014 inverted 135.10120330486777
0.304 0.022 0.355 7.42e-05 0.0024000000000000002 4.014 inverted 94.09372392136953
0.304 0.022 0.355 7.42e-05 0.00235 4.014 normal 126.24571461126678
0.304 0.022 0.355 7.42e-05 0.0024000000000000002 4.014 normal 107.42628890236
0.304 0.022 0.355 7.42e-05 0.00235 4.014 inverted 110.9721666579211
0.304 0.022 0.355 7.42e-05 0.00265 4.014 normal 84.92303074591825
0.304 0.022 0.355 7.42e-05 0.00275 4.014 normal 107.0560495611817
0.304 0.022 0.355 7.42e-05 0.0026 4.014 inverted 77.49201084339893
0.304 0.022 0.355 7.42e-05 0.0027 4.014 inverted 104.07521332180514
0.304 0.022 0.37166666666666665 7.42e-05 0.0022500000000000003 4.014 normal 139.59887275288472
0.304 0.022 0.355 7.42e-05 0.00285 4.014 normal 129.85059179101611
0.304 0.022 0.355 7.42e-05 0.0029000000000000002 4.014 normal 143.939462365146
0.304 0.022 0.37166666666666665 7.42e-05 0.002 4.014 normal 312.8021979412095
0.304 0.022 0.37166666666666665 7.42e-05 0.0021 4.014 inverted 201.48578689684348
0.304 0.022 0.355 7.42e-05 0.00295 4.014 normal 160.15635741342496
0.304 0.022 0.355 7.42e-05 0.0029000000000000002 4.014 inverted 165.8849502396547
0.304 0.022 0.37166666666666665 7.42e-05 0.002 4.014 inverted 278.1512286852485
0.304 0.022 0.37166666666666665 7.42e-05 0.00215 4.014 inverted 166.64018722158744
0.304 0.022 0.37166666666666665 7.42e-05 0.00215 4.014 normal 195.3295609059339
0.304 0.022 0.37166666666666665 7.42e-05 0.00205 4.014 normal 270.3474532995145
0.304 0.022 0.37166666666666665 7.42e-05 0.0022 4.014 inverted 138.04804746444051
0.304 0.022 0.37166666666666665 7.42e-05 0.0022500000000000003 4.014 inverted 114.50576938100902
0.304 0.022 0.37166666666666665 7.42e-05 0.0021 4.014 normal 230.56343337151884
0.304 0.022 0.37166666666666665 7.42e-05 0.00205 4.014 inverted 238.19771026896558
0.304 0.022 0.355 7.42e-05 0.003 4.014 normal 178.19046396256735
0.304 0.022 0.355 7.42e-05 0.00295 4.014 inverted 185.37077216464778
0.304 0.022 0.355 7.42e-05 0.00285 4.014 inverted 149.12038085083972
0.304 0.022 0.37166666666666665 7.42e-05 0.0022 4.014 normal 165.4520227234059
0.304 0.022 0.355 7.42e-05 0.003 4.014 inverted 206.70542831219785
0.304 0.022 0.37166666666666665 7.42e-05 0.0023 4.014 normal 114.53417108872557
0.304 0.022 0.37166666666666665 7.42e-05 0.0026 4.014 normal 48.174049768863355
0.304 0.022 0.37166666666666665 7.42e-05 0.00245 4.014 inverted 46.59612887499814
0.304 0.022 0.37166666666666665 7.42e-05 0.00265 4.014 normal 56.315168328004745
0.304 0.022 0.37166666666666665 7.42e-05 0.00235 4.014 inverted 76.75320048905837
0.304 0.022 0.37166666666666665 7.42e-05 0.00235 4.014 normal 93.88753876695351
0.304 0.022 0.37166666666666665 7.42e-05 0.0024000000000000002 4.014 normal 75.1845989401476
0.304 0.022 0.37166666666666665 7.42e-05 0.0023 4.014 inverted 94.9997192415669
0.304 0.022 0.37166666666666665 7.42e-05 0.00255 4.014 normal 45.683557983451145
0.304 0.022 0.37166666666666665 7.42e-05 0.0027 4.014 normal 67.42758652445572
0.304 0.022 0.37166666666666665 7.42e-05 0.00245 4.014 normal 59.44321008351887
0.304 0.022 0.37166666666666665 7.42e-05 0.0024000000000000002 4.014 inverted 60.090452355865146
0.304 0.022 0.37166666666666665 7.42e-05 0.00275 4.014 normal 79.5971742826507
0.304 0.022 0.37166666666666665 7.42e-05 0.0025 4.014 inverted 39.53584145967063
0.304 0.022 0.37166666666666665 7.42e-05 0.00255 4.014 inverted 40.39762963084515
0.304 0.022 0.37166666666666665 7.42e-05 0.0025 4.014 normal 48.915137033546074
0.304 0.022 0.37166666666666665 7.42e-05 0.0027 4.014 inverted 75.47950842959229
0.304 0.022 0.37166666666666665 7.42e-05 0.00265 4.014 inverted 60.42247001083175
0.304 0.022 0.37166666666666665 7.42e-05 0.00275 4.014 inverted 92.26554627991037
0.304 0.022 0.37166666666666665 7.42e-05 0.0026 4.014 inverted 48.00149329362994
0.304 0.022 0.3883333333333333 7.42e-05 0.00205 4.014 inverted 216.7279549487521
0.304 0.022 0.37166666666666665 7.42e-05 0.00285 4.014 normal 104.78842600708704
0.304 0.022 0.3883333333333333 7.42e-05 0.002 4.014 inverted 256.83411928458247
0.304 0.022 0.3883333333333333 7.42e-05 0.0022 4.014 inverted 117.19846044425282
0.304 0.022 0.3883333333333333 7.42e-05 0.0022 4.014 normal 145.847246339551
0.304 0.022 0.3883333333333333 7.42e-05 0.002 4.014 normal 293.0886035661071
0.304 0.022 0.37166666666666665 7.42e-05 0.00295 4.014 normal 136.95404241518338
0.304 0.022 0.3883333333333333 7.42e-05 0.00215 4.014 normal 175.427516435265
0.304 0.022 0.37166666666666665 7.42e-05 0.00285 4.014 inverted 124.09617380818273
0.304 0.022 0.37166666666666665 7.42e-05 0.0028 4.014 inverted 108.87001228251862
0.304 0.022 0.37166666666666665 7.42e-05 0.0029000000000000002 4.014 normal 119.83962612450755
0.304 0.022 0.37166666666666665 7.42e-05 0.003 4.014 normal 155.5921387451258
0.304 0.022 0.3883333333333333 7.42e-05 0.00205 4.014 normal 250.01374292399387
0.304 0.022 0.37166666666666665 7.42e-05 0.00295 4.014 inverted 162.04673133244376
0.304 0.022 0.37166666666666665 7.42e-05 0.003 4.014 inverted 183.907912232304
0.304 0.022 0.37166666666666665 7.42e-05 0.0028 4.014 normal 92.12650501529563
0.304 0.022 0.3883333333333333 7.42e-05 0.0021 4.014 normal 209.74247329012343
0.304 0.022 0.3883333333333333 7.42e-05 0.0021 4.014 inverted 180.00776553774153
0.304 0.022 0.3883333333333333 7.42e-05 0.00215 4.014 inverted 145.48001634842245
0.304 0.022 0.37166666666666665 7.42e-05 0.0029000000000000002 4.014 inverted 142.1479630792595
0.304 0.022 0.3883333333333333 7.42e-05 0.0023 4.014 inverted 73.80172725645822
0.304 0.022 0.3883333333333333 7.42e-05 0.00235 4.014 inverted 55.317709128839454
0.304 0.022 0.3883333333333333 7.42e-05 0.0026 4.014 normal 30.928174828961833
0.304 0.022 0.3883333333333333 7.42e-05 0.00245 4.014 normal 39.394270986846635
0.304 0.022 0.3883333333333333 7.42e-05 0.0022500000000000003 4.014 inverted 93.71103335579977
0.304 0.022 0.3883333333333333 7.42e-05 0.0024000000000000002 4.014 inverted 38.904695803183465
0.304 0.022 0.3883333333333333 7.42e-05 0.00255 4.014 normal 27.59581211843731
0.304 0.022 0.3883333333333333 7.42e-05 0.00265 4.014 inverted 43.71884724377909
0.304 0.022 0.3883333333333333 7.42e-05 0.00245 4.014 inverted 26.297785433787592
0.304 0.022 0.3883333333333333 7.42e-05 0.0024000000000000002 4.014 normal 54.661339535957055
0.304 0.022 0.3883333333333333 7.42e-05 0.0025 4.014 inverted 20.343226302753965
0.304 0.022 0.3883333333333333 7.42e-05 0.0026 4.014 inverted 30.975960335350248
0.304 0.022 0.3883333333333333 7.42e-05 0.00235 4.014 normal 73.30167347823419
0.304 0.022 0.3883333333333333 7.42e-05 0.0027 4.014 normal 50.90942598485149
0.304 0.022 0.3883333333333333 7.42e-05 0.0022500000000000003 4.014 normal 119.88808195508956
0.304 0.022 0.3883333333333333 7.42e-05 0.00255 4.014 inverted 22.454327885698728
0.304 0.022 0.3883333333333333 7.42e-05 0.0023 4.014 normal 94.39701059826528
0.304 0.022 0.3883333333333333 7.42e-05 0.0025 4.014 normal 29.78106683441504
0.304 0.022 0.3883333333333333 7.42e-05 0.0027 4.014 inverted 59.20693444485767
0.304 0.022 0.3883333333333333 7.42e-05 0.00265 4.014 normal 39.37941638343307
0.304 0.022 0.405 7.42e-05 0.002 4.014 inverted 244.88691467688201
0.304 0.022 0.3883333333333333 7.42e-05 0.0028 4.014 normal 77.32240744559421
0.304 0.022 0.3883333333333333 7.42e-05 0.00275 4.014 inverted 76.81376124609994
0.304 0.022 0.405 7.42e-05 0.00205 4.014 normal 238.23664802483117
0.304 0.022 0.405 7.42e-05 0.002 4.014 normal 281.79384092075276
0.304 0.022 0.3883333333333333 7.42e-05 0.00295 4.014 inverted 150.6398368037667
0.304 0.022 0.3883333333333333 7.42e-05 0.0029000000000000002 4.014 inverted 130.25052830506885
0.304 0.022 0.405 7.42e-05 0.0021 4.014 inverted 167.90129951463686
0.304 0.022 0.3883333333333333 7.42e-05 0.003 4.014 inverted 172.88726368559907
0.304 0.022 0.3883333333333333 7.42e-05 0.00275 4.014 normal 63.756455487582926
0.304 0.022 0.3883333333333333 7.42e-05 0.00285 4.014 inverted 111.07945077504856
0.304 0.022 0.405 7.42e-05 0.00205 4.014 inverted 204.63884491234037
0.304 0.022 0.405 7.42e-05 0.00215 4.014 inverted 133.77154848970395
0.304 0.022 0.3883333333333333 7.42e-05 0.00295 4.014 normal 124.92851426681733
0.304 0.022 0.3883333333333333 7.42e-05 0.00285 4.014 normal 91.13838152966399
0.304 0.022 0.405 7.42e-05 0.0021 4.014 normal 197.97938514313907
0.304 0.022 0.3883333333333333 7.42e-05 0.003 4.014 normal 144.2704515328545
0.304 0.022 0.405 7.42e-05 0.00215 4.014 normal 164.07356154064755
0.304 0.022 0.3883333333333333 7.42e-05 0.0029000000000000002 4.014 normal 107.12846083380337
0.304 0.022 0.3883333333333333 7.42e-05 0.0028 4.014 inverted 94.73642373617551
0.304 0.022 0.405 7.42e-05 0.00245 4.014 normal 28.053993144079765
0.304 0.022 0.405 7.42e-05 0.0025 4.014 inverted 10.384083207657516
0.304 0.022 0.405 7.42e-05 0.0023 4.014 inverted 62.045487673727806
0.304 0.022 0.405 7.42e-05 0.00255 4.014 inverted 13.606719853737419
0.304 0.022 0.405 7.42e-05 0.0022500000000000003 4.014 normal 108.76021924733215
0.304 0.022 0.405 7.42e-05 0.0026 4.014 inverted 22.973586328869917
0.304 0.022 0.405 7.42e-05 0.0025 4.014 normal 19.36830695492564
0.304 0.022 0.405 7.42e-05 0.00255 4.014 normal 18.061654216580667
0.304 0.022 0.405 7.42e-05 0.00235 4.014 normal 61.65326001606222
0.304 0.022 0.405 7.42e-05 0.0022500000000000003 4.014 inverted 82.29096021829108
0.304 0.022 0.405 7.42e-05 0.0024000000000000002 4.014 normal 43.02952812074757
0.304 0.022 0.405 7.42e-05 0.0023 4.014 normal 83.05516706386572
0.304 0.022 0.405 7.42e-05 0.0024000000000000002 4.014 inverted 27.165510196404757
0.304 0.022 0.405 7.42e-05 0.0022 4.014 inverted 105.7609670020296
0.304 0.022 0.405 7.42e-05 0.00235 4.014 inverted 43.36023855414601
0.304 0.022 0.405 7.42e-05 0.00265 4.014 inverted 35.94796548508501
0.304 0.022 0.405 7.42e-05 0.00245 4.014 inverted 15.328665721445681
0.304 0.022 0.405 7.42e-05 0.0022 4.014 normal 134.8406734600825
0.304 0.022 0.405 7.42e-05 0.0026 4.014 normal 22.19028265000502
0.304 0.022 0.405 7.42e-05 0.00265 4.014 normal 30.95172793360262
0.304 0.022 0.405 7.42e-05 0.00275 4.014 normal 56.2507232034245
0.304 0.022 0.405 7.42e-05 0.0028 4.014 normal 70.78179409603817
0.304 0.022 0.405 7.42e-05 0.00285 4.014 inverted 106.49639863847288
0.304 0.022 0.405 7.42e-05 0.00295 4.014 normal 120.8411495696665
0.304 0.022 0.405 7.42e-05 0.0027 4.014 normal 42.847068361299655
0.304 0.022 0.405 7.42e-05 0.0027 4.014 inverted 51.78087115314654
0.304 0.022 0.42166666666666663 7.42e-05 0.002 4.014 inverted 239.42342617455895
0.304 0.022 0.405 7.42e-05 0.00275 4.014 inverted 70.138450290959
0.304 0.022 0.42166666666666663 7.42e-05 0.0021 4.014 normal 192.22650596101167
0.304 0.022 0.405 7.42e-05 0.003 4.014 inverted 170.02735481570775
0.304 0.022 0.42166666666666663 7.42e-05 0.0021 4.014 inverted 162.30019714418165
0.304 0.022 0.42166666666666663 7.42e-05 0.00205 4.014 normal 232.3791255775739
0.304 0.022 0.42166666666666663 7.42e-05 0.00205 4.014 inverted 199.05122350697332
0.304 0.022 0.405 7.42e-05 0.00295 4.014 inverted 147.48295438845116
0.304 0.022 0.405 7.42e-05 0.0029000000000000002 4.014 normal 102.4285647270012
0.304 0.022 0.42166666666666663 7.42e-05 0.002 4.014 normal 276.604440414881
0.304 0.022 0.405 7.42e-05 0.00285 4.014 normal 85.59983704186732
0.304 0.022 0.405 7.42e-05 0.0028 4.014 inverted 89.18040553560841
0.304 0.022 0.405 7.42e-05 0.0029000000000000002 4.014 inverted 126.62914439905009
0.304 0.022 0.405 7.42e-05 0.003 4.014 normal 140.92387051495274
0.304 0.022 0.42166666666666663 7.42e-05 0.0023 4.014 normal 77.73873454072084
0.304 0.022 0.42166666666666663 7.42e-05 0.00215 4.014 inverted 128.51041688461908
0.304 0.022 0.42166666666666663 7.42e-05 0.00215 4.014 normal 158.67691987953145
0.304 0.022 0.42166666666666663 7.42e-05 0.0025 4.014 normal 14.894633782255859
0.304 0.022 0.42166666666666663 7.42e-05 0.0022500000000000003 4.014 normal 103.59394538967665
0.304 0.022 0.42166666666666663 7.42e-05 0.0022 4.014 inverted 100.77274450349584
0.304 0.022 0.42166666666666663 7.42e-05 0.0023 4.014 inverted 56.74365371263987
0.304 0.022 0.42166666666666663 7.42e-05 0.0022500000000000003 4.014 inverted 77.27392402036772
0.304 0.022 0.42166666666666663 7.42e-05 0.0025 4.014 inverted 6.6387479150783335
0.304 0.022 0.42166666666666663 7.42e-05 0.0024000000000000002 4.014 normal 37.43812178745438
0.304 0.022 0.42166666666666663 7.42e-05 0.00235 4.014 inverted 37.93861632846734
0.304 0.022 0.42166666666666663 7.42e-05 0.00235 4.014 normal 56.05501268917191
0.304 0.022 0.42166666666666663 7.42e-05 0.0022 4.014 normal 129.7389480265393
0.304 0.022 0.42166666666666663 7.42e-05 0.0026 4.014 normal 19.20524479724906
0.304 0.022 0.42166666666666663 7.42e-05 0.00245 4.014 normal 23.29201475177591
0.304 0.022 0.42166666666666663 7.42e-05 0.00245 4.014 inverted 10.72014746628802
0.304 0.022 0.42166666666666663 7.42e-05 0.0024000000000000002 4.014 inverted 21.901754006131203
0.304 0.022 0.42166666666666663 7.42e-05 0.0026 4.014 inverted 20.902272762016512
0.304 0.022 0.42166666666666663 7.42e-05 0.00255 4.014 normal 14.473654249381775
0.304 0.022 0.42166666666666663 7.42e-05 0.00255 4.014 inverted 10.827962044634436
0.304 0.022 0.42166666666666663 7.42e-05 0.00285 4.014 inverted 107.31146948294146
0.304 0.022 0.42166666666666663 7.42e-05 0.0027 4.014 normal 40.436139189405715
0.304 0.022 0.42166666666666663 7.42e-05 0.0027 4.014 inverted 50.19507428376213
0.304 0.022 0.43833333333333335 7.42e-05 0.002 4.014 normal 274.9839155118312
0.304 0.022 0.42166666666666663 7.42e-05 0.0029000000000000002 4.014 inverted 128.3194312141723
0.304 0.022 0.43833333333333335 7.42e-05 0.00205 4.014 normal 230.40523349878808
0.304 0.022 0.43833333333333335 7.42e-05 0.002 4.014 inverted 237.98473255178226
0.304 0.022 0.42166666666666663 7.42e-05 0.00275 4.014 normal 54.325441532851656
0.304 0.022 0.42166666666666663 7.42e-05 0.0029000000000000002 4.014 normal 102.88185929881095
0.304 0.022 0.42166666666666663 7.42e-05 0.003 4.014 normal 142.4031884465259
0.304 0.022 0.42166666666666663 7.42e-05 0.00275 4.014 inverted 69.17294152639603
0.304 0.022 0.42166666666666663 7.42e-05 0.00265 4.014 normal 28.243368984066763
0.304 0.022 0.42166666666666663 7.42e-05 0.00265 4.014 inverted 34.04866802359751
0.304 0.022 0.42166666666666663 7.42e-05 0.00285 4.014 normal 85.33188197792136
0.304 0.022 0.42166666666666663 7.42e-05 0.00295 4.014 normal 121.84522873937871
0.304 0.022 0.43833333333333335 7.42e-05 0.00205 4.014 inverted 197.5195226483254
0.304 0.022 0.42166666666666663 7.42e-05 0.0028 4.014 normal 69.67869307455351
0.304 0.022 0.42166666666666663 7.42e-05 0.0028 4.014 inverted 89.16606190947985
0.304 0.022 0.42166666666666663 7.42e-05 0.003 4.014 inverted 172.29791563072177
0.304 0.022 0.42166666666666663 7.42e-05 0.00295 4.014 inverted 149.5140653196837
0.304 0.022 0.43833333333333335 7.42e-05 0.0022 4.014 normal 128.492093809733
0.304 0.022 0.43833333333333335 7.42e-05 0.0021 4.014 inverted 160.74692310891345
0.304 0.022 0.43833333333333335 7.42e-05 0.0022 4.014 inverted 99.69447065287237
0.304 0.022 0.43833333333333335 7.42e-05 0.0021 4.014 normal 190.2962522936208
0.304 0.022 0.43833333333333335 7.42e-05 0.00245 4.014 normal 22.07423604501096
0.304 0.022 0.43833333333333335 7.42e-05 0.00235 4.014 normal 54.28885198224308
0.304 0.022 0.43833333333333335 7.42e-05 0.00245 4.014 inverted 9.96716002906246
0.304 0.022 0.43833333333333335 7.42e-05 0.0022500000000000003 4.014 inverted 76.2392558298923
0.304 0.022 0.43833333333333335 7.42e-05 0.0023 4.014 inverted 55.44589450537944
0.304 0.022 0.43833333333333335 7.42e-05 0.00215 4.014 inverted 127.23937680353063
0.304 0.022 0.43833333333333335 7.42e-05 0.00215 4.014 normal 157.01561791375863
0.304 0.022 0.43833333333333335 7.42e-05 0.0024000000000000002 4.014 normal 35.69385672006331
0.304 0.022 0.43833333333333335 7.42e-05 0.00235 4.014 inverted 36.50998623301793
0.304 0.022 0.43833333333333335 7.42e-05 0.0025 4.014 normal 14.221924782170662
0.304 0.022 0.43833333333333335 7.42e-05 0.0023 4.014 normal 76.27756375314186
0.304 0.022 0.43833333333333335 7.42e-05 0.0025 4.014 inverted 6.5952546119480004
0.304 0.022 0.43833333333333335 7.42e-05 0.00255 4.014 inverted 11.5620740414399
0.304 0.022 0.43833333333333335 7.42e-05 0.00255 4.014 normal 14.367267191600241
0.304 0.022 0.43833333333333335 7.42e-05 0.0024000000000000002 4.014 inverted 20.701330236965745
0.304 0.022 0.43833333333333335 7.42e-05 0.0022500000000000003 4.014 normal 102.19507260566446
0.304 0.022 0.45499999999999996 7.42e-05 0.002 4.014 inverted 238.56907567839744
0.304 0.022 0.43833333333333335 7.42e-05 0.0026 4.014 normal 19.663135799253546
0.304 0.022 0.43833333333333335 7.42e-05 0.0028 4.014 normal 71.65489235150282
0.304 0.022 0.45499999999999996 7.42e-05 0.002 4.014 normal 275.3988757137103
0.304 0.022 0.43833333333333335 7.42e-05 0.0028 4.014 inverted 92.17070507471027
0.304 0.022 0.43833333333333335 7.42e-05 0.00295 4.014 normal 125.56852071492666
0.304 0.022 0.43833333333333335 7.42e-05 0.00275 4.014 inverted 71.355728187706
0.304 0.022 0.43833333333333335 7.42e-05 0.00265 4.014 normal 28.918631097383308
0.304 0.022 0.43833333333333335 7.42e-05 0.00265 4.014 inverted 35.49875564767981
0.304 0.022 0.43833333333333335 7.42e-05 0.0029000000000000002 4.014 inverted 132.60645716136364
0.304 0.022 0.43833333333333335 7.42e-05 0.003 4.014 inverted 177.12315967472315
0.304 0.022 0.43833333333333335 7.42e-05 0.0027 4.014 normal 41.387520852528354
0.304 0.022 0.43833333333333335 7.42e-05 0.00285 4.014 inverted 110.9714317655193
0.304 0.022 0.43833333333333335 7.42e-05 0.00275 4.014 normal 55.652619468782554
0.304 0.022 0.43833333333333335 7.42e-05 0.003 4.014 normal 146.5339098758559
0.304 0.022 0.43833333333333335 7.42e-05 0.0026 4.014 inverted 22.204728583677863
0.304 0.022 0.43833333333333335 7.42e-05 0.0027 4.014 inverted 51.89067375826076
0.304 0.022 0.43833333333333335 7.42e-05 0.00285 4.014 normal 87.99414724370259
0.304 0.022 0.43833333333333335 7.42e-05 0.0029000000000000002 4.014 normal 106.13268815982306
0.304 0.022 0.43833333333333335 7.42e-05 0.00295 4.014 inverted 154.13575900729555
0.304 0.022 0.45499999999999996 7.42e-05 0.0021 4.014 inverted 161.25404937131609
0.304 0.022 0.45499999999999996 7.42e-05 0.00205 4.014 inverted 198.04769130624533
0.304 0.022 0.45499999999999996 7.42e-05 0.0022 4.014 normal 129.16151520798346
0.304 0.022 0.45499999999999996 7.42e-05 0.00215 4.014 normal 157.4924913152741
0.304 0.022 0.45499999999999996 7.42e-05 0.00245 4.014 normal 22.58545369287403
0.304 0.022 0.45499999999999996 7.42e-05 0.0022 4.014 inverted 100.53953277408121
0.304 0.022 0.45499999999999996 7.42e-05 0.0024000000000000002 4.014 inverted 21.404543600664468
0.304 0.022 0.45499999999999996 7.42e-05 0.00205 4.014 normal 230.5157490116312
0.304 0.022 0.45499999999999996 7.42e-05 0.0021 4.014 normal 190.46536003370022
0.304 0.022 0.45499999999999996 7.42e-05 0.0023 4.014 normal 76.77294316681909
0.304 0.022 0.45499999999999996 7.42e-05 0.00235 4.014 inverted 37.07269606006616
0.304 0.022 0.45499999999999996 7.42e-05 0.00215 4.014 inverted 127.9469092059379
0.304 0.022 0.45499999999999996 7.42e-05 0.0025 4.014 normal 15.37635736844004
0.304 0.022 0.45499999999999996 7.42e-05 0.0022500000000000003 4.014 inverted 77.08945161167756
0.304 0.022 0.45499999999999996 7.42e-05 0.0022500000000000003 4.014 normal 102.75817987002858
0.304 0.022 0.45499999999999996 7.42e-05 0.0023 4.014 inverted 56.1471097960307
0.304 0.022 0.45499999999999996 7.42e-05 0.0025 4.014 inverted 8.214046357609051
0.304 0.022 0.45499999999999996 7.42e-05 0.0024000000000000002 4.014 normal 35.80074634110668
0.304 0.022 0.45499999999999996 7.42e-05 0.00245 4.014 inverted 11.031966322025063
0.304 0.022 0.45499999999999996 7.42e-05 0.00235 4.014 normal 54.62997081921035
0.304 0.022 0.45499999999999996 7.42e-05 0.0026 4.014 normal 21.69368061348639
0.304 0.022 0.45499999999999996 7.42e-05 0.00255 4.014 normal 15.9691937602289
0.304 0.022 0.45499999999999996 7.42e-05 0.0027 4.014 inverted 54.781655536500615
0.304 0.022 0.45499999999999996 7.42e-05 0.00295 4.014 inverted 159.23751770126702
0.304 0.022 0.45499999999999996 7.42e-05 0.00255 4.014 inverted 13.756730026964583
0.304 0.022 0.45499999999999996 7.42e-05 0.00285 4.014 normal 91.67021743936431
0.304 0.022 0.45499999999999996 7.42e-05 0.0028 4.014 inverted 96.03000373846888
0.304 0.022 0.45499999999999996 7.42e-05 0.0029000000000000002 4.014 inverted 137.51948240248302
0.304 0.022 0.45499999999999996 7.42e-05 0.0027 4.014 normal 43.82132262151069
0.304 0.022 0.45499999999999996 7.42e-05 0.0026 4.014 inverted 24.815121263767114
0.304 0.022 0.45499999999999996 7.42e-05 0.00265 4.014 inverted 38.240227998327356
0.304 0.022 0.45499999999999996 7.42e-05 0.00295 4.014 normal 130.06519907950337
0.304 0.022 0.45499999999999996 7.42e-05 0.00285 4.014 inverted 115.34756877450869
0.304 0.022 0.45499999999999996 7.42e-05 0.0028 4.014 normal 74.81284276886845
0.304 0.022 0.45499999999999996 7.42e-05 0.003 4.014 normal 151.38659349988353
0.304 0.022 0.45499999999999996 7.42e-05 0.0029000000000000002 4.014 normal 110.26847793530881
0.304 0.022 0.45499999999999996 7.42e-05 0.00275 4.014 inverted 74.62055325501598
0.304 0.022 0.45499999999999996 7.42e-05 0.00275 4.014 normal 58.33184067077594
0.304 0.022 0.45499999999999996 7.42e-05 0.00265 4.014 normal 31.119235634960734
0.304 0.022 0.45499999999999996 7.42e-05 0.003 4.014 inverted 182.4135715761664
0.304 0.022 0.4716666666666667 7.42e-05 0.0022500000000000003 4.014 inverted 78.37402079528994
0.304 0.022 0.4716666666666667 7.42e-05 0.00205 4.014 inverted 199.09878531140674
0.304 0.022 0.4716666666666667 7.42e-05 0.002 4.014 normal 276.5977658040036
0.304 0.022 0.4716666666666667 7.42e-05 0.0022 4.014 inverted 101.76199006730639
0.304 0.022 0.4716666666666667 7.42e-05 0.00205 4.014 normal 231.46995471943853
0.304 0.022 0.4716666666666667 7.42e-05 0.0022500000000000003 4.014 normal 103.97594033488076
0.304 0.022 0.4716666666666667 7.42e-05 0.00215 4.014 inverted 129.11028516133263
0.304 0.022 0.4716666666666667 7.42e-05 0.00245 4.014 normal 23.87728980883043
0.304 0.022 0.4716666666666667 7.42e-05 0.0022 4.014 normal 130.43598392660414
0.304 0.022 0.4716666666666667 7.42e-05 0.00235 4.014 normal 55.74144556756161
0.304 0.022 0.4716666666666667 7.42e-05 0.0023 4.014 inverted 57.254418166451764
0.304 0.022 0.4716666666666667 7.42e-05 0.002 4.014 inverted 239.6703857389893
0.304 0.022 0.4716666666666667 7.42e-05 0.00235 4.014 inverted 38.10059553210195
0.304 0.022 0.4716666666666667 7.42e-05 0.0024000000000000002 4.014 inverted 22.516130144747635
0.304 0.022 0.4716666666666667 7.42e-05 0.00215 4.014 normal 158.5565332168841
0.304 0.022 0.4716666666666667 7.42e-05 0.0024000000000000002 4.014 normal 36.905896351329964
0.304 0.022 0.4716666666666667 7.42e-05 0.0021 4.014 normal 191.48141385577608
0.304 0.022 0.4716666666666667 7.42e-05 0.0021 4.014 inverted 162.27659499401145
0.304 0.022 0.4716666666666667 7.42e-05 0.0023 4.014 normal 77.96753202843804
0.304 0.022 0.4716666666666667 7.42e-05 0.00245 4.014 inverted 12.381677477534462
0.304 0.022 0.4716666666666667 7.42e-05 0.00255 4.014 inverted 15.71977571957834
0.304 0.022 0.4716666666666667 7.42e-05 0.0027 4.014 inverted 57.31019700344356
0.304 0.022 0.4716666666666667 7.42e-05 0.00255 4.014 normal 17.84463275040424
0.304 0.022 0.4716666666666667 7.42e-05 0.00265 4.014 inverted 40.64826605038566
0.304 0.022 0.4716666666666667 7.42e-05 0.00275 4.014 normal 60.96191533371162
0.304 0.022 0.4716666666666667 7.42e-05 0.0026 4.014 inverted 27.168413306641316
0.304 0.022 0.4716666666666667 7.42e-05 0.00265 4.014 normal 33.448848502535206
0.304 0.022 0.4716666666666667 7.42e-05 0.0025 4.014 normal 17.06013606070006
0.304 0.022 0.4716666666666667 7.42e-05 0.00285 4.014 inverted 118.86443605457225
0.304 0.022 0.4716666666666667 7.42e-05 0.0026 4.014 normal 23.926730822506027
0.304 0.022 0.4716666666666667 7.42e-05 0.0027 4.014 normal 46.26397951964481
0.304 0.022 0.4716666666666667 7.42e-05 0.0025 4.014 inverted 9.938195332831985
0.304 0.022 0.4716666666666667 7.42e-05 0.0029000000000000002 4.014 normal 113.86848488050498
0.304 0.022 0.4716666666666667 7.42e-05 0.00295 4.014 normal 133.92404354440848
0.304 0.022 0.4716666666666667 7.42e-05 0.0029000000000000002 4.014 inverted 141.4071984811171
0.304 0.022 0.4716666666666667 7.42e-05 0.0028 4.014 normal 77.75010308463453
0.304 0.022 0.4716666666666667 7.42e-05 0.00295 4.014 inverted 163.26718688435753
0.304 0.022 0.4716666666666667 7.42e-05 0.00285 4.014 normal 94.97045111683138
0.304 0.022 0.4716666666666667 7.42e-05 0.00275 4.014 inverted 77.3787240833477
0.304 0.022 0.4716666666666667 7.42e-05 0.0028 4.014 inverted 99.20579283999835
0.304 0.022 0.4883333333333333 7.42e-05 0.0024000000000000002 4.014 inverted 23.016069462082225
0.304 0.022 0.4883333333333333 7.42e-05 0.00205 4.014 normal 232.56505485421374
0.304 0.022 0.4883333333333333 7.42e-05 0.00205 4.014 inverted 199.68318267081676
0.304 0.022 0.4883333333333333 7.42e-05 0.0022 4.014 inverted 102.33020810660143
0.304 0.022 0.4716666666666667 7.42e-05 0.003 4.014 normal 155.5422829718929
0.304 0.022 0.4883333333333333 7.42e-05 0.002 4.014 inverted 240.2866515415064
0.304 0.022 0.4883333333333333 7.42e-05 0.00215 4.014 inverted 129.7586456209343
0.304 0.022 0.4883333333333333 7.42e-05 0.00215 4.014 normal 159.61486870409377
0.304 0.022 0.4883333333333333 7.42e-05 0.0023 4.014 normal 79.01119950595312
0.304 0.022 0.4883333333333333 7.42e-05 0.0022 4.014 normal 131.48554487810924
0.304 0.022 0.4883333333333333 7.42e-05 0.0021 4.014 normal 192.59433805165773
0.304 0.022 0.4716666666666667 7.42e-05 0.003 4.014 inverted 186.58196290381065
0.304 0.022 0.4883333333333333 7.42e-05 0.0024000000000000002 4.014 normal 37.77542271422749
0.304 0.022 0.4883333333333333 7.42e-05 0.00235 4.014 normal 56.763562905542706
0.304 0.022 0.4883333333333333 7.42e-05 0.002 4.014 normal 277.78292488140966
0.304 0.022 0.4883333333333333 7.42e-05 0.00235 4.014 inverted 38.559201501899636
0.304 0.022 0.4883333333333333 7.42e-05 0.0022500000000000003 4.014 normal 105.08015259710076
0.304 0.022 0.4883333333333333 7.42e-05 0.0021 4.014 inverted 162.8104667977445
0.304 0.022 0.4883333333333333 7.42e-05 0.0022500000000000003 4.014 inverted 78.94886406713093
0.304 0.022 0.4883333333333333 7.42e-05 0.0023 4.014 inverted 57.761853142698456
0.304 0.022 0.4883333333333333 7.42e-05 0.0025 4.014 inverted 10.702662088358466
0.304 0.022 0.4883333333333333 7.42e-05 0.00245 4.014 inverted 12.980893827944648
0.304 0.022 0.4883333333333333 7.42e-05 0.0028 4.014 inverted 100.6134895444161
0.304 0.022 0.4883333333333333 7.42e-05 0.0027 4.014 inverted 58.42499018947526
0.304 0.022 0.4883333333333333 7.42e-05 0.00255 4.014 normal 19.200839012505398
0.304 0.022 0.4883333333333333 7.42e-05 0.00275 4.014 inverted 78.60292775028988
0.304 0.022 0.4883333333333333 7.42e-05 0.0025 4.014 normal 18.37764456972255
0.304 0.022 0.4883333333333333 7.42e-05 0.0028 4.014 normal 79.57935746132615
0.304 0.022 0.4883333333333333 7.42e-05 0.00285 4.014 normal 96.94427169215474
0.304 0.022 0.4883333333333333 7.42e-05 0.00245 4.014 normal 25.01204655357962
0.304 0.022 0.4883333333333333 7.42e-05 0.0026 4.014 normal 25.471965652589276
0.304 0.022 0.4883333333333333 7.42e-05 0.00255 4.014 inverted 16.6585985926074
0.304 0.022 0.4883333333333333 7.42e-05 0.00265 4.014 inverted 41.73354060478129
0.304 0.022 0.4883333333333333 7.42e-05 0.0029000000000000002 4.014 normal 116.01271528243194
0.304 0.022 0.4883333333333333 7.42e-05 0.00285 4.014 inverted 120.47419470347133
0.304 0.022 0.4883333333333333 7.42e-05 0.0027 4.014 normal 47.90185084603247
0.304 0.022 0.4883333333333333 7.42e-05 0.00265 4.014 normal 35.036393276764414
0.304 0.022 0.4883333333333333 7.42e-05 0.0026 4.014 inverted 28.240101403098915
0.304 0.022 0.4883333333333333 7.42e-05 0.00275 4.014 normal 62.64984424335083
0.304 0.022 0.4883333333333333 7.42e-05 0.0029000000000000002 4.014 inverted 143.19487498917272
0.304 0.022 0.505 7.42e-05 0.00205 4.014 inverted 199.26657207185292
0.304 0.022 0.505 7.42e-05 0.002 4.014 inverted 239.90473764520058
0.304 0.022 0.505 7.42e-05 0.0021 4.014 inverted 162.32507914268876
0.304 0.022 0.4883333333333333 7.42e-05 0.00295 4.014 inverted 165.15106993217105
0.304 0.022 0.505 7.42e-05 0.0022 4.014 normal 131.96210024017384
0.304 0.022 0.4883333333333333 7.42e-05 0.003 4.014 inverted 188.56134542007158
0.304 0.022 0.4883333333333333 7.42e-05 0.00295 4.014 normal 136.23213475831813
0.304 0.022 0.505 7.42e-05 0.002 4.014 normal 278.62430858879344
0.304 0.022 0.505 7.42e-05 0.0022500000000000003 4.014 normal 105.66596523776951
0.304 0.022 0.505 7.42e-05 0.00215 4.014 inverted 129.22637985039742
0.304 0.022 0.505 7.42e-05 0.0023 4.014 inverted 57.13314806837501
0.304 0.022 0.505 7.42e-05 0.0023 4.014 normal 79.5397853646936
0.304 0.022 0.4883333333333333 7.42e-05 0.003 4.014 normal 157.97640527998377
0.304 0.022 0.505 7.42e-05 0.00235 4.014 normal 57.3283903815461
0.304 0.022 0.505 7.42e-05 0.0021 4.014 normal 193.32976271523344
0.304 0.022 0.505 7.42e-05 0.00235 4.014 inverted 37.91782309768895
0.304 0.022 0.505 7.42e-05 0.0022500000000000003 4.014 inverted 78.34063367939495
0.304 0.022 0.505 7.42e-05 0.00205 4.014 normal 233.32418114944366
0.304 0.022 0.505 7.42e-05 0.0022 4.014 inverted 101.72566533707163
0.304 0.022 0.505 7.42e-05 0.00215 4.014 normal 160.09404212871198
0.304 0.022 0.505 7.42e-05 0.00245 4.014 inverted 12.30962408630744
0.304 0.022 0.505 7.42e-05 0.0025 4.014 inverted 9.994977256739302
0.304 0.022 0.505 7.42e-05 0.00275 4.014 inverted 77.75548505986434
0.304 0.022 0.505 7.42e-05 0.0024000000000000002 4.014 normal 38.357750018365195
0.304 0.022 0.505 7.42e-05 0.0028 4.014 normal 79.86344139670982
0.304 0.022 0.505 7.42e-05 0.00255 4.014 normal 19.689569272589313
0.304 0.022 0.505 7.42e-05 0.0026 4.014 normal 25.927019222024395
0.304 0.022 0.505 7.42e-05 0.0027 4.014 normal 48.3051418747756
0.304 0.022 0.505 7.42e-05 0.0024000000000000002 4.014 inverted 22.372360741056312
0.304 0.022 0.505 7.42e-05 0.0027 4.014 inverted 57.59388022808249
0.304 0.022 0.505 7.42e-05 0.00265 4.014 normal 35.46094456405227
0.304 0.022 0.505 7.42e-05 0.00285 4.014 inverted 119.63540502373614
0.304 0.022 0.505 7.42e-05 0.00265 4.014 inverted 40.94994611032448
0.304 0.022 0.505 7.42e-05 0.00245 4.014 normal 25.57405144104329
0.304 0.022 0.505 7.42e-05 0.0025 4.014 normal 19.17077482820256
0.304 0.022 0.505 7.42e-05 0.0028 4.014 inverted 99.72562320507603
0.304 0.022 0.505 7.42e-05 0.00275 4.014 normal 62.98935665898684
0.304 0.022 0.505 7.42e-05 0.00285 4.014 normal 97.1816469802329
0.304 0.022 0.505 7.42e-05 0.00255 4.014 inverted 15.922219715941301
0.304 0.022 0.505 7.42e-05 0.0026 4.014 inverted 27.476948862375465
0.304 0.022 0.505 7.42e-05 0.00295 4.014 inverted 164.3484933688313
0.304 0.022 0.5216666666666667 7.42e-05 0.0022 4.014 normal 132.02910197041294
0.304 0.022 0.5216666666666667 7.42e-05 0.00205 4.014 inverted 197.8272051245437
0.304 0.022 0.5216666666666667 7.42e-05 0.002 4.014 inverted 238.48678805035615
0.304 0.022 0.5216666666666667 7.42e-05 0.002 4.014 normal 279.28931194139756
0.304 0.022 0.5216666666666667 7.42e-05 0.00205 4.014 normal 234.0591674875165
0.304 0.022 0.505 7.42e-05 0.003 4.014 normal 158.32617580764799
0.304 0.022 0.505 7.42e-05 0.0029000000000000002 4.014 normal 116.27935049910815
0.304 0.022 0.5216666666666667 7.42e-05 0.0022 4.014 inverted 99.92956202203058
0.304 0.022 0.5216666666666667 7.42e-05 0.00215 4.014 inverted 127.57516417225489
0.304 0.022 0.5216666666666667 7.42e-05 0.0023 4.014 normal 79.67824374850741
0.304 0.022 0.5216666666666667 7.42e-05 0.0021 4.014 normal 193.85284031405325
0.304 0.022 0.5216666666666667 7.42e-05 0.0021 4.014 inverted 160.81943107693138
0.304 0.022 0.5216666666666667 7.42e-05 0.0023 4.014 inverted 55.38056716579628
0.304 0.022 0.505 7.42e-05 0.0029000000000000002 4.014 inverted 142.3597247970478
0.304 0.022 0.5216666666666667 7.42e-05 0.0022500000000000003 4.014 inverted 76.53523768752771
0.304 0.022 0.5216666666666667 7.42e-05 0.00215 4.014 normal 160.37439743814372
0.304 0.022 0.505 7.42e-05 0.00295 4.014 normal 136.5515962953096
0.304 0.022 0.5216666666666667 7.42e-05 0.0022500000000000003 4.014 normal 105.83589058762861
0.304 0.022 0.505 7.42e-05 0.003 4.014 inverted 187.79450533636486
0.304 0.022 0.5216666666666667 7.42e-05 0.00235 4.014 inverted 36.16851592067457
0.304 0.022 0.5216666666666667 7.42e-05 0.0025 4.014 normal 19.097612482629255
0.304 0.022 0.5216666666666667 7.42e-05 0.0025 4.014 inverted 7.797627956673934
0.304 0.022 0.5216666666666667 7.42e-05 0.00265 4.014 inverted 38.2870278523767
0.304 0.022 0.5216666666666667 7.42e-05 0.0024000000000000002 4.014 inverted 20.58021431877086
0.304 0.022 0.5216666666666667 7.42e-05 0.00245 4.014 normal 25.70294594120729
0.304 0.022 0.5216666666666667 7.42e-05 0.0024000000000000002 4.014 normal 38.68868106828602
0.304 0.022 0.5216666666666667 7.42e-05 0.0028 4.014 inverted 96.5393025317283
0.304 0.022 0.5216666666666667 7.42e-05 0.0026 4.014 inverted 24.875478713646206
0.304 0.022 0.5216666666666667 7.42e-05 0.0026 4.014 normal 25.41045636011597
0.304 0.022 0.5216666666666667 7.42e-05 0.00255 4.014 normal 19.399082256885478
0.304 0.022 0.5216666666666667 7.42e-05 0.0027 4.014 normal 47.569511833272166
0.304 0.022 0.5216666666666667 7.42e-05 0.0028 4.014 normal 78.71168457734699
0.304 0.022 0.5216666666666667 7.42e-05 0.00275 4.014 normal 62.08607985169307
0.304 0.022 0.5216666666666667 7.42e-05 0.00235 4.014 normal 57.556273025545565
0.304 0.022 0.5216666666666667 7.42e-05 0.00245 4.014 inverted 10.353935020305192
0.304 0.022 0.5216666666666667 7.42e-05 0.0027 4.014 inverted 54.811292556163316
0.304 0.022 0.5216666666666667 7.42e-05 0.00275 4.014 inverted 74.82174122427128
0.304 0.022 0.5216666666666667 7.42e-05 0.00265 4.014 normal 34.82768319079985
0.304 0.022 0.5216666666666667 7.42e-05 0.00255 4.014 inverted 13.508342522622215
0.304 0.022 0.5383333333333333 7.42e-05 0.002 4.014 normal 280.38907222375144
0.304 0.022 0.5383333333333333 7.42e-05 0.00205 4.014 inverted 195.86356208106574
0.304 0.022 0.5216666666666667 7.42e-05 0.00285 4.014 normal 95.76926528260938
0.304 0.022 0.5383333333333333 7.42e-05 0.0021 4.014 normal 194.8092455296917
0.304 0.022 0.5383333333333333 7.42e-05 0.00205 4.014 normal 235.2444528776938
0.304 0.022 0.5216666666666667 7.42e-05 0.003 4.014 normal 156.65455419620193
0.304 0.022 0.5383333333333333 7.42e-05 0.00215 4.014 inverted 125.30059235578611
0.304 0.022 0.5216666666666667 7.42e-05 0.0029000000000000002 4.014 normal 114.75545945893266
0.304 0.022 0.5383333333333333 7.42e-05 0.00215 4.014 normal 160.98978078395348
0.304 0.022 0.5216666666666667 7.42e-05 0.00295 4.014 normal 134.95819919324893
0.304 0.022 0.5383333333333333 7.42e-05 0.0022500000000000003 4.014 normal 106.20716827797163
0.304 0.022 0.5383333333333333 7.42e-05 0.002 4.014 inverted 236.5447751402101
0.304 0.022 0.5216666666666667 7.42e-05 0.0029000000000000002 4.014 inverted 138.88809235192005
0.304 0.022 0.5383333333333333 7.42e-05 0.0022500000000000003 4.014 inverted 74.0384620454106
0.304 0.022 0.5216666666666667 7.42e-05 0.003 4.014 inverted 184.28525903725065
0.304 0.022 0.5216666666666667 7.42e-05 0.00295 4.014 inverted 160.84198057672407
0.304 0.022 0.5383333333333333 7.42e-05 0.0022 4.014 normal 132.36400689124116
0.304 0.022 0.5216666666666667 7.42e-05 0.00285 4.014 inverted 116.37723001411823
0.304 0.022 0.5383333333333333 7.42e-05 0.0022 4.014 inverted 97.44407860441034
0.304 0.022 0.5383333333333333 7.42e-05 0.0021 4.014 inverted 158.77723849843514
0.304 0.022 0.5383333333333333 7.42e-05 0.00235 4.014 normal 57.53508957766834
0.304 0.022 0.5383333333333333 7.42e-05 0.0025 4.014 normal 18.99289728957183
0.304 0.022 0.5383333333333333 7.42e-05 0.0024000000000000002 4.014 inverted 18.149697539329516
0.304 0.022 0.5383333333333333 7.42e-05 0.0026 4.014 normal 24.52422153270889
0.304 0.022 0.5383333333333333 7.42e-05 0.0027 4.014 normal 46.29530497648828
0.304 0.022 0.5383333333333333 7.42e-05 0.00265 4.014 normal 33.73646766004794
0.304 0.022 0.5383333333333333 7.42e-05 0.00255 4.014 inverted 9.925213303632237
0.304 0.022 0.5383333333333333 7.42e-05 0.00245 4.014 normal 25.990475100890237
0.304 0.022 0.5383333333333333 7.42e-05 0.0023 4.014 normal 79.99960214596011
0.304 0.022 0.5383333333333333 7.42e-05 0.00275 4.014 normal 60.532364474271816
0.304 0.022 0.5383333333333333 7.42e-05 0.00275 4.014 inverted 70.34123356183096
0.304 0.022 0.5383333333333333 7.42e-05 0.0024000000000000002 4.014 normal 39.27185491320132
0.304 0.022 0.5383333333333333 7.42e-05 0.0025 4.014 inverted 4.627113191544596
0.304 0.022 0.5383333333333333 7.42e-05 0.00255 4.014 normal 18.903144086876445
0.304 0.022 0.5383333333333333 7.42e-05 0.00235 4.014 inverted 33.81509010434779
0.304 0.022 0.5383333333333333 7.42e-05 0.0026 4.014 inverted 20.947196117025033
0.304 0.022 0.5383333333333333 7.42e-05 0.00245 4.014 inverted 7.625973326389409
0.304 0.022 0.5383333333333333 7.42e-05 0.00265 4.014 inverted 34.27390273949516
0.304 0.022 0.5383333333333333 7.42e-05 0.0027 4.014 inverted 50.5890409501035
0.304 0.022 0.5383333333333333 7.42e-05 0.0023 4.014 inverted 52.98829794972256
0.304 0.022 0.5383333333333333 7.42e-05 0.00285 4.014 inverted 111.18859417376173
0.304 0.022 0.5549999999999999 7.42e-05 0.00205 4.014 normal 237.97872607330754
0.304 0.022 0.5549999999999999 7.42e-05 0.0022 4.014 inverted 95.28792017545256
0.304 0.022 0.5549999999999999 7.42e-05 0.0021 4.014 inverted 157.20904295994663
0.304 0.022 0.5383333333333333 7.42e-05 0.0028 4.014 inverted 91.57745030654145
0.304 0.022 0.5549999999999999 7.42e-05 0.00205 4.014 inverted 194.36835934056583
0.304 0.022 0.5549999999999999 7.42e-05 0.002 4.014 inverted 235.04166479839432
0.304 0.022 0.5549999999999999 7.42e-05 0.00215 4.014 inverted 123.40435922813744
0.304 0.022 0.5383333333333333 7.42e-05 0.0029000000000000002 4.014 normal 112.01761347562334
0.304 0.022 0.5549999999999999 7.42e-05 0.0021 4.014 normal 197.7059000230877
0.304 0.022 0.5383333333333333 7.42e-05 0.0028 4.014 normal 76.69463195965545
0.304 0.022 0.5383333333333333 7.42e-05 0.00285 4.014 normal 93.30612457362803
0.304 0.022 0.5383333333333333 7.42e-05 0.00295 4.014 normal 132.04141044305516
0.304 0.022 0.5549999999999999 7.42e-05 0.00215 4.014 normal 163.09423700386193
0.304 0.022 0.5383333333333333 7.42e-05 0.00295 4.014 inverted 155.18861584372044
0.304 0.022 0.5383333333333333 7.42e-05 0.003 4.014 inverted 178.55228597414884
0.304 0.022 0.5549999999999999 7.42e-05 0.002 4.014 normal 283.03798623118115
0.304 0.022 0.5549999999999999 7.42e-05 0.0022 4.014 normal 133.9860222994867
0.304 0.022 0.5383333333333333 7.42e-05 0.003 4.014 normal 153.5384835778016
0.304 0.022 0.5383333333333333 7.42e-05 0.0029000000000000002 4.014 inverted 133.30546340321794
0.304 0.022 0.5549999999999999 7.42e-05 0.0022500000000000003 4.014 inverted 71.85354398053516
0.304 0.022 0.5549999999999999 7.42e-05 0.0023 4.014 inverted 51.00116808933693
0.304 0.022 0.5549999999999999 7.42e-05 0.0025 4.014 inverted 1.5156494948077843
0.304 0.022 0.5549999999999999 7.42e-05 0.0023 4.014 normal 81.72163333674399
0.304 0.022 0.5549999999999999 7.42e-05 0.0027 4.014 inverted 45.98631249182789
0.304 0.022 0.5549999999999999 7.42e-05 0.0022500000000000003 4.014 normal 107.88746830276361
0.304 0.022 0.5549999999999999 7.42e-05 0.00235 4.014 inverted 31.869263222992497
0.304 0.022 0.5549999999999999 7.42e-05 0.00255 4.014 inverted 6.213173881074778
0.304 0.022 0.5549999999999999 7.42e-05 0.0025 4.014 normal 19.952075332025583
0.304 0.022 0.5549999999999999 7.42e-05 0.00245 4.014 normal 27.514361029067313
0.304 0.022 0.5549999999999999 7.42e-05 0.00265 4.014 normal 33.38147871203251
0.304 0.022 0.5549999999999999 7.42e-05 0.0027 4.014 normal 45.54906322891308
0.304 0.022 0.5549999999999999 7.42e-05 0.0024000000000000002 4.014 normal 41.280691656805864
0.304 0.022 0.5549999999999999 7.42e-05 0.0024000000000000002 4.014 inverted 16.090240089076016
0.304 0.022 0.5549999999999999 7.42e-05 0.00245 4.014 inverted 5.1421317500285895
0.304 0.022 0.5549999999999999 7.42e-05 0.00265 4.014 inverted 29.927671066451452
0.304 0.022 0.5549999999999999 7.42e-05 0.00255 4.014 normal 19.346919111131356
0.304 0.022 0.5549999999999999 7.42e-05 0.0026 4.014 inverted 16.730779719767984
0.304 0.022 0.5549999999999999 7.42e-05 0.00235 4.014 normal 59.42342070586903
0.304 0.022 0.5549999999999999 7.42e-05 0.0026 4.014 normal 24.354956428955045
0.304 0.022 0.5716666666666667 7.42e-05 0.00205 4.014 inverted 194.86475996875447
0.304 0.022 0.5716666666666667 7.42e-05 0.0021 4.014 normal 203.33840441714403
0.304 0.022 0.5716666666666667 7.42e-05 0.002 4.014 inverted 235.4893697280867
0.304 0.022 0.5716666666666667 7.42e-05 0.002 4.014 normal 288.7631625743369
0.304 0.022 0.5549999999999999 7.42e-05 0.00295 4.014 inverted 148.41108981885765
0.304 0.022 0.5549999999999999 7.42e-05 0.00295 4.014 normal 128.89157183750112
0.304 0.022 0.5716666666666667 7.42e-05 0.00215 4.014 inverted 123.38974823558853
0.304 0.022 0.5549999999999999 7.42e-05 0.0029000000000000002 4.014 normal 109.16886757206952
0.304 0.022 0.5716666666666667 7.42e-05 0.0021 4.014 inverted 157.62373210055262
0.304 0.022 0.5716666666666667 7.42e-05 0.00205 4.014 normal 243.78108903958974
0.304 0.022 0.5549999999999999 7.42e-05 0.00285 4.014 inverted 105.07267927150055
0.304 0.022 0.5549999999999999 7.42e-05 0.0028 4.014 inverted 85.88607464716453
0.304 0.022 0.5549999999999999 7.42e-05 0.0028 4.014 normal 74.91816965772014
0.304 0.022 0.5549999999999999 7.42e-05 0.00285 4.014 normal 90.88275537157438
0.304 0.022 0.5549999999999999 7.42e-05 0.00275 4.014 inverted 65.32913821664124
0.304 0.022 0.5716666666666667 7.42e-05 0.00215 4.014 normal 168.1623756154895
0.304 0.022 0.5549999999999999 7.42e-05 0.00275 4.014 normal 59.40502714957123
0.304 0.022 0.5549999999999999 7.42e-05 0.003 4.014 inverted 171.65260150845552
0.304 0.022 0.5549999999999999 7.42e-05 0.003 4.014 normal 150.07527991701667
0.304 0.022 0.5549999999999999 7.42e-05 0.0029000000000000002 4.014 inverted 126.66577567771799
0.304 0.022 0.5716666666666667 7.42e-05 0.0023 4.014 inverted 50.88586841508971
0.304 0.022 0.5716666666666667 7.42e-05 0.0022500000000000003 4.014 inverted 71.46508361805247
0.304 0.022 0.5716666666666667 7.42e-05 0.0024000000000000002 4.014 normal 46.19094108379773
0.304 0.022 0.5716666666666667 7.42e-05 0.00245 4.014 inverted 4.433946371670512
0.304 0.022 0.5716666666666667 7.42e-05 0.0023 4.014 normal 86.32648153291224
0.304 0.022 0.5716666666666667 7.42e-05 0.0026 4.014 inverted 13.795706533914982
0.304 0.022 0.5716666666666667 7.42e-05 0.0025 4.014 inverted 0.0007433600392911752
0.304 0.022 0.5716666666666667 7.42e-05 0.0022 4.014 normal 138.3679831306789
0.304 0.022 0.5716666666666667 7.42e-05 0.00235 4.014 normal 64.24088629575817
0.304 0.022 0.5716666666666667 7.42e-05 0.0022 4.014 inverted 94.96159254353994
0.304 0.022 0.5716666666666667 7.42e-05 0.00255 4.014 inverted 3.9220513388758573
0.304 0.022 0.5716666666666667 7.42e-05 0.0022500000000000003 4.014 normal 112.40623061388348
0.304 0.022 0.5716666666666667 7.42e-05 0.00255 4.014 normal 22.230633984198374
0.304 0.022 0.5716666666666667 7.42e-05 0.0025 4.014 normal 23.468157128468135
0.304 0.022 0.5716666666666667 7.42e-05 0.0024000000000000002 4.014 inverted 15.92031900988679
0.304 0.022 0.5716666666666667 7.42e-05 0.00265 4.014 inverted 26.817691701956303
0.304 0.022 0.5716666666666667 7.42e-05 0.00265 4.014 normal 35.16493189087757
0.304 0.022 0.5716666666666667 7.42e-05 0.00235 4.014 inverted 31.85399531295841
0.304 0.022 0.5716666666666667 7.42e-05 0.00245 4.014 normal 31.83919655104087
0.304 0.022 0.5716666666666667 7.42e-05 0.0026 4.014 normal 26.47440566834041
0.304 0.022 0.5883333333333334 7.42e-05 0.00205 4.014 inverted 199.31170444022524
0.304 0.022 0.5883333333333334 7.42e-05 0.002 4.014 normal 299.61693453156164
0.304 0.022 0.5716666666666667 7.42e-05 0.0028 4.014 inverted 81.04016764990311
0.304 0.022 0.5716666666666667 7.42e-05 0.0027 4.014 normal 46.92970060737405
0.304 0.022 0.5883333333333334 7.42e-05 0.0021 4.014 inverted 161.9575108951534
0.304 0.022 0.5716666666666667 7.42e-05 0.0028 4.014 normal 74.96570316076931
0.304 0.022 0.5716666666666667 7.42e-05 0.0027 4.014 inverted 42.56845541534257
0.304 0.022 0.5716666666666667 7.42e-05 0.003 4.014 normal 147.88928087933812
0.304 0.022 0.5716666666666667 7.42e-05 0.00275 4.014 normal 60.2830896289644
0.304 0.022 0.5883333333333334 7.42e-05 0.00205 4.014 normal 254.70659326426195
0.304 0.022 0.5716666666666667 7.42e-05 0.00285 4.014 normal 90.0883134381965
0.304 0.022 0.5716666666666667 7.42e-05 0.00285 4.014 inverted 99.64836031341055
0.304 0.022 0.5883333333333334 7.42e-05 0.0021 4.014 normal 213.60953144655224
0.304 0.022 0.5883333333333334 7.42e-05 0.002 4.014 inverted 239.88465002355096
0.304 0.022 0.5716666666666667 7.42e-05 0.003 4.014 inverted 165.15707543348634
0.304 0.022 0.5716666666666667 7.42e-05 0.0029000000000000002 4.014 normal 107.79052257806603
0.304 0.022 0.5716666666666667 7.42e-05 0.00295 4.014 inverted 142.10390720280154
0.304 0.022 0.5716666666666667 7.42e-05 0.00275 4.014 inverted 61.36479556136367
0.304 0.022 0.5716666666666667 7.42e-05 0.00295 4.014 normal 127.08914472947922
0.304 0.022 0.5716666666666667 7.42e-05 0.0029000000000000002 4.014 inverted 120.54425845364487
0.304 0.022 0.5883333333333334 7.42e-05 0.0023 4.014 normal 95.78119055138119
0.304 0.022 0.5883333333333334 7.42e-05 0.0022 4.014 inverted 98.46648472547416
0.304 0.022 0.5883333333333334 7.42e-05 0.00255 4.014 normal 29.85819811942227
0.304 0.022 0.5883333333333334 7.42e-05 0.00215 4.014 inverted 127.23165346182333
0.304 0.022 0.5883333333333334 7.42e-05 0.00215 4.014 normal 178.22304108253644
0.304 0.022 0.5883333333333334 7.42e-05 0.0022500000000000003 4.014 normal 121.86450219044403
0.304 0.022 0.5883333333333334 7.42e-05 0.00255 4.014 inverted 5.048893171964854
0.304 0.022 0.5883333333333334 7.42e-05 0.0024000000000000002 4.014 normal 56.07098620055652
0.304 0.022 0.5883333333333334 7.42e-05 0.0022500000000000003 4.014 inverted 74.95384103897194
0.304 0.022 0.5883333333333334 7.42e-05 0.00245 4.014 inverted 7.52997063492413
0.304 0.022 0.5883333333333334 7.42e-05 0.00245 4.014 normal 41.20264066160792
0.304 0.022 0.5883333333333334 7.42e-05 0.0022 4.014 normal 147.8009750381165
0.304 0.022 0.5883333333333334 7.42e-05 0.00235 4.014 inverted 35.79553984911173
0.304 0.022 0.5883333333333334 7.42e-05 0.0023 4.014 inverted 54.629554160474235
0.304 0.022 0.5883333333333334 7.42e-05 0.0024000000000000002 4.014 inverted 19.664021190585366
0.304 0.022 0.5883333333333334 7.42e-05 0.0026 4.014 inverted 14.195025922764863
0.304 0.022 0.5883333333333334 7.42e-05 0.0026 4.014 normal 32.93247017268097
0.304 0.022 0.5883333333333334 7.42e-05 0.0025 4.014 inverted 2.1319901974533897
0.304 0.022 0.5883333333333334 7.42e-05 0.0025 4.014 normal 31.700289076709467
0.304 0.022 0.5883333333333334 7.42e-05 0.00235 4.014 normal 74.06595461628095
0.304 0.022 0.605 7.42e-05 0.00205 4.014 normal 273.40236783272263
0.304 0.022 0.605 7.42e-05 0.00205 4.014 inverted 210.1082497900245
0.304 0.022 0.5883333333333334 7.42e-05 0.00295 4.014 inverted 138.3312111211916
0.304 0.022 0.5883333333333334 7.42e-05 0.00265 4.014 inverted 26.99532618796014
0.304 0.022 0.5883333333333334 7.42e-05 0.003 4.014 normal 148.9812780487705
0.304 0.022 0.605 7.42e-05 0.002 4.014 normal 318.09951457620934
0.304 0.022 0.5883333333333334 7.42e-05 0.00275 4.014 normal 65.24819339654108
0.304 0.022 0.5883333333333334 7.42e-05 0.00265 4.014 normal 41.2415665238442
0.304 0.022 0.5883333333333334 7.42e-05 0.0029000000000000002 4.014 normal 109.97312171389686
0.304 0.022 0.5883333333333334 7.42e-05 0.00285 4.014 normal 93.00535022403754
0.304 0.022 0.5883333333333334 7.42e-05 0.0028 4.014 normal 78.90184603108902
0.304 0.022 0.5883333333333334 7.42e-05 0.0028 4.014 inverted 79.11896948459551
0.304 0.022 0.5883333333333334 7.42e-05 0.0029000000000000002 4.014 inverted 117.03194746480315
0.304 0.022 0.5883333333333334 7.42e-05 0.0027 4.014 normal 52.570379194379925
0.304 0.022 0.5883333333333334 7.42e-05 0.00285 4.014 inverted 96.99953398399722
0.304 0.022 0.5883333333333334 7.42e-05 0.00275 4.014 inverted 60.5053994258388
0.304 0.022 0.5883333333333334 7.42e-05 0.0027 4.014 inverted 42.38148382465371
0.304 0.022 0.5883333333333334 7.42e-05 0.003 4.014 inverted 161.15215001574649
0.304 0.022 0.605 7.42e-05 0.002 4.014 inverted 250.6230220011256
0.304 0.022 0.5883333333333334 7.42e-05 0.00295 4.014 normal 128.72221019082795
0.304 0.022 0.605 7.42e-05 0.0021 4.014 inverted 172.68998712980337
0.304 0.022 0.605 7.42e-05 0.00215 4.014 inverted 137.47457442352277
0.304 0.022 0.605 7.42e-05 0.0021 4.014 normal 231.86622736542282
0.304 0.022 0.605 7.42e-05 0.00215 4.014 normal 195.66792746501034
0.304 0.022 0.605 7.42e-05 0.0023 4.014 normal 112.61954590544408
0.304 0.022 0.605 7.42e-05 0.00245 4.014 normal 57.672438583291175
0.304 0.022 0.605 7.42e-05 0.00235 4.014 normal 91.62395366291697
0.304 0.022 0.605 7.42e-05 0.0024000000000000002 4.014 inverted 29.816481401610194
0.304 0.022 0.605 7.42e-05 0.0022 4.014 inverted 108.30009763410223
0.304 0.022 0.605 7.42e-05 0.0023 4.014 inverted 64.7869701670947
0.304 0.022 0.605 7.42e-05 0.0025 4.014 inverted 10.435353502091777
0.304 0.022 0.605 7.42e-05 0.0024000000000000002 4.014 normal 73.35060389825318
0.304 0.022 0.605 7.42e-05 0.00245 4.014 inverted 16.933252922754974
0.304 0.022 0.605 7.42e-05 0.0022500000000000003 4.014 inverted 84.78163723523043
0.304 0.022 0.605 7.42e-05 0.0025 4.014 normal 47.20102613971629
0.304 0.022 0.605 7.42e-05 0.00255 4.014 inverted 12.155699725039488
0.304 0.022 0.605 7.42e-05 0.00235 4.014 inverted 46.17401851186248
0.304 0.022 0.605 7.42e-05 0.0022 4.014 normal 164.7955574031193
0.304 0.022 0.605 7.42e-05 0.00255 4.014 normal 44.289872072491974
0.304 0.022 0.605 7.42e-05 0.0022500000000000003 4.014 normal 138.4359792437233
0.304 0.022 0.6216666666666666 7.42e-05 0.002 4.014 inverted 270.5700025634606
0.304 0.022 0.605 7.42e-05 0.003 4.014 normal 156.0387355895102
0.304 0.022 0.605 7.42e-05 0.003 4.014 inverted 162.224265554156
0.304 0.022 0.605 7.42e-05 0.0028 4.014 inverted 82.6998443054716
0.304 0.022 0.605 7.42e-05 0.0027 4.014 inverted 47.97657371969403
0.304 0.022 0.605 7.42e-05 0.00285 4.014 normal 102.16309032509031
0.304 0.022 0.605 7.42e-05 0.00265 4.014 inverted 33.02010339359315
0.304 0.022 0.605 7.42e-05 0.00265 4.014 normal 54.04328593675315
0.304 0.022 0.605 7.42e-05 0.0026 4.014 inverted 20.497358315687542
0.304 0.022 0.605 7.42e-05 0.00295 4.014 inverted 139.66109183110427
0.304 0.022 0.605 7.42e-05 0.00275 4.014 normal 76.80614443097768
0.304 0.022 0.6216666666666666 7.42e-05 0.002 4.014 normal 347.2210645259928
0.304 0.022 0.605 7.42e-05 0.0029000000000000002 4.014 inverted 118.72834888438635
0.304 0.022 0.605 7.42e-05 0.0026 4.014 normal 46.27397714936387
0.304 0.022 0.605 7.42e-05 0.0029000000000000002 4.014 normal 118.26161901696761
0.304 0.022 0.605 7.42e-05 0.00295 4.014 normal 136.3392617232988
0.304 0.022 0.605 7.42e-05 0.00275 4.014 inverted 65.30095886422835
0.304 0.022 0.605 7.42e-05 0.0027 4.014 normal 64.84049663838917
0.304 0.022 0.605 7.42e-05 0.00285 4.014 inverted 99.71446844136663
0.304 0.022 0.605 7.42e-05 0.0028 4.014 normal 89.32369875870187
0.304 0.022 0.6216666666666666 7.42e-05 0.00205 4.014 inverted 230.1925898262797
0.304 0.022 0.6216666666666666 7.42e-05 0.0023 4.014 inverted 84.29290705988143
0.304 0.022 0.6216666666666666 7.42e-05 0.0022 4.014 inverted 127.43099082911272
0.304 0.022 0.6216666666666666 7.42e-05 0.00215 4.014 inverted 156.98997693957207
0.304 0.022 0.6216666666666666 7.42e-05 0.00215 4.014 normal 223.64226625933534
0.304 0.022 0.6216666666666666 7.42e-05 0.00205 4.014 normal 302.4590744782773
0.304 0.022 0.6216666666666666 7.42e-05 0.00235 4.014 inverted 65.9255183591432
0.304 0.022 0.6216666666666666 7.42e-05 0.0025 4.014 inverted 27.901044651254395
0.304 0.022 0.6216666666666666 7.42e-05 0.0021 4.014 inverted 192.7021801969856
0.304 0.022 0.6216666666666666 7.42e-05 0.0021 4.014 normal 260.6267662609707
0.304 0.022 0.6216666666666666 7.42e-05 0.0023 4.014 normal 139.72887438623636
0.304 0.022 0.6216666666666666 7.42e-05 0.0025 4.014 normal 72.65811748577393
0.304 0.022 0.6216666666666666 7.42e-05 0.0024000000000000002 4.014 normal 100.80305058158471
0.304 0.022 0.6216666666666666 7.42e-05 0.0022500000000000003 4.014 inverted 103.88525962247093
0.304 0.022 0.6216666666666666 7.42e-05 0.0022 4.014 normal 191.85918087865576
0.304 0.022 0.6216666666666666 7.42e-05 0.00245 4.014 normal 84.3135159297819
0.304 0.022 0.6216666666666666 7.42e-05 0.0022500000000000003 4.014 normal 165.30207420721695
0.304 0.022 0.6216666666666666 7.42e-05 0.00235 4.014 normal 119.08631833604123
0.304 0.022 0.6216666666666666 7.42e-05 0.0024000000000000002 4.014 inverted 49.47804380181089
0.304 0.022 0.6216666666666666 7.42e-05 0.00245 4.014 inverted 35.71150582389845
0.304 0.022 0.6216666666666666 7.42e-05 0.0029000000000000002 4.014 normal 135.64603343141468
0.304 0.022 0.6216666666666666 7.42e-05 0.0026 4.014 normal 69.45676521007113
0.304 0.022 0.6216666666666666 7.42e-05 0.0026 4.014 inverted 35.66468938300931
0.304 0.022 0.6216666666666666 7.42e-05 0.00285 4.014 normal 120.5733347122587
0.304 0.022 0.6216666666666666 7.42e-05 0.00275 4.014 inverted 78.79201593385156
0.304 0.022 0.6216666666666666 7.42e-05 0.0028 4.014 normal 109.11134524997355
0.304 0.022 0.6216666666666666 7.42e-05 0.00295 4.014 inverted 148.93999469308693
0.304 0.022 0.6216666666666666 7.42e-05 0.00265 4.014 normal 76.66726509796003
0.304 0.022 0.6216666666666666 7.42e-05 0.00255 4.014 inverted 28.304191783134943
0.304 0.022 0.6216666666666666 7.42e-05 0.0028 4.014 inverted 94.86394906553859
0.304 0.022 0.6216666666666666 7.42e-05 0.003 4.014 inverted 171.36421917767112
0.304 0.022 0.6216666666666666 7.42e-05 0.00275 4.014 normal 97.93419129781478
0.304 0.022 0.6216666666666666 7.42e-05 0.00255 4.014 normal 68.38148206552496
0.304 0.022 0.6216666666666666 7.42e-05 0.003 4.014 normal 171.9723266077929
0.304 0.022 0.6216666666666666 7.42e-05 0.00265 4.014 inverted 47.91752058443581
0.304 0.022 0.6216666666666666 7.42e-05 0.00285 4.014 inverted 110.86255584022847
0.304 0.022 0.6216666666666666 7.42e-05 0.0029000000000000002 4.014 inverted 128.74972800736782
0.304 0.022 0.6216666666666666 7.42e-05 0.0027 4.014 normal 86.7916414174898
0.304 0.022 0.6216666666666666 7.42e-05 0.0027 4.014 inverted 62.365204704384034
0.304 0.022 0.6216666666666666 7.42e-05 0.00295 4.014 normal 152.9073624674729
0.304 0.022 0.6383333333333333 7.42e-05 0.0022 4.014 normal 232.7217438837274
0.304 0.022 0.6383333333333333 7.42e-05 0.0022 4.014 inverted 159.2668361002788
0.304 0.022 0.6383333333333333 7.42e-05 0.0023 4.014 normal 180.56081442567196
0.304 0.022 0.6383333333333333 7.42e-05 0.00205 4.014 normal 345.1913505914629
0.304 0.022 0.6383333333333333 7.42e-05 0.00215 4.014 normal 265.3446967051659
0.304 0.022 0.6383333333333333 7.42e-05 0.00205 4.014 inverted 262.95230299352505
0.304 0.022 0.6383333333333333 7.42e-05 0.002 4.014 normal 389.90188294524603
0.304 0.022 0.6383333333333333 7.42e-05 0.00245 4.014 normal 124.30791264963302
0.304 0.022 0.6383333333333333 7.42e-05 0.0022500000000000003 4.014 inverted 135.66508898958298
0.304 0.022 0.6383333333333333 7.42e-05 0.0021 4.014 normal 303.29139100473316
0.304 0.022 0.6383333333333333 7.42e-05 0.002 4.014 inverted 303.15964966157026
0.304 0.022 0.6383333333333333 7.42e-05 0.0021 4.014 inverted 225.38775405050657
0.304 0.022 0.6383333333333333 7.42e-05 0.0022500000000000003 4.014 normal 205.97087719055034
0.304 0.022 0.6383333333333333 7.42e-05 0.0023 4.014 inverted 116.54239197861826
0.304 0.022 0.6383333333333333 7.42e-05 0.0024000000000000002 4.014 normal 141.95633406766353
0.304 0.022 0.6383333333333333 7.42e-05 0.00215 4.014 inverted 189.2781596126383
0.304 0.022 0.6383333333333333 7.42e-05 0.00245 4.014 inverted 67.13549869211714
0.304 0.022 0.6383333333333333 7.42e-05 0.00235 4.014 normal 160.33628662260386
0.304 0.022 0.6383333333333333 7.42e-05 0.0024000000000000002 4.014 inverted 81.97923154838841
0.304 0.022 0.6383333333333333 7.42e-05 0.00235 4.014 inverted 98.40528195485416
0.304 0.022 0.6383333333333333 7.42e-05 0.00255 4.014 normal 105.90255204456479
0.304 0.022 0.6383333333333333 7.42e-05 0.0025 4.014 normal 111.62391441119391
0.304 0.022 0.6383333333333333 7.42e-05 0.00275 4.014 normal 132.0361273730404
0.304 0.022 0.6383333333333333 7.42e-05 0.00285 4.014 normal 151.64962619571637
0.304 0.022 0.6383333333333333 7.42e-05 0.00265 4.014 inverted 75.18819119164837
0.304 0.022 0.6383333333333333 7.42e-05 0.0027 4.014 inverted 89.0719222321612
0.304 0.022 0.6383333333333333 7.42e-05 0.0029000000000000002 4.014 normal 165.54626869674533
0.304 0.022 0.6383333333333333 7.42e-05 0.00285 4.014 inverted 133.9688719112881
0.304 0.022 0.6383333333333333 7.42e-05 0.0026 4.014 inverted 63.23868300506501
0.304 0.022 0.6383333333333333 7.42e-05 0.0028 4.014 inverted 119.10228682191024
0.304 0.022 0.6383333333333333 7.42e-05 0.0026 4.014 normal 106.46315005176733
0.304 0.022 0.6383333333333333 7.42e-05 0.0028 4.014 normal 141.75933705028652
0.304 0.022 0.6383333333333333 7.42e-05 0.00255 4.014 inverted 57.00040766566002
0.304 0.022 0.6383333333333333 7.42e-05 0.00295 4.014 inverted 170.32651711391702
0.304 0.022 0.6383333333333333 7.42e-05 0.00275 4.014 inverted 104.44891301658407
0.304 0.022 0.6383333333333333 7.42e-05 0.0027 4.014 normal 121.95516681613768
0.304 0.022 0.6383333333333333 7.42e-05 0.0025 4.014 inverted 57.958372654689235
0.304 0.022 0.6383333333333333 7.42e-05 0.00295 4.014 normal 181.8432147060062
0.304 0.022 0.6383333333333333 7.42e-05 0.0029000000000000002 4.014 inverted 150.50004104565056
0.304 0.022 0.6383333333333333 7.42e-05 0.00265 4.014 normal 112.43176196389304
0.304 0.022 0.655 7.42e-05 0.002 4.014 normal 449.7770650156774
0.304 0.022 0.6383333333333333 7.42e-05 0.003 4.014 inverted 192.11553134838516
0.304 0.022 0.655 7.42e-05 0.0023 4.014 inverted 165.41607042759054
0.304 0.022 0.655 7.42e-05 0.00235 4.014 inverted 147.58319664394696
0.304 0.022 0.655 7.42e-05 0.002 4.014 inverted 352.10419418850375
0.304 0.022 0.655 7.42e-05 0.00205 4.014 inverted 312.1926849379877
0.304 0.022 0.655 7.42e-05 0.00215 4.014 normal 324.05875208791304
0.304 0.022 0.655 7.42e-05 0.00215 4.014 inverted 238.00040233955846
0.304 0.022 0.655 7.42e-05 0.00235 4.014 normal 218.9913743210278
0.304 0.022 0.655 7.42e-05 0.0021 4.014 inverted 274.4630661714091
0.304 0.022 0.655 7.42e-05 0.0022500000000000003 4.014 normal 264.2059822181268
0.304 0.022 0.6383333333333333 7.42e-05 0.003 4.014 normal 200.20536881531186
0.304 0.022 0.655 7.42e-05 0.0021 4.014 normal 363.1869794511337
0.304 0.022 0.655 7.42e-05 0.00205 4.014 normal 406.0391076458058
0.304 0.022 0.655 7.42e-05 0.0024000000000000002 4.014 normal 199.8903335052698
0.304 0.022 0.655 7.42e-05 0.0024000000000000002 4.014 inverted 131.02570310917827
0.304 0.022 0.655 7.42e-05 0.0022 4.014 normal 291.03613941994297
0.304 0.022 0.655 7.42e-05 0.0023 4.014 normal 238.81612631160883
0.304 0.022 0.655 7.42e-05 0.0022500000000000003 4.014 inverted 183.963388582801
0.304 0.022 0.655 7.42e-05 0.0022 4.014 inverted 207.53038944673364
0.304 0.022 0.655 7.42e-05 0.00245 4.014 normal 181.84952731794615
0.304 0.022 0.655 7.42e-05 0.0025 4.014 inverted 104.57030047099174
0.304 0.022 0.655 7.42e-05 0.0026 4.014 normal 159.9159209762697
0.304 0.022 0.655 7.42e-05 0.0027 4.014 inverted 132.16731873289606
0.304 0.022 0.655 7.42e-05 0.00265 4.014 normal 165.145860675019
0.304 0.022 0.655 7.42e-05 0.00275 4.014 normal 182.98790972542216
0.304 0.022 0.655 7.42e-05 0.00255 4.014 normal 160.77289576897795
0.304 0.022 0.655 7.42e-05 0.00245 4.014 inverted 115.0011580061175
0.304 0.022 0.655 7.42e-05 0.0029000000000000002 4.014 normal 211.8921325543526
0.304 0.022 0.655 7.42e-05 0.00275 4.014 inverted 146.32549448089858
0.304 0.022 0.655 7.42e-05 0.0026 4.014 inverted 107.10209925058217
0.304 0.022 0.655 7.42e-05 0.00255 4.014 inverted 102.17624471713862
0.304 0.022 0.655 7.42e-05 0.00285 4.014 normal 199.31179047754492
0.304 0.022 0.655 7.42e-05 0.0027 4.014 normal 173.87541839262752
0.304 0.022 0.655 7.42e-05 0.0028 4.014 normal 191.06388315409947
0.304 0.022 0.655 7.42e-05 0.0025 4.014 normal 168.50446531878075
0.304 0.022 0.655 7.42e-05 0.00285 4.014 inverted 172.9897543574081
0.304 0.022 0.655 7.42e-05 0.0028 4.014 inverted 159.30815963638818
0.304 0.022 0.655 7.42e-05 0.00265 4.014 inverted 118.75050632194232
0.304 0.022 0.655 7.42e-05 0.0029000000000000002 4.014 inverted 188.12969041372924
0.304 0.022 0.6716666666666666 7.42e-05 0.00215 4.014 normal 405.18434160033036
0.304 0.022 0.6716666666666666 7.42e-05 0.00205 4.014 normal 487.34806610268964
0.304 0.022 0.6716666666666666 7.42e-05 0.002 4.014 inverted 421.64467046319345
0.304 0.022 0.6716666666666666 7.42e-05 0.0023 4.014 inverted 235.13111227083945
0.304 0.022 0.6716666666666666 7.42e-05 0.00215 4.014 inverted 307.3164693463693
0.304 0.022 0.6716666666666666 7.42e-05 0.002 4.014 normal 531.1567698935818
0.304 0.022 0.6716666666666666 7.42e-05 0.0021 4.014 inverted 344.17271375513025
0.304 0.022 0.6716666666666666 7.42e-05 0.0022 4.014 inverted 276.4309423833571
0.304 0.022 0.6716666666666666 7.42e-05 0.0022 4.014 normal 370.7260359612501
0.304 0.022 0.6716666666666666 7.42e-05 0.0022500000000000003 4.014 normal 344.0646451360457
0.304 0.022 0.655 7.42e-05 0.003 4.014 normal 244.61152165982676
0.304 0.022 0.6716666666666666 7.42e-05 0.0022500000000000003 4.014 inverted 253.02935652037377
0.304 0.022 0.6716666666666666 7.42e-05 0.0023 4.014 normal 318.56090006728
0.304 0.022 0.655 7.42e-05 0.00295 4.014 inverted 207.25558452645902
0.304 0.022 0.6716666666666666 7.42e-05 0.00235 4.014 normal 299.1018322391984
0.304 0.022 0.655 7.42e-05 0.00295 4.014 normal 227.22890634884888
0.304 0.022 0.6716666666666666 7.42e-05 0.0021 4.014 normal 445.5655996550959
0.304 0.022 0.655 7.42e-05 0.003 4.014 inverted 228.59506100091036
0.304 0.022 0.6716666666666666 7.42e-05 0.00235 4.014 inverted 217.63889777907548
0.304 0.022 0.6716666666666666 7.42e-05 0.00205 4.014 inverted 382.05145200387017
0.304 0.022 0.6716666666666666 7.42e-05 0.00255 4.014 inverted 168.02667755972712
0.304 0.022 0.6716666666666666 7.42e-05 0.0024000000000000002 4.014 inverted 200.9488811546486
0.304 0.022 0.6716666666666666 7.42e-05 0.00275 4.014 inverted 208.7471487650414
0.304 0.022 0.6716666666666666 7.42e-05 0.0024000000000000002 4.014 normal 280.06617146103383
0.304 0.022 0.6716666666666666 7.42e-05 0.0025 4.014 inverted 171.9561964635973
0.304 0.022 0.6716666666666666 7.42e-05 0.0025 4.014 normal 246.14353440272328
0.304 0.022 0.6716666666666666 7.42e-05 0.0027 4.014 normal 246.93620953524976
0.304 0.022 0.6716666666666666 7.42e-05 0.00245 4.014 inverted 183.85254441101034
0.304 0.022 0.6716666666666666 7.42e-05 0.00265 4.014 normal 239.06526915511972
0.304 0.022 0.6716666666666666 7.42e-05 0.0026 4.014 normal 234.68634408736838
0.304 0.022 0.6716666666666666 7.42e-05 0.00245 4.014 normal 260.5852657738159
0.304 0.022 0.6716666666666666 7.42e-05 0.0027 4.014 inverted 195.527398997489
0.304 0.022 0.6716666666666666 7.42e-05 0.00255 4.014 normal 236.86069075206905
0.304 0.022 0.6716666666666666 7.42e-05 0.00275 4.014 normal 254.99463925894432
0.304 0.022 0.6716666666666666 7.42e-05 0.0026 4.014 inverted 171.54763593515185
0.304 0.022 0.6716666666666666 7.42e-05 0.00285 4.014 inverted 231.94383588945374
0.304 0.022 0.6716666666666666 7.42e-05 0.00265 4.014 inverted 182.9416180704274
0.304 0.022 0.6716666666666666 7.42e-05 0.0028 4.014 normal 261.34516326386574
0.304 0.022 0.6716666666666666 7.42e-05 0.0028 4.014 inverted 220.08757647593774
0.304 0.022 0.6716666666666666 7.42e-05 0.00285 4.014 normal 267.67580214806634
0.304 0.022 0.6883333333333332 7.42e-05 0.0022 4.014 inverted 370.82574758448357
0.304 0.022 0.6883333333333332 7.42e-05 0.0023 4.014 inverted 330.42613000217756
0.304 0.022 0.6716666666666666 7.42e-05 0.00295 4.014 normal 293.27961330805596
0.304 0.022 0.6716666666666666 7.42e-05 0.003 4.014 inverted 285.1773893057334
0.304 0.022 0.6883333333333332 7.42e-05 0.002 4.014 inverted 516.2617545304631
0.304 0.022 0.6883333333333332 7.42e-05 0.0022500000000000003 4.014 inverted 347.5014901983002
0.304 0.022 0.6883333333333332 7.42e-05 0.002 4.014 normal 638.5072841370561
0.304 0.022 0.6716666666666666 7.42e-05 0.003 4.014 normal 309.3956839401468
0.304 0.022 0.6716666666666666 7.42e-05 0.0029000000000000002 4.014 inverted 245.8702624144728
0.304 0.022 0.6883333333333332 7.42e-05 0.00215 4.014 inverted 401.8612252787596
0.304 0.022 0.6883333333333332 7.42e-05 0.0023 4.014 normal 423.9820898066573
0.304 0.022 0.6883333333333332 7.42e-05 0.0022 4.014 normal 476.73563750396636
0.304 0.022 0.6883333333333332 7.42e-05 0.00205 4.014 inverted 477.12430139471246
0.304 0.022 0.6883333333333332 7.42e-05 0.00215 4.014 normal 511.6619691544543
0.304 0.022 0.6883333333333332 7.42e-05 0.00205 4.014 normal 596.2885634727129
0.304 0.022 0.6716666666666666 7.42e-05 0.00295 4.014 inverted 264.38586284965595
0.304 0.022 0.6716666666666666 7.42e-05 0.0029000000000000002 4.014 normal 278.9986246493066
0.304 0.022 0.6883333333333332 7.42e-05 0.0021 4.014 inverted 439.23532601599004
0.304 0.022 0.6883333333333332 7.42e-05 0.0022500000000000003 4.014 normal 449.2654510185078
0.304 0.022 0.6883333333333332 7.42e-05 0.0021 4.014 normal 553.6837933217894
0.304 0.022 0.6883333333333332 7.42e-05 0.0025 4.014 normal 349.6933644673437
0.304 0.022 0.6883333333333332 7.42e-05 0.00245 4.014 normal 365.85904961487284
0.304 0.022 0.6883333333333332 7.42e-05 0.00235 4.014 inverted 313.0435079551148
0.304 0.022 0.6883333333333332 7.42e-05 0.0024000000000000002 4.014 inverted 296.33066181365353
0.304 0.022 0.6883333333333332 7.42e-05 0.00255 4.014 normal 338.8594107744202
0.304 0.022 0.6883333333333332 7.42e-05 0.0025 4.014 inverted 264.67664668942695
0.304 0.022 0.6883333333333332 7.42e-05 0.0026 4.014 normal 335.2383352933407
0.304 0.022 0.6883333333333332 7.42e-05 0.00265 4.014 normal 338.84874146913967
0.304 0.022 0.6883333333333332 7.42e-05 0.0028 4.014 inverted 305.7597286100851
0.304 0.022 0.6883333333333332 7.42e-05 0.0026 4.014 inverted 261.5375346798907
0.304 0.022 0.6883333333333332 7.42e-05 0.0024000000000000002 4.014 normal 385.8860885947606
0.304 0.022 0.6883333333333332 7.42e-05 0.00235 4.014 normal 405.1136392186837
0.304 0.022 0.6883333333333332 7.42e-05 0.00245 4.014 inverted 278.24113209788726
0.304 0.022 0.6883333333333332 7.42e-05 0.00255 4.014 inverted 259.2333915993294
0.304 0.022 0.6883333333333332 7.42e-05 0.00275 4.014 normal 352.85748480063256
0.304 0.022 0.6883333333333332 7.42e-05 0.0027 4.014 normal 345.63422026321103
0.304 0.022 0.6883333333333332 7.42e-05 0.0027 4.014 inverted 284.5010657553589
0.304 0.022 0.6883333333333332 7.42e-05 0.00265 4.014 inverted 272.51740221417305
0.304 0.022 0.6883333333333332 7.42e-05 0.0028 4.014 normal 357.09147476349483
0.304 0.022 0.6883333333333332 7.42e-05 0.00275 4.014 inverted 296.61428073158226
0.304 0.022 0.705 7.42e-05 0.00215 4.014 normal 648.6784832430125
0.304 0.022 0.705 7.42e-05 0.00205 4.014 inverted 602.2371863079483
0.304 0.022 0.6883333333333332 7.42e-05 0.0029000000000000002 4.014 normal 371.4262881650966
0.304 0.022 0.6883333333333332 7.42e-05 0.003 4.014 normal 399.4435468509616
0.304 0.022 0.705 7.42e-05 0.002 4.014 inverted 641.1014188621205
0.304 0.022 0.6883333333333332 7.42e-05 0.00285 4.014 inverted 316.3794125257907
0.304 0.022 0.705 7.42e-05 0.00215 4.014 inverted 526.7024183289803
0.304 0.022 0.6883333333333332 7.42e-05 0.0029000000000000002 4.014 inverted 328.51720339316415
0.304 0.022 0.6883333333333332 7.42e-05 0.003 4.014 inverted 366.88624218570163
0.304 0.022 0.705 7.42e-05 0.0021 4.014 normal 690.4813618742611
0.304 0.022 0.705 7.42e-05 0.00205 4.014 normal 734.8048753923845
0.304 0.022 0.705 7.42e-05 0.0021 4.014 inverted 564.4891832832421
0.304 0.022 0.705 7.42e-05 0.002 4.014 normal 776.3446972818509
0.304 0.022 0.705 7.42e-05 0.0022500000000000003 4.014 normal 585.9398629252878
0.304 0.022 0.705 7.42e-05 0.0022 4.014 normal 612.6502850849845
0.304 0.022 0.705 7.42e-05 0.0022500000000000003 4.014 inverted 472.06351740579856
0.304 0.022 0.6883333333333332 7.42e-05 0.00295 4.014 inverted 346.75159918353603
0.304 0.022 0.6883333333333332 7.42e-05 0.00295 4.014 normal 384.5511690057653
0.304 0.022 0.705 7.42e-05 0.0022 4.014 inverted 495.35388866726527
0.304 0.022 0.6883333333333332 7.42e-05 0.00285 4.014 normal 361.4557754265176
0.304 0.022 0.705 7.42e-05 0.0023 4.014 normal 560.8327445165293
0.304 0.022 0.705 7.42e-05 0.0023 4.014 inverted 455.93239569604276
0.304 0.022 0.705 7.42e-05 0.0025 4.014 normal 484.17090152407314
0.304 0.022 0.705 7.42e-05 0.00245 4.014 inverted 403.2816840168517
0.304 0.022 0.705 7.42e-05 0.0025 4.014 inverted 388.1953758722942
0.304 0.022 0.705 7.42e-05 0.00235 4.014 inverted 439.46722138485137
0.304 0.022 0.705 7.42e-05 0.00265 4.014 normal 469.3578040808607
0.304 0.022 0.705 7.42e-05 0.0027 4.014 inverted 403.80912547720635
0.304 0.022 0.705 7.42e-05 0.00255 4.014 inverted 381.36486041346967
0.304 0.022 0.705 7.42e-05 0.0024000000000000002 4.014 inverted 422.38355942713275
0.304 0.022 0.705 7.42e-05 0.00275 4.014 normal 480.97214055689096
0.304 0.022 0.705 7.42e-05 0.0026 4.014 normal 466.4095243665193
0.304 0.022 0.705 7.42e-05 0.00265 4.014 inverted 392.567498957434
0.304 0.022 0.705 7.42e-05 0.0024000000000000002 4.014 normal 522.4604126349282
0.304 0.022 0.705 7.42e-05 0.00245 4.014 normal 501.8430836757579
0.304 0.022 0.705 7.42e-05 0.00275 4.014 inverted 414.3745731686136
0.304 0.022 0.705 7.42e-05 0.00235 4.014 normal 541.7819567728928
0.304 0.022 0.705 7.42e-05 0.00255 4.014 normal 471.3504492110656
0.304 0.022 0.705 7.42e-05 0.0027 4.014 normal 475.14873214219483
0.304 0.022 0.705 7.42e-05 0.0026 4.014 inverted 381.9059223864054
0.304 0.022 0.705 7.42e-05 0.0029000000000000002 4.014 inverted 441.512944945079
0.304 0.022 0.705 7.42e-05 0.003 4.014 inverted 478.3100576793243
0.304 0.022 0.705 7.42e-05 0.003 4.014 normal 520.1254393193783
0.304 0.022 0.705 7.42e-05 0.0028 4.014 normal 483.2855489732433
0.304 0.022 0.705 7.42e-05 0.0029000000000000002 4.014 normal 494.15801357686126
0.304 0.022 0.705 7.42e-05 0.00285 4.014 normal 485.73763443831416
0.304 0.022 0.705 7.42e-05 0.0028 4.014 inverted 422.0116491194528
0.304 0.022 0.705 7.42e-05 0.00295 4.014 normal 505.9360724766762
0.304 0.022 0.705 7.42e-05 0.00295 4.014 inverted 458.9719233184092
0.304 0.022 0.705 7.42e-05 0.00285 4.014 inverted 430.8837039138391
