Sin2Theta12 Sin2Theta13 Sin2Theta23 Dm221 Dm231 dCP Ordering FluxNormalization FluxNormalization X2 
0.304 0.022 0.305 7.42e-05 0.002 4.014 normal 0.9641278243343437 0.9810080118294322 356.24552392546184
0.304 0.022 0.305 7.42e-05 0.0022500000000000003 4.014 normal 0.96677029647072 0.9828120116003214 224.29212355137642
0.304 0.022 0.305 7.42e-05 0.0022 4.014 normal 0.9665011959581131 0.9826139996253587 242.53404773924558
0.304 0.022 0.305 7.42e-05 0.00205 4.014 normal 0.9645790577187282 0.9811450396673813 322.61227741622474
0.304 0.022 0.305 7.42e-05 0.00235 4.014 normal 0.9681235431880791 0.9827721006470063 193.55220722730903
0.304 0.022 0.305 7.42e-05 0.00215 4.014 normal 0.9657416023214411 0.9821279233229635 264.91641625697144
0.304 0.022 0.305 7.42e-05 0.0021 4.014 normal 0.9653183057409066 0.9815170713668325 291.5596762581732
0.304 0.022 0.305 7.42e-05 0.0023 4.014 normal 0.967606344005677 0.9827792621068615 207.85298841190794
0.304 0.022 0.305 7.42e-05 0.00245 4.014 normal 0.9694426662544265 0.9832482696043104 168.40983383643075
0.304 0.022 0.305 7.42e-05 0.00255 4.014 normal 0.9706323814390454 0.98414343715693 163.1324634261541
0.304 0.022 0.305 7.42e-05 0.00265 4.014 normal 0.9719492730473057 0.9844305740880904 181.23505424280984
0.304 0.022 0.305 7.42e-05 0.0027 4.014 normal 0.9724493221453019 0.9844654503523168 194.95918160498866
0.304 0.022 0.305 7.42e-05 0.0025 4.014 normal 0.9701128663830941 0.9837113091404415 161.97233232069578
0.304 0.022 0.305 7.42e-05 0.0026 4.014 normal 0.9714916197125002 0.9843769192529436 169.53274978538158
0.304 0.022 0.305 7.42e-05 0.0024000000000000002 4.014 normal 0.9687862882067445 0.9829098589600213 179.6168303822613
0.304 0.022 0.305 7.42e-05 0.00275 4.014 normal 0.9727854331625038 0.9846459433803628 209.20609709308866
0.304 0.022 0.32166666666666666 7.42e-05 0.002 4.014 normal 0.9692114781463119 0.9845654629421838 315.3615740015728
0.304 0.022 0.305 7.42e-05 0.00295 4.014 normal 0.9752926443367014 0.9855430827496261 270.0666932346634
0.304 0.022 0.32166666666666666 7.42e-05 0.00205 4.014 normal 0.969686571647746 0.9847143944871045 280.30406681688726
0.304 0.022 0.305 7.42e-05 0.00285 4.014 normal 0.9739567739786263 0.9851665055173962 236.21167709491195
0.304 0.022 0.305 7.42e-05 0.0028 4.014 normal 0.9733878730978136 0.9849182289964801 223.06037588164574
0.304 0.022 0.305 7.42e-05 0.003 4.014 normal 0.9758980532111717 0.9856365511111704 288.9129481671933
0.304 0.022 0.305 7.42e-05 0.0029000000000000002 4.014 normal 0.9747033534509476 0.9853816405622766 252.47876729530043
0.304 0.022 0.32166666666666666 7.42e-05 0.0021 4.014 normal 0.9704597736552717 0.9851184439808714 248.11238766336874
0.304 0.022 0.32166666666666666 7.42e-05 0.0023 4.014 normal 0.9728413321403213 0.9864576798984772 161.7165118311645
0.304 0.022 0.32166666666666666 7.42e-05 0.0022 4.014 normal 0.9716871224048266 0.9862620071509552 198.12719365782044
0.304 0.022 0.32166666666666666 7.42e-05 0.0024000000000000002 4.014 normal 0.9740707158219087 0.9866081421896065 131.89039444597125
0.304 0.022 0.32166666666666666 7.42e-05 0.0022500000000000003 4.014 normal 0.9719718679561284 0.9864659068530146 179.10888669529479
0.304 0.022 0.32166666666666666 7.42e-05 0.00245 4.014 normal 0.9747489344919206 0.9869473401888851 120.56699892513538
0.304 0.022 0.32166666666666666 7.42e-05 0.0025 4.014 normal 0.9754512374451882 0.9874380117783048 114.34006396838642
0.304 0.022 0.32166666666666666 7.42e-05 0.00235 4.014 normal 0.9733810519063293 0.9864587682162637 146.43068819705192
0.304 0.022 0.32166666666666666 7.42e-05 0.00215 4.014 normal 0.9708968286719711 0.9857407944414514 220.95296084818287
0.304 0.022 0.32166666666666666 7.42e-05 0.0026 4.014 normal 0.9768873652706378 0.9881435103977902 122.8034915433924
0.304 0.022 0.32166666666666666 7.42e-05 0.00275 4.014 normal 0.978226437469838 0.9884445421976703 163.64206782215635
0.304 0.022 0.32166666666666666 7.42e-05 0.0027 4.014 normal 0.9778780421686385 0.988249813241404 148.72965684838672
0.304 0.022 0.32166666666666666 7.42e-05 0.00255 4.014 normal 0.9759909503842547 0.9878963420053664 115.86941732712361
0.304 0.022 0.32166666666666666 7.42e-05 0.0029000000000000002 4.014 normal 0.9802192621226251 0.9892174770797116 209.05030883863233
0.304 0.022 0.32166666666666666 7.42e-05 0.00265 4.014 normal 0.9773549202430597 0.9882053340300132 134.7236609993099
0.304 0.022 0.32166666666666666 7.42e-05 0.0028 4.014 normal 0.9788550516362524 0.9887158511003128 178.08963856380126
0.304 0.022 0.32166666666666666 7.42e-05 0.00285 4.014 normal 0.9794468427967289 0.9889808641831008 192.28648835283155
0.304 0.022 0.3383333333333333 7.42e-05 0.00215 4.014 normal 0.9756124480404932 0.9890197771487514 188.29163683120214
0.304 0.022 0.32166666666666666 7.42e-05 0.00295 4.014 normal 0.9808332429344129 0.9893948492011485 227.26125960274035
0.304 0.022 0.3383333333333333 7.42e-05 0.00205 4.014 normal 0.9743558116407138 0.9879513876731448 249.12297302352988
0.304 0.022 0.3383333333333333 7.42e-05 0.002 4.014 normal 0.9738648825682273 0.9877849263917577 285.5433822773227
0.304 0.022 0.3383333333333333 7.42e-05 0.0022 4.014 normal 0.9764298729785928 0.9895615571698044 165.23996825774142
0.304 0.022 0.3383333333333333 7.42e-05 0.0021 4.014 normal 0.9751553581845062 0.988350227882511 216.20662318821505
0.304 0.022 0.32166666666666666 7.42e-05 0.003 4.014 normal 0.9814630187638179 0.989494384669849 246.53942890022867
0.304 0.022 0.3383333333333333 7.42e-05 0.0022500000000000003 4.014 normal 0.976730982931961 0.9897702978731919 145.4939828188355
0.304 0.022 0.3383333333333333 7.42e-05 0.0024000000000000002 4.014 normal 0.9789065718587486 0.9899388247496728 96.0021277124896
0.304 0.022 0.3383333333333333 7.42e-05 0.00255 4.014 normal 0.9808968378622759 0.9912949904149763 80.49254261887546
0.304 0.022 0.3383333333333333 7.42e-05 0.00245 4.014 normal 0.9796114320612958 0.9903037068037568 84.55787352032145
0.304 0.022 0.3383333333333333 7.42e-05 0.0023 4.014 normal 0.9776318079672139 0.9897816548437219 127.29325852274448
0.304 0.022 0.3383333333333333 7.42e-05 0.0026 4.014 normal 0.9818180341949216 0.991550608009836 87.91553693390905
0.304 0.022 0.3383333333333333 7.42e-05 0.0025 4.014 normal 0.9803341730335828 0.9908113098010787 78.58222253118795
0.304 0.022 0.3383333333333333 7.42e-05 0.00235 4.014 normal 0.9781963605082962 0.9897897032679112 111.12736652393146
0.304 0.022 0.3383333333333333 7.42e-05 0.00265 4.014 normal 0.9823044197418861 0.9916249459939651 100.11075441389997
0.304 0.022 0.3383333333333333 7.42e-05 0.00275 4.014 normal 0.9832078254332035 0.9918840351558101 129.85859577004194
0.304 0.022 0.3383333333333333 7.42e-05 0.00295 4.014 normal 0.9859061616746905 0.9928875337481357 196.12102500656965
0.304 0.022 0.3383333333333333 7.42e-05 0.0029000000000000002 4.014 normal 0.9852682171946535 0.9927063100099357 177.55891642980285
0.304 0.022 0.3383333333333333 7.42e-05 0.0027 4.014 normal 0.9828476290206914 0.991683134143663 114.38527976990794
0.304 0.022 0.3383333333333333 7.42e-05 0.00285 4.014 normal 0.9844699589252667 0.9924585490866629 160.13401677343245
0.304 0.022 0.3383333333333333 7.42e-05 0.003 4.014 normal 0.986555494920392 0.9929956511832089 215.84771095041032
0.304 0.022 0.3383333333333333 7.42e-05 0.0028 4.014 normal 0.9838588847106811 0.9921717750232654 145.0799347272201
0.304 0.022 0.355 7.42e-05 0.002 4.014 normal 0.9780778577835426 0.9906583868986578 264.9403940510455
0.304 0.022 0.355 7.42e-05 0.00215 4.014 normal 0.9798857522834977 0.9919559837240182 165.1452402070764
0.304 0.022 0.355 7.42e-05 0.0024000000000000002 4.014 normal 0.9832933732094109 0.9929312089221589 69.9809173236367
0.304 0.022 0.355 7.42e-05 0.0023 4.014 normal 0.9819753135367024 0.9927574977686761 102.50531344568354
0.304 0.022 0.355 7.42e-05 0.0021 4.014 normal 0.9794102480062199 0.9912677889929927 193.38302125113165
0.304 0.022 0.355 7.42e-05 0.0022 4.014 normal 0.9807339533142184 0.992502463924022 141.9392499513484
0.304 0.022 0.355 7.42e-05 0.0022500000000000003 4.014 normal 0.981044954368888 0.9927267996576251 121.48928167608462
0.304 0.022 0.355 7.42e-05 0.00235 4.014 normal 0.9825559149455141 0.992769511197367 85.56373066747946
0.304 0.022 0.355 7.42e-05 0.00205 4.014 normal 0.9785896675635846 0.990841999377412 227.29560265723353
0.304 0.022 0.355 7.42e-05 0.0027 4.014 normal 0.987355160548153 0.9947530619189012 89.93298482601861
0.304 0.022 0.355 7.42e-05 0.0028 4.014 normal 0.9883958159957601 0.9952656068601557 121.8913860239473
0.304 0.022 0.355 7.42e-05 0.0025 4.014 normal 0.9847667799656513 0.9938393752951844 52.78040382596061
0.304 0.022 0.355 7.42e-05 0.0026 4.014 normal 0.986292458794371 0.9946029039281667 62.888129328785745
0.304 0.022 0.355 7.42e-05 0.00275 4.014 normal 0.9877296305190036 0.994968844814287 105.9281450161676
0.304 0.022 0.355 7.42e-05 0.00245 4.014 normal 0.9840213485845123 0.9933055940083003 58.422159999134664
0.304 0.022 0.355 7.42e-05 0.00265 4.014 normal 0.9867961767976254 0.9946848268368392 75.28588681030244
0.304 0.022 0.355 7.42e-05 0.00255 4.014 normal 0.9853457282164588 0.9943231046009968 54.97984032289667
0.304 0.022 0.355 7.42e-05 0.00295 4.014 normal 0.9907079476949867 0.9961112771737095 174.76419421256864
0.304 0.022 0.355 7.42e-05 0.003 4.014 normal 0.9913481258454372 0.9962049491023683 194.74512689467943
0.304 0.022 0.37166666666666665 7.42e-05 0.00205 4.014 normal 0.9823874524675665 0.9933684246317114 212.9084929851118
0.304 0.022 0.37166666666666665 7.42e-05 0.002 4.014 normal 0.9818543820809427 0.9931854901886509 251.62791376134524
0.304 0.022 0.37166666666666665 7.42e-05 0.0021 4.014 normal 0.9832239794753165 0.9938262961899254 178.2654099699304
0.304 0.022 0.37166666666666665 7.42e-05 0.00215 4.014 normal 0.9837222407022589 0.994537076612293 149.6741821636492
0.304 0.022 0.355 7.42e-05 0.00285 4.014 normal 0.9890278960817595 0.9955730406873757 137.76263011605107
0.304 0.022 0.355 7.42e-05 0.0029000000000000002 4.014 normal 0.9898476908866741 0.9958237497808645 155.65962738664857
0.304 0.022 0.37166666666666665 7.42e-05 0.0022500000000000003 4.014 normal 0.98491515135033 0.9953328751475943 105.23340541603872
0.304 0.022 0.37166666666666665 7.42e-05 0.0025 4.014 normal 0.9887419945146665 0.9965226242391747 34.96838269397723
0.304 0.022 0.37166666666666665 7.42e-05 0.0022 4.014 normal 0.9845892666173368 0.9951110169416516 126.22160376432608
0.304 0.022 0.37166666666666665 7.42e-05 0.00245 4.014 normal 0.9879762550456507 0.9959547452816457 40.27311452873466
0.304 0.022 0.37166666666666665 7.42e-05 0.00235 4.014 normal 0.9864660928307306 0.995395622153398 67.94744164693225
0.304 0.022 0.37166666666666665 7.42e-05 0.0023 4.014 normal 0.9858687802469672 0.9953766463052787 85.59369711317433
0.304 0.022 0.37166666666666665 7.42e-05 0.0024000000000000002 4.014 normal 0.9872260947810095 0.9955574255011953 51.921348661846366
0.304 0.022 0.37166666666666665 7.42e-05 0.00255 4.014 normal 0.9893383655403325 0.9970202474355353 37.522378388262226
0.304 0.022 0.37166666666666665 7.42e-05 0.00295 4.014 normal 0.9947298800519925 0.9988292964869478 161.10876060533326
0.304 0.022 0.37166666666666665 7.42e-05 0.00285 4.014 normal 0.9932408611940327 0.9983981236329817 123.1599777467861
0.304 0.022 0.37166666666666665 7.42e-05 0.0029000000000000002 4.014 normal 0.9940622099001111 0.9986475084244323 141.49792211906893
0.304 0.022 0.37166666666666665 7.42e-05 0.0028 4.014 normal 0.9926168705516556 0.9980871644740779 106.51505470612848
0.304 0.022 0.37166666666666665 7.42e-05 0.0026 4.014 normal 0.9903091601243084 0.9973082806029228 45.87205398244336
0.304 0.022 0.37166666666666665 7.42e-05 0.00265 4.014 normal 0.9908227222213524 0.9973957791816176 58.488786063658964
0.304 0.022 0.37166666666666665 7.42e-05 0.00275 4.014 normal 0.9917859292930538 0.9976987439879933 89.84792211520748
0.304 0.022 0.37166666666666665 7.42e-05 0.0027 4.014 normal 0.9913986749372363 0.9974677285829179 73.40078943227373
0.304 0.022 0.37166666666666665 7.42e-05 0.003 4.014 normal 0.9961781255710228 0.9989709303286739 181.39472755210645
0.304 0.022 0.3883333333333333 7.42e-05 0.0023 4.014 normal 0.9893101976258262 0.9976525856314357 74.6952747379138
0.304 0.022 0.3883333333333333 7.42e-05 0.0022 4.014 normal 0.9879983151337102 0.9973714512675986 116.36657567125611
0.304 0.022 0.3883333333333333 7.42e-05 0.002 4.014 normal 0.9851889582894381 0.9953679061887298 243.87900943981313
0.304 0.022 0.3883333333333333 7.42e-05 0.0021 4.014 normal 0.986600586818252 0.9960565403546288 168.83064574188828
0.304 0.022 0.3883333333333333 7.42e-05 0.0022500000000000003 4.014 normal 0.9883302795565652 0.9976016027484209 94.9543038992172
0.304 0.022 0.3883333333333333 7.42e-05 0.00205 4.014 normal 0.9857351454040413 0.9955664765219512 204.25735141698092
0.304 0.022 0.3883333333333333 7.42e-05 0.00215 4.014 normal 0.9871127021645706 0.9967766226538247 140.06578744677572
0.304 0.022 0.3883333333333333 7.42e-05 0.00255 4.014 normal 0.9928768433551687 0.9993727889724908 26.26790894728604
0.304 0.022 0.3883333333333333 7.42e-05 0.0026 4.014 normal 0.9938611103508452 0.9996627132128297 35.037753794510984
0.304 0.022 0.3883333333333333 7.42e-05 0.0027 4.014 normal 0.9949716225387487 0.9998317630969787 62.99959446428577
0.304 0.022 0.3883333333333333 7.42e-05 0.00265 4.014 normal 0.9943867794426168 0.9997606578380583 47.862338698237274
0.304 0.022 0.3883333333333333 7.42e-05 0.0024000000000000002 4.014 normal 0.9907016715593157 0.997855722949602 40.072103281432604
0.304 0.022 0.3883333333333333 7.42e-05 0.0025 4.014 normal 0.9922539817913753 0.9988467744740921 23.403453248838
0.304 0.022 0.3883333333333333 7.42e-05 0.00235 4.014 normal 0.9899260324049461 0.9976905681680872 56.40811508106869
0.304 0.022 0.3883333333333333 7.42e-05 0.00245 4.014 normal 0.9914718048041905 0.9982610216942769 28.361403351808004
0.304 0.022 0.3883333333333333 7.42e-05 0.003 4.014 normal 0.9989640579459472 1.0013060733848194 174.09633811349684
0.304 0.022 0.3883333333333333 7.42e-05 0.00295 4.014 normal 0.9987816866949829 1.0012480775240176 153.32711161032682
0.304 0.022 0.3883333333333333 7.42e-05 0.0029000000000000002 4.014 normal 0.9986333579849183 1.0011284503105973 133.42394244453556
0.304 0.022 0.405 7.42e-05 0.002 4.014 normal 0.9882549916842006 0.9973117566512092 240.10673207057226
0.304 0.022 0.405 7.42e-05 0.00205 4.014 normal 0.9887967208120317 0.9975110907276268 199.67794136024838
0.304 0.022 0.3883333333333333 7.42e-05 0.0028 4.014 normal 0.9960642358301799 1.000389217053212 97.1455559549809
0.304 0.022 0.3883333333333333 7.42e-05 0.00285 4.014 normal 0.9967307875177337 1.0007146399462346 114.4785986074273
0.304 0.022 0.3883333333333333 7.42e-05 0.00275 4.014 normal 0.9953644069151275 1.0000643300821852 79.82836801984384
0.304 0.022 0.405 7.42e-05 0.00215 4.014 normal 0.9900975262707515 0.9986990078250418 134.6910577132401
0.304 0.022 0.405 7.42e-05 0.0022 4.014 normal 0.9909638911903967 0.9992785446157102 110.83359103110509
0.304 0.022 0.405 7.42e-05 0.00245 4.014 normal 0.9944993335542651 1.0001898650906111 21.108358770081495
0.304 0.022 0.405 7.42e-05 0.0024000000000000002 4.014 normal 0.9937152904369103 0.9997834932148545 32.844814422009584
0.304 0.022 0.405 7.42e-05 0.00235 4.014 normal 0.9929241842531977 0.9996151099799379 49.49347121334967
0.304 0.022 0.405 7.42e-05 0.0021 4.014 normal 0.9896374572357136 0.9979972345154651 163.73293389898947
0.304 0.022 0.405 7.42e-05 0.0022500000000000003 4.014 normal 0.9913004313651336 0.9995096269166612 89.03136350351637
0.304 0.022 0.405 7.42e-05 0.0023 4.014 normal 0.9922971754226545 0.9995697354933321 68.32206107287452
0.304 0.022 0.405 7.42e-05 0.00275 4.014 normal 0.9983999637453377 1.0020402245029854 74.26593864072868
0.304 0.022 0.405 7.42e-05 0.00285 4.014 normal 0.9985522808594527 1.0025381637287654 110.18146676969212
0.304 0.022 0.405 7.42e-05 0.0027 4.014 normal 0.9983769896479193 1.0018561043060634 57.138844247522194
0.304 0.022 0.405 7.42e-05 0.0028 4.014 normal 0.9984823554054626 1.0022883993527585 92.19569101599389
0.304 0.022 0.405 7.42e-05 0.00265 4.014 normal 0.9982003676673851 1.0018419090397608 41.78804021807856
0.304 0.022 0.405 7.42e-05 0.0025 4.014 normal 0.9952967670435492 1.0007907344671543 16.428056186535528
0.304 0.022 0.405 7.42e-05 0.0026 4.014 normal 0.9969564664028551 1.00161062749244 28.795075382391573
0.304 0.022 0.405 7.42e-05 0.00255 4.014 normal 0.9959196898315683 1.00132387152191 19.675572847962602
0.304 0.022 0.405 7.42e-05 0.00295 4.014 normal 1.002429874387309 1.0030291491322607 149.74750030772142
0.304 0.022 0.405 7.42e-05 0.0029000000000000002 4.014 normal 1.0019982169869976 1.0027726042426972 129.55743386300503
0.304 0.022 0.405 7.42e-05 0.003 4.014 normal 1.0028234323673773 1.003226204709494 171.1776654876058
0.304 0.022 0.42166666666666663 7.42e-05 0.0021 4.014 normal 0.9920008022921314 0.9994391220704882 161.45848411788123
0.304 0.022 0.42166666666666663 7.42e-05 0.00215 4.014 normal 0.9925205977391673 1.0001778994071866 132.19004450965545
0.304 0.022 0.42166666666666663 7.42e-05 0.0022 4.014 normal 0.9934464268255468 1.0007897204670153 108.22684658511652
0.304 0.022 0.42166666666666663 7.42e-05 0.002 4.014 normal 0.9905730381154166 0.998725332144918 238.97807095751196
0.304 0.022 0.42166666666666663 7.42e-05 0.00205 4.014 normal 0.9911286907095682 0.9989449274499497 197.8327848922666
0.304 0.022 0.42166666666666663 7.42e-05 0.00255 4.014 normal 0.9982120235293942 1.002843762548798 16.208514798361595
0.304 0.022 0.42166666666666663 7.42e-05 0.0025 4.014 normal 0.9979873016545117 1.002369864092037 12.646422157922721
0.304 0.022 0.42166666666666663 7.42e-05 0.0026 4.014 normal 0.9995260937730301 1.003256407855499 25.666774284003445
0.304 0.022 0.42166666666666663 7.42e-05 0.0023 4.014 normal 0.9948147982484841 1.0011054541721074 64.99716869753838
0.304 0.022 0.42166666666666663 7.42e-05 0.00245 4.014 normal 0.9971095652332016 1.0017343136918508 17.08272684287578
0.304 0.022 0.42166666666666663 7.42e-05 0.0022500000000000003 4.014 normal 0.9937998961018584 1.001036837639862 86.08337762365463
0.304 0.022 0.42166666666666663 7.42e-05 0.0024000000000000002 4.014 normal 0.9962676524317435 1.0013294041896768 28.81483586366375
0.304 0.022 0.42166666666666663 7.42e-05 0.00235 4.014 normal 0.9954548956102964 1.0011605429812505 45.72531344573938
0.304 0.022 0.42166666666666663 7.42e-05 0.00285 4.014 normal 1.003548708471343 1.0041801858431734 108.62437264862486
0.304 0.022 0.42166666666666663 7.42e-05 0.0029000000000000002 4.014 normal 1.0040968983690164 1.0045177020459921 128.35187239240182
0.304 0.022 0.42166666666666663 7.42e-05 0.003 4.014 normal 1.0049372341479164 1.0049853841050431 170.53951938743808
0.304 0.022 0.42166666666666663 7.42e-05 0.00295 4.014 normal 1.004533122874229 1.004775586678666 148.81182704286232
0.304 0.022 0.42166666666666663 7.42e-05 0.0028 4.014 normal 1.001822605869588 1.004027186547836 90.13334565357661
0.304 0.022 0.42166666666666663 7.42e-05 0.00275 4.014 normal 1.0011068310772617 1.003669078826207 71.69097888119362
0.304 0.022 0.42166666666666663 7.42e-05 0.00265 4.014 normal 1.000083049759363 1.0033462623979033 38.75905061529903
0.304 0.022 0.42166666666666663 7.42e-05 0.0027 4.014 normal 1.0006937940110805 1.003425348728869 54.31511936256719
0.304 0.022 0.43833333333333335 7.42e-05 0.0023 4.014 normal 0.9977065729814539 1.0024068696294604 63.55805386156199
0.304 0.022 0.43833333333333335 7.42e-05 0.00235 4.014 normal 0.9979083703319738 1.0024068275073137 43.89833494070074
0.304 0.022 0.43833333333333335 7.42e-05 0.0022 4.014 normal 0.9955083215490026 1.0019364332185547 107.36108049375456
0.304 0.022 0.43833333333333335 7.42e-05 0.0021 4.014 normal 0.9940102930064214 1.0005732820329714 160.81426850011908
0.304 0.022 0.43833333333333335 7.42e-05 0.00215 4.014 normal 0.9945533926491235 1.001333301088178 131.36781477498434
0.304 0.022 0.43833333333333335 7.42e-05 0.00205 4.014 normal 0.9930992720176842 1.0000465554523508 197.52295467223365
0.304 0.022 0.43833333333333335 7.42e-05 0.002 4.014 normal 0.9925234254775559 0.9998186526256538 239.24245155451388
0.304 0.022 0.43833333333333335 7.42e-05 0.0022500000000000003 4.014 normal 0.9958956162284744 1.0021845543042656 84.92645204699456
0.304 0.022 0.43833333333333335 7.42e-05 0.0027 4.014 normal 1.0029264870487575 1.0046128474606104 53.31454029125418
0.304 0.022 0.43833333333333335 7.42e-05 0.00275 4.014 normal 1.003393723544881 1.0048435573434027 70.91502002634479
0.304 0.022 0.43833333333333335 7.42e-05 0.0024000000000000002 4.014 normal 0.9981976439971503 1.0024989517011453 26.793487360219235
0.304 0.022 0.43833333333333335 7.42e-05 0.0026 4.014 normal 1.0016649980856183 1.004472439938122 24.42272773909244
0.304 0.022 0.43833333333333335 7.42e-05 0.00265 4.014 normal 1.0022225661995174 1.0045838997849632 37.62013679305182
0.304 0.022 0.43833333333333335 7.42e-05 0.0025 4.014 normal 0.9999804347263728 1.0035868890554003 10.83721396931702
0.304 0.022 0.43833333333333335 7.42e-05 0.00255 4.014 normal 1.0006232214083184 1.0041461479954923 14.687884254512895
0.304 0.022 0.43833333333333335 7.42e-05 0.00245 4.014 normal 0.999161184697648 1.0029891735546095 15.079214725920135
0.304 0.022 0.43833333333333335 7.42e-05 0.00285 4.014 normal 1.0052162505568358 1.0055349335187653 108.61662073167382
0.304 0.022 0.43833333333333335 7.42e-05 0.0028 4.014 normal 1.0047124395024156 1.0051518221424576 89.77407900861124
0.304 0.022 0.43833333333333335 7.42e-05 0.00295 4.014 normal 1.0062152211803888 1.0061430518173164 149.38049601915014
0.304 0.022 0.43833333333333335 7.42e-05 0.003 4.014 normal 1.0066263311403554 1.006359425471158 171.387149276516
0.304 0.022 0.43833333333333335 7.42e-05 0.0029000000000000002 4.014 normal 1.0057700729845613 1.0058769573265003 128.67156010611555
0.304 0.022 0.45499999999999996 7.42e-05 0.00205 4.014 normal 0.9946593684978812 1.0008221129697017 197.7970102352627
0.304 0.022 0.45499999999999996 7.42e-05 0.002 4.014 normal 0.994071352564365 1.0005845126733657 239.9538520919242
0.304 0.022 0.45499999999999996 7.42e-05 0.0021 4.014 normal 0.9955825343646927 1.00135814451312 160.8347969991935
0.304 0.022 0.45499999999999996 7.42e-05 0.0023 4.014 normal 0.997863930919846 1.0030187581227321 62.94179941677263
0.304 0.022 0.45499999999999996 7.42e-05 0.00215 4.014 normal 0.9975174931631173 1.0023275977366792 131.3595988345499
0.304 0.022 0.45499999999999996 7.42e-05 0.0022500000000000003 4.014 normal 0.9975326089034998 1.0030358627290445 84.55367206330608
0.304 0.022 0.45499999999999996 7.42e-05 0.0022 4.014 normal 0.9975354681084342 1.0028257642278011 107.22993411136333
0.304 0.022 0.45499999999999996 7.42e-05 0.00235 4.014 normal 0.998807534250597 1.0030352159766953 43.04130353221079
0.304 0.022 0.45499999999999996 7.42e-05 0.0025 4.014 normal 1.0016330247201846 1.004421189824643 10.016440389956234
0.304 0.022 0.45499999999999996 7.42e-05 0.00245 4.014 normal 1.0008032581516642 1.0038102163697966 14.12351351748832
0.304 0.022 0.45499999999999996 7.42e-05 0.0024000000000000002 4.014 normal 0.9999749515734283 1.0033674241986945 25.776092426994207
0.304 0.022 0.45499999999999996 7.42e-05 0.0029000000000000002 4.014 normal 1.0070191471192034 1.0068491541258553 129.47153924747906
0.304 0.022 0.45499999999999996 7.42e-05 0.00285 4.014 normal 1.0064621758661783 1.0065041455293957 109.15895104245733
0.304 0.022 0.45499999999999996 7.42e-05 0.00275 4.014 normal 1.0054218791983682 1.0057134168157855 70.86435734993469
0.304 0.022 0.45499999999999996 7.42e-05 0.0028 4.014 normal 1.0059529450100195 1.0061176258929196 90.00765256585461
0.304 0.022 0.45499999999999996 7.42e-05 0.00265 4.014 normal 1.0040716330457269 1.005360142289095 37.31346107260736
0.304 0.022 0.45499999999999996 7.42e-05 0.0027 4.014 normal 1.0047357512274673 1.0054699380475705 53.10773847726028
0.304 0.022 0.45499999999999996 7.42e-05 0.00255 4.014 normal 1.002271026022135 1.0049943885122576 14.0853351725055
0.304 0.022 0.45499999999999996 7.42e-05 0.0026 4.014 normal 1.0033296020527844 1.0053380795674463 24.030458886409974
0.304 0.022 0.4716666666666667 7.42e-05 0.00205 4.014 normal 0.9978452204113522 1.0015368134717941 198.1035117041209
0.304 0.022 0.4716666666666667 7.42e-05 0.00215 4.014 normal 0.9977013619961733 1.0026296969037614 131.11516684544054
0.304 0.022 0.4716666666666667 7.42e-05 0.0022 4.014 normal 0.9977158293137918 1.0031345419785072 107.04743080514122
0.304 0.022 0.4716666666666667 7.42e-05 0.0021 4.014 normal 0.9978972440649102 1.0019612485805864 160.84780918989333
0.304 0.022 0.45499999999999996 7.42e-05 0.00295 4.014 normal 1.0074695056502618 1.007118428784667 150.39420256093626
0.304 0.022 0.4716666666666667 7.42e-05 0.0022500000000000003 4.014 normal 0.9977145511850112 1.0033458483150075 84.25009896926251
0.304 0.022 0.45499999999999996 7.42e-05 0.003 4.014 normal 1.0078888429127184 1.0073445673197878 172.6543782425237
0.304 0.022 0.4716666666666667 7.42e-05 0.002 4.014 normal 0.9951771432510435 1.0009967264354303 240.39339644557313
0.304 0.022 0.4716666666666667 7.42e-05 0.00265 4.014 normal 1.0053021060285725 1.0058765780616616 37.04471701720203
0.304 0.022 0.4716666666666667 7.42e-05 0.0026 4.014 normal 1.004742707158303 1.0057318596281608 23.72998301915064
0.304 0.022 0.4716666666666667 7.42e-05 0.0023 4.014 normal 0.9996347469844472 1.0035779017047275 62.43424453281298
0.304 0.022 0.4716666666666667 7.42e-05 0.0025 4.014 normal 1.0028102248059527 1.0049011178284057 9.419670072472874
0.304 0.022 0.4716666666666667 7.42e-05 0.00245 4.014 normal 1.0019720916563293 1.0042791725262707 13.40884979585799
0.304 0.022 0.4716666666666667 7.42e-05 0.00235 4.014 normal 1.0003115942904055 1.0036357171584218 42.36821314582993
0.304 0.022 0.4716666666666667 7.42e-05 0.0024000000000000002 4.014 normal 1.0011428142150838 1.003822565551049 25.03721227408489
0.304 0.022 0.4716666666666667 7.42e-05 0.00255 4.014 normal 1.0034530992205546 1.0054777490121265 13.648372757662562
0.304 0.022 0.4716666666666667 7.42e-05 0.0029000000000000002 4.014 normal 1.0078439005556712 1.0074343066465714 129.95544547736444
0.304 0.022 0.4883333333333333 7.42e-05 0.002 4.014 normal 0.9979640060454331 1.0013574882112424 240.27416005249546
0.304 0.022 0.4716666666666667 7.42e-05 0.00285 4.014 normal 1.0072827575112497 1.007086985173898 109.47995921432134
0.304 0.022 0.4716666666666667 7.42e-05 0.00275 4.014 normal 1.0062331846585435 1.0062853114747257 70.7588633450694
0.304 0.022 0.4716666666666667 7.42e-05 0.00295 4.014 normal 1.0082987494390172 1.0077070381443638 151.03180816760923
0.304 0.022 0.4716666666666667 7.42e-05 0.0027 4.014 normal 1.0059013420773446 1.0060132745218329 52.90647360035381
0.304 0.022 0.4716666666666667 7.42e-05 0.0028 4.014 normal 1.0067696145191962 1.006695682873055 90.0545708364279
0.304 0.022 0.4716666666666667 7.42e-05 0.003 4.014 normal 1.0093017515062497 1.0076980741670336 173.462847442799
0.304 0.022 0.4883333333333333 7.42e-05 0.0022 4.014 normal 0.9979182058086511 1.0031487249824906 106.3503104055516
0.304 0.022 0.4883333333333333 7.42e-05 0.00205 4.014 normal 0.9980536259528475 1.0015326151318789 197.5423075101339
0.304 0.022 0.4883333333333333 7.42e-05 0.00215 4.014 normal 0.9979057285146521 1.0026359929480346 130.44106593993877
0.304 0.022 0.4883333333333333 7.42e-05 0.0021 4.014 normal 0.9981045431427755 1.0019614786084778 160.23389572963637
0.304 0.022 0.4883333333333333 7.42e-05 0.0022500000000000003 4.014 normal 0.9989113082392675 1.0033923236891906 83.44659253787084
0.304 0.022 0.4883333333333333 7.42e-05 0.0023 4.014 normal 1.0003309658406327 1.003649157284256 61.559616371549666
0.304 0.022 0.4883333333333333 7.42e-05 0.0024000000000000002 4.014 normal 1.0018410050858337 1.0039284705993294 24.052778212595612
0.304 0.022 0.4883333333333333 7.42e-05 0.00235 4.014 normal 1.0010054797841395 1.0037311058693787 41.413423897230594
0.304 0.022 0.4883333333333333 7.42e-05 0.0028 4.014 normal 1.0071651382336946 1.0068888405198444 89.4488813016355
0.304 0.022 0.4883333333333333 7.42e-05 0.00275 4.014 normal 1.0066251074159664 1.0064731842818715 70.07755205031737
0.304 0.022 0.4883333333333333 7.42e-05 0.00265 4.014 normal 1.0058934759501095 1.006049309395909 36.304770344954385
0.304 0.022 0.4883333333333333 7.42e-05 0.0027 4.014 normal 1.0063359665969025 1.0061854615934938 52.19503601710375
0.304 0.022 0.4883333333333333 7.42e-05 0.0026 4.014 normal 1.005428876749835 1.0058863836155887 22.98390488742472
0.304 0.022 0.4883333333333333 7.42e-05 0.00255 4.014 normal 1.0041671902066922 1.0055951637981377 12.851942031685306
0.304 0.022 0.4883333333333333 7.42e-05 0.00245 4.014 normal 1.002676688282945 1.0043828508093453 12.449335930332413
0.304 0.022 0.4883333333333333 7.42e-05 0.0025 4.014 normal 1.0035211089249403 1.0050186018882203 8.534211556401655
0.304 0.022 0.4883333333333333 7.42e-05 0.00285 4.014 normal 1.0076807074876573 1.0072821233299427 108.98362608594823
0.304 0.022 0.505 7.42e-05 0.00205 4.014 normal 0.9982839682243815 1.001240996003916 196.17365008174932
0.304 0.022 0.505 7.42e-05 0.00215 4.014 normal 0.9981309540394349 1.0023536173578886 128.9545847175189
0.304 0.022 0.505 7.42e-05 0.002 4.014 normal 0.998196925880581 1.0010605466745812 238.97765296334597
0.304 0.022 0.505 7.42e-05 0.0021 4.014 normal 0.998332159799416 1.001673461060609 158.84444164162366
0.304 0.022 0.4883333333333333 7.42e-05 0.0029000000000000002 4.014 normal 1.0086364288960532 1.0074582420169034 129.55104235821318
0.304 0.022 0.4883333333333333 7.42e-05 0.00295 4.014 normal 1.0092975789924452 1.0076587875040368 150.74027674650767
0.304 0.022 0.4883333333333333 7.42e-05 0.003 4.014 normal 1.0099821092221393 1.0078199257835494 173.30189390510967
0.304 0.022 0.505 7.42e-05 0.0022 4.014 normal 0.998143904139069 1.0028674039459768 104.83780613005715
0.304 0.022 0.505 7.42e-05 0.00255 4.014 normal 1.004612226952408 1.005256271048556 11.442145412983425
0.304 0.022 0.505 7.42e-05 0.0022500000000000003 4.014 normal 0.9991922429983278 1.003126846458914 81.9699871256563
0.304 0.022 0.505 7.42e-05 0.00245 4.014 normal 1.0029183992614799 1.004122221680996 10.987783352992325
0.304 0.022 0.505 7.42e-05 0.0023 4.014 normal 1.0005629989030274 1.003374732657775 60.05465824551986
0.304 0.022 0.505 7.42e-05 0.0024000000000000002 4.014 normal 1.0020781391798812 1.0036656269824713 22.581441588694194
0.304 0.022 0.505 7.42e-05 0.0025 4.014 normal 1.0037610136473325 1.004740440843423 7.0331026451126055
0.304 0.022 0.505 7.42e-05 0.00235 4.014 normal 1.0012400617132284 1.0034625295603214 39.91556921713323
0.304 0.022 0.505 7.42e-05 0.00265 4.014 normal 1.0059618790815756 1.0058327986233615 34.83208458381771
0.304 0.022 0.505 7.42e-05 0.00285 4.014 normal 1.0080166739284913 1.0069315012999762 107.38230057056887
0.304 0.022 0.505 7.42e-05 0.0026 4.014 normal 1.0055504157310653 1.0056750961697876 21.532197667299275
0.304 0.022 0.505 7.42e-05 0.0028 4.014 normal 1.0073949210142736 1.0065826442500274 87.86945628687629
0.304 0.022 0.505 7.42e-05 0.00295 4.014 normal 1.0095287390389507 1.0073970305728628 149.2754138574321
0.304 0.022 0.505 7.42e-05 0.0029000000000000002 4.014 normal 1.0088194730784377 1.0071947320675574 128.01910535887535
0.304 0.022 0.505 7.42e-05 0.00275 4.014 normal 1.0067643198958958 1.0062043923538375 68.5373563883395
0.304 0.022 0.505 7.42e-05 0.0027 4.014 normal 1.0063924407784253 1.0059478350693518 50.70279410152999
0.304 0.022 0.5216666666666667 7.42e-05 0.002 4.014 normal 0.9994339381292481 1.0007075773384397 237.12442753744133
0.304 0.022 0.5216666666666667 7.42e-05 0.00205 4.014 normal 0.9992967721984077 1.0008790347519902 194.28745048046963
0.304 0.022 0.5216666666666667 7.42e-05 0.0022 4.014 normal 0.9983898325968513 1.0022941340421612 102.55969757989634
0.304 0.022 0.5216666666666667 7.42e-05 0.0022500000000000003 4.014 normal 0.9983874244169146 1.0025103432182474 79.84295770822696
0.304 0.022 0.5216666666666667 7.42e-05 0.0021 4.014 normal 0.9985814942468549 1.0010956812588192 156.71760667789533
0.304 0.022 0.5216666666666667 7.42e-05 0.00215 4.014 normal 0.9983802801195701 1.0017765291742105 126.75992223701252
0.304 0.022 0.505 7.42e-05 0.003 4.014 normal 1.0102505794515828 1.0075633020253572 171.88184686927508
0.304 0.022 0.5216666666666667 7.42e-05 0.0023 4.014 normal 1.000336955488562 1.002738763609247 57.93531314293024
0.304 0.022 0.5216666666666667 7.42e-05 0.00255 4.014 normal 1.00432622368262 1.004661325767116 9.415132416665793
0.304 0.022 0.5216666666666667 7.42e-05 0.0024000000000000002 4.014 normal 1.0019091113257053 1.0029925287258783 20.633928435232516
0.304 0.022 0.5216666666666667 7.42e-05 0.0026 4.014 normal 1.0051785711408818 1.0050767680656172 19.388609910015308
0.304 0.022 0.5216666666666667 7.42e-05 0.00245 4.014 normal 1.0028259613035835 1.0034314046876138 9.054469307568104
0.304 0.022 0.5216666666666667 7.42e-05 0.0027 4.014 normal 1.0060477525010871 1.0053155394352218 48.430974607997605
0.304 0.022 0.5216666666666667 7.42e-05 0.00265 4.014 normal 1.0055776835978265 1.0052193976898163 32.64238737431802
0.304 0.022 0.5216666666666667 7.42e-05 0.0025 4.014 normal 1.0036783664376976 1.0040609057601362 5.075098101596639
0.304 0.022 0.5216666666666667 7.42e-05 0.00235 4.014 normal 1.0010150902662398 1.0028309443298364 37.89224992402962
0.304 0.022 0.5383333333333333 7.42e-05 0.002 4.014 normal 0.9959074643725241 0.9991833160264546 233.66359500176483
0.304 0.022 0.5216666666666667 7.42e-05 0.0028 4.014 normal 1.0070992277125141 1.005945700575877 85.36663854236794
0.304 0.022 0.5383333333333333 7.42e-05 0.00205 4.014 normal 0.9963193941120274 0.9994380765424483 191.21471804263675
0.304 0.022 0.5216666666666667 7.42e-05 0.00285 4.014 normal 1.0077526005304636 1.006290245790592 104.71025804026081
0.304 0.022 0.5216666666666667 7.42e-05 0.00295 4.014 normal 1.0093561817617673 1.0067635887062403 146.61139159604443
0.304 0.022 0.5216666666666667 7.42e-05 0.0029000000000000002 4.014 normal 1.0086083617763195 1.0065570823752161 125.3436070224012
0.304 0.022 0.5216666666666667 7.42e-05 0.00275 4.014 normal 1.0064336402527712 1.0055691936258087 66.15540361954032
0.304 0.022 0.5216666666666667 7.42e-05 0.003 4.014 normal 1.0107199825511444 1.00699561762999 169.18013208541043
0.304 0.022 0.5383333333333333 7.42e-05 0.0021 4.014 normal 0.9991951879238293 0.9991951879238293 154.37520111482442
0.304 0.022 0.5383333333333333 7.42e-05 0.0022500000000000003 4.014 normal 0.9986565942904344 1.0016441521681079 77.26728699327123
0.304 0.022 0.5383333333333333 7.42e-05 0.0023 4.014 normal 0.9989793420158795 1.0016478450741046 55.490426453935584
0.304 0.022 0.5383333333333333 7.42e-05 0.0022 4.014 normal 0.9986626334914644 1.0014240088316404 99.90189082458376
0.304 0.022 0.5383333333333333 7.42e-05 0.00215 4.014 normal 0.9986540525253417 1.0009068974767823 124.18944159964651
0.304 0.022 0.5383333333333333 7.42e-05 0.00245 4.014 normal 1.002096397302402 1.0024587258166011 6.915260431062541
0.304 0.022 0.5383333333333333 7.42e-05 0.00235 4.014 normal 1.0003162508143895 1.001844193459118 35.422271746877705
0.304 0.022 0.5383333333333333 7.42e-05 0.0024000000000000002 4.014 normal 1.0011879964541357 1.0020145551819435 18.48562162850653
0.304 0.022 0.5383333333333333 7.42e-05 0.0028 4.014 normal 1.0064281868633917 1.0049307959564702 82.14114999996335
0.304 0.022 0.5383333333333333 7.42e-05 0.00285 4.014 normal 1.0071096476406265 1.0052768589422205 101.23619180313716
0.304 0.022 0.5383333333333333 7.42e-05 0.0027 4.014 normal 1.0053318025086102 1.0043003887474995 45.65608695146325
0.304 0.022 0.5383333333333333 7.42e-05 0.0026 4.014 normal 1.004360902466022 1.0040885316336086 16.82842077393367
0.304 0.022 0.5383333333333333 7.42e-05 0.0025 4.014 normal 1.0029201157211127 1.003093367453784 2.8476819895514907
0.304 0.022 0.5383333333333333 7.42e-05 0.00275 4.014 normal 1.0057337655508327 1.0045526365342838 63.20033570183113
0.304 0.022 0.5383333333333333 7.42e-05 0.00255 4.014 normal 1.0035518546629343 1.003690743230307 7.052486044030969
0.304 0.022 0.5383333333333333 7.42e-05 0.00265 4.014 normal 1.004789543584031 1.0042137173234085 29.969940849977775
0.304 0.022 0.5549999999999999 7.42e-05 0.0022 4.014 normal 0.9993710430121151 0.9993710430121151 97.60864149979687
0.304 0.022 0.5549999999999999 7.42e-05 0.00215 4.014 normal 0.99616516212218 0.9993661428006781 121.58085393981506
0.304 0.022 0.5549999999999999 7.42e-05 0.002 4.014 normal 0.9952777749822759 0.9977284288866365 230.7113314355208
0.304 0.022 0.5549999999999999 7.42e-05 0.0021 4.014 normal 0.9964891028978384 0.9985657613990654 151.62781713659643
0.304 0.022 0.5549999999999999 7.42e-05 0.00205 4.014 normal 0.9957624519448935 0.9979973788696602 188.55252087494907
0.304 0.022 0.5383333333333333 7.42e-05 0.0029000000000000002 4.014 normal 1.0080077473106246 1.005551183865466 121.7690070803777
0.304 0.022 0.5383333333333333 7.42e-05 0.003 4.014 normal 1.0100205520234469 1.006020618803934 165.50061604376603
0.304 0.022 0.5383333333333333 7.42e-05 0.00295 4.014 normal 1.0092756360163564 1.005825859807603 142.97813381539933
0.304 0.022 0.5549999999999999 7.42e-05 0.00235 4.014 normal 0.9994709826707959 1.0005000896525655 33.47029850057506
0.304 0.022 0.5549999999999999 7.42e-05 0.0023 4.014 normal 0.9992703906731992 1.000489893044938 53.289444322824664
0.304 0.022 0.5549999999999999 7.42e-05 0.0024000000000000002 4.014 normal 1.000330468599735 1.000632844205408 16.71684106856939
0.304 0.022 0.5549999999999999 7.42e-05 0.00245 4.014 normal 1.001008769747967 1.001112410158144 5.102284053420246
0.304 0.022 0.5549999999999999 7.42e-05 0.0026 4.014 normal 1.0031428281232668 1.0027115050189654 14.383619779931653
0.304 0.022 0.5549999999999999 7.42e-05 0.00255 4.014 normal 1.0023177696978884 1.002336807538617 4.8769831029134245
0.304 0.022 0.5549999999999999 7.42e-05 0.0025 4.014 normal 1.0016978812390314 1.0017503237248329 0.8943098159000513
0.304 0.022 0.5549999999999999 7.42e-05 0.0022500000000000003 4.014 normal 0.9974586234032803 1.0002709105617784 74.89053803420647
0.304 0.022 0.5549999999999999 7.42e-05 0.00265 4.014 normal 1.0036508781230826 1.0028100841435206 27.12591057290263
0.304 0.022 0.5549999999999999 7.42e-05 0.00275 4.014 normal 1.00468879967287 1.003178218984277 60.20621155693554
0.304 0.022 0.5549999999999999 7.42e-05 0.00285 4.014 normal 1.0060949852770855 1.0039052541509859 97.4805887533696
0.304 0.022 0.5549999999999999 7.42e-05 0.0027 4.014 normal 1.0042816035916569 1.002924749931913 42.9138292553021
0.304 0.022 0.5549999999999999 7.42e-05 0.0028 4.014 normal 1.005400706825947 1.0035551154494382 78.75640855428425
0.304 0.022 0.5549999999999999 7.42e-05 0.00295 4.014 normal 1.0080905011938905 1.004476528960086 138.95312142570359
0.304 0.022 0.5549999999999999 7.42e-05 0.0029000000000000002 4.014 normal 1.0073302033731784 1.0042481171737756 117.8496135366478
0.304 0.022 0.5549999999999999 7.42e-05 0.003 4.014 normal 1.008825088186036 1.0046626630684616 161.32191909942995
0.304 0.022 0.5716666666666667 7.42e-05 0.00235 4.014 normal 0.9980175668723422 0.9987132486344185 32.606088788492045
0.304 0.022 0.5716666666666667 7.42e-05 0.0022500000000000003 4.014 normal 0.9967389376918188 0.9985553369324898 73.48362278418891
0.304 0.022 0.5716666666666667 7.42e-05 0.0023 4.014 normal 0.9975390015291118 0.9986397456912783 52.08363407462065
0.304 0.022 0.5716666666666667 7.42e-05 0.00215 4.014 normal 0.9956514508988619 0.9975874039685052 120.00223690768213
0.304 0.022 0.5716666666666667 7.42e-05 0.002 4.014 normal 0.9938130556198262 0.995940192792438 228.43502644195178
0.304 0.022 0.5716666666666667 7.42e-05 0.0021 4.014 normal 0.995063351805545 0.9967658361892212 149.97116265298487
0.304 0.022 0.5716666666666667 7.42e-05 0.0022 4.014 normal 0.9964360362335803 0.9982697657138957 95.62981231026228
0.304 0.022 0.5716666666666667 7.42e-05 0.00205 4.014 normal 0.9942928035182934 0.9962142609180715 186.63657181352116
0.304 0.022 0.5716666666666667 7.42e-05 0.0025 4.014 normal 1.000040728522432 1.000040728522432 0.0004202937975817262
0.304 0.022 0.5716666666666667 7.42e-05 0.0026 4.014 normal 1.0013055154102004 1.0010530041564594 12.867816712920577
0.304 0.022 0.5716666666666667 7.42e-05 0.00255 4.014 normal 1.0006352737606221 1.0006155747867056 3.7149779814155814
0.304 0.022 0.5716666666666667 7.42e-05 0.00245 4.014 normal 0.9992970261248976 0.9994168784064964 4.40136077093103
0.304 0.022 0.5716666666666667 7.42e-05 0.00265 4.014 normal 1.0022235975329146 1.0010834892177753 25.418374219413185
0.304 0.022 0.5716666666666667 7.42e-05 0.0024000000000000002 4.014 normal 0.9986116529142458 0.9989303286579996 16.061160707262907
0.304 0.022 0.5716666666666667 7.42e-05 0.0027 4.014 normal 1.0028616097335257 1.0012179750201966 40.992050126615126
0.304 0.022 0.5716666666666667 7.42e-05 0.00275 4.014 normal 1.0032691423706026 1.00147028437826 57.94164034182788
0.304 0.022 0.5883333333333334 7.42e-05 0.0021 4.014 normal 0.9930546709836036 0.994677786772459 150.04001965525543
0.304 0.022 0.5716666666666667 7.42e-05 0.00285 4.014 normal 1.004661292756499 1.0021960083297952 94.22017096583282
0.304 0.022 0.5883333333333334 7.42e-05 0.002 4.014 normal 0.9918163660918764 0.9938375883054025 227.8958657621388
0.304 0.022 0.5716666666666667 7.42e-05 0.0028 4.014 normal 1.0039718349355389 1.0018480414433208 76.02050025195365
0.304 0.022 0.5883333333333334 7.42e-05 0.00205 4.014 normal 0.9922910998048956 0.9941229648607486 186.5552814333686
0.304 0.022 0.5716666666666667 7.42e-05 0.0029000000000000002 4.014 normal 1.0056576525202754 1.0025242033087385 114.38398583658557
0.304 0.022 0.5716666666666667 7.42e-05 0.003 4.014 normal 1.0071287745806758 1.0029302642375655 157.53355906571977
0.304 0.022 0.5716666666666667 7.42e-05 0.00295 4.014 normal 1.0064075023809371 1.0027495368644836 135.31294244510383
0.304 0.022 0.5883333333333334 7.42e-05 0.00215 4.014 normal 0.9936813152861395 0.9954513034403301 120.29655144646186
0.304 0.022 0.5883333333333334 7.42e-05 0.0023 4.014 normal 0.9955206702809173 0.996515479007004 52.900475884613485
0.304 0.022 0.5883333333333334 7.42e-05 0.0022500000000000003 4.014 normal 0.9948375951487541 0.9963890820809376 74.06730000250946
0.304 0.022 0.5883333333333334 7.42e-05 0.0022 4.014 normal 0.9945034336658496 0.9961087016916566 95.86802327673435
0.304 0.022 0.5883333333333334 7.42e-05 0.0025 4.014 normal 0.9979422197724334 0.9979534214030261 1.1915808058337334
0.304 0.022 0.5883333333333334 7.42e-05 0.0024000000000000002 4.014 normal 0.9965278693211314 0.996844030703178 17.5659828380606
0.304 0.022 0.5883333333333334 7.42e-05 0.00235 4.014 normal 0.9959538876585491 0.996611372787215 33.870723130428175
0.304 0.022 0.5883333333333334 7.42e-05 0.00245 4.014 normal 0.9972062997783606 0.997327576947828 5.862272582693759
0.304 0.022 0.5883333333333334 7.42e-05 0.00285 4.014 normal 1.0005366659379995 1.0005366659379995 92.78275624790506
0.304 0.022 0.5883333333333334 7.42e-05 0.0028 4.014 normal 1.0007953406403571 0.9993637274877143 75.05428853234437
0.304 0.022 0.5883333333333334 7.42e-05 0.0027 4.014 normal 1.000909207142522 0.9991678279416594 40.85196744342483
0.304 0.022 0.5883333333333334 7.42e-05 0.00275 4.014 normal 1.0009964608990705 0.9993528936873864 57.45384788314706
0.304 0.022 0.5883333333333334 7.42e-05 0.00255 4.014 normal 0.9985383973686737 0.9985039548193991 4.557585953274836
0.304 0.022 0.5883333333333334 7.42e-05 0.0026 4.014 normal 0.9994021843420634 0.998944127472459 13.287039765706195
0.304 0.022 0.5883333333333334 7.42e-05 0.00265 4.014 normal 1.000145264322689 0.9989984630665827 25.60780507605423
0.304 0.022 0.5883333333333334 7.42e-05 0.0029000000000000002 4.014 normal 1.003485777557647 1.0004237056387133 112.39235593566359
0.304 0.022 0.605 7.42e-05 0.00215 4.014 normal 0.9912310765194627 0.9929997337742195 123.73603675013386
0.304 0.022 0.605 7.42e-05 0.0022 4.014 normal 0.9920369640440531 0.9936363329370126 99.39476304333091
0.304 0.022 0.605 7.42e-05 0.002 4.014 normal 0.9893821027582722 0.9913979025446149 230.37788631536185
0.304 0.022 0.605 7.42e-05 0.00205 4.014 normal 0.9898516994655769 0.9916924738919439 189.60220308796264
0.304 0.022 0.605 7.42e-05 0.0021 4.014 normal 0.9906030488698325 0.9922447751863348 153.40286099582931
0.304 0.022 0.605 7.42e-05 0.0022500000000000003 4.014 normal 0.9923729939356467 0.9939255543731446 77.75198590798726
0.304 0.022 0.5883333333333334 7.42e-05 0.00295 4.014 normal 1.0042279486666312 1.0006495865698273 133.1270424262085
0.304 0.022 0.5883333333333334 7.42e-05 0.003 4.014 normal 1.004937636751647 1.000813551619146 154.8068543307859
0.304 0.022 0.605 7.42e-05 0.00235 4.014 normal 0.9934691206853422 0.9941945455920393 38.59839830319417
0.304 0.022 0.605 7.42e-05 0.0023 4.014 normal 0.9930351543036912 0.9940692160238548 57.00444966189995
0.304 0.022 0.605 7.42e-05 0.0024000000000000002 4.014 normal 0.9940276886258996 0.9944044147590002 22.464819426926542
0.304 0.022 0.605 7.42e-05 0.00255 4.014 normal 0.996012349541844 0.996058848087695 8.69936607437814
0.304 0.022 0.605 7.42e-05 0.0025 4.014 normal 0.9954198260516333 0.995497250816174 5.733947646483415
0.304 0.022 0.605 7.42e-05 0.0026 4.014 normal 0.9968033561826706 0.9964683264662013 16.92670082957996
0.304 0.022 0.605 7.42e-05 0.00265 4.014 normal 0.9972183797626124 0.9966294333810214 29.11563631570121
0.304 0.022 0.605 7.42e-05 0.00245 4.014 normal 0.9947014221591393 0.994892320193991 10.673937217720699
0.304 0.022 0.605 7.42e-05 0.00295 4.014 normal 1.0018837774212255 0.9982471637079309 133.62524482122632
0.304 0.022 0.605 7.42e-05 0.003 4.014 normal 1.002176975271333 0.9983210058438807 155.03339564548187
0.304 0.022 0.6216666666666666 7.42e-05 0.002 4.014 normal 0.9865353816663363 0.9886158663660842 237.3770491829311
0.304 0.022 0.605 7.42e-05 0.0029000000000000002 4.014 normal 1.0008941731778016 0.9979965558751558 113.13926561743986
0.304 0.022 0.605 7.42e-05 0.0027 4.014 normal 0.9977038751333107 0.996801078412839 43.88403139827445
0.304 0.022 0.605 7.42e-05 0.0028 4.014 normal 0.998774404062799 0.9974673177775114 76.89433749180719
0.304 0.022 0.605 7.42e-05 0.00285 4.014 normal 0.9995074627011576 0.9978395635272485 93.78981374841979
0.304 0.022 0.605 7.42e-05 0.00275 4.014 normal 0.9980921283732783 0.9970687062217573 60.01869976224481
0.304 0.022 0.6216666666666666 7.42e-05 0.00205 4.014 normal 0.9870059954523402 0.9889269721771938 197.14373859316385
0.304 0.022 0.6216666666666666 7.42e-05 0.0023 4.014 normal 0.9901339194880304 0.9912780230077748 65.83747013179334
0.304 0.022 0.6216666666666666 7.42e-05 0.00215 4.014 normal 0.9883597339105165 0.9902056416583473 131.87689345710427
0.304 0.022 0.6216666666666666 7.42e-05 0.0021 4.014 normal 0.9877414127461587 0.9894684604386009 161.4004329423664
0.304 0.022 0.6216666666666666 7.42e-05 0.00235 4.014 normal 0.9905608419072375 0.9914022647789257 47.956882435345314
0.304 0.022 0.6216666666666666 7.42e-05 0.0022500000000000003 4.014 normal 0.9894830231499171 0.9911236183055291 86.16063381014574
0.304 0.022 0.6216666666666666 7.42e-05 0.0022 4.014 normal 0.9891520089128405 0.9908372900335664 107.47921678735105
0.304 0.022 0.6216666666666666 7.42e-05 0.0024000000000000002 4.014 normal 0.9911113389628702 0.9916141548199625 32.1620853331787
0.304 0.022 0.6216666666666666 7.42e-05 0.0025 4.014 normal 0.9924738117571532 0.9926788892756478 15.080294971333014
0.304 0.022 0.6216666666666666 7.42e-05 0.0026 4.014 normal 0.9938218427420992 0.9936267611716049 25.26537733605799
0.304 0.022 0.6216666666666666 7.42e-05 0.00245 4.014 normal 0.9917737516799702 0.992096402460617 20.287671391436525
0.304 0.022 0.6216666666666666 7.42e-05 0.0028 4.014 normal 0.9956146122890327 0.9946144257250262 83.20787078119167
0.304 0.022 0.6216666666666666 7.42e-05 0.0027 4.014 normal 0.994659550208646 0.9939550126041323 51.50656499165753
0.304 0.022 0.6216666666666666 7.42e-05 0.00255 4.014 normal 0.9930603690064188 0.993245762683302 17.534767581199542
0.304 0.022 0.6216666666666666 7.42e-05 0.00275 4.014 normal 0.9950166549752695 0.9942224257198913 67.10204932265754
0.304 0.022 0.6216666666666666 7.42e-05 0.00265 4.014 normal 0.9942167348030664 0.9937911404870651 37.08719017794478
0.304 0.022 0.6383333333333333 7.42e-05 0.00205 4.014 normal 0.9837572707941841 0.9858206544455136 210.81732481574443
0.304 0.022 0.6216666666666666 7.42e-05 0.00295 4.014 normal 0.99758892838683 0.9955881775932465 138.20852573070042
0.304 0.022 0.6216666666666666 7.42e-05 0.003 4.014 normal 0.9982354383238023 0.9957873933631326 159.44452490098945
0.304 0.022 0.6383333333333333 7.42e-05 0.002 4.014 normal 0.9832918143767034 0.9855048975024043 250.3852697868295
0.304 0.022 0.6216666666666666 7.42e-05 0.0029000000000000002 4.014 normal 0.9969403653718343 0.9953340572151832 118.19218891275891
0.304 0.022 0.6216666666666666 7.42e-05 0.00285 4.014 normal 0.9962125192319947 0.9949948817428248 99.28558733261211
0.304 0.022 0.6383333333333333 7.42e-05 0.00215 4.014 normal 0.9850778985583625 0.9870678336994481 146.29478178338647
0.304 0.022 0.6383333333333333 7.42e-05 0.0021 4.014 normal 0.9844738547032549 0.986349615519716 175.72409850230045
0.304 0.022 0.6383333333333333 7.42e-05 0.0025 4.014 normal 0.989104086099305 0.9894988728403135 30.883371930110844
0.304 0.022 0.6383333333333333 7.42e-05 0.00235 4.014 normal 0.9872369052349741 0.9882517599041399 63.80752401884527
0.304 0.022 0.6383333333333333 7.42e-05 0.0024000000000000002 4.014 normal 0.9877767883942744 0.9884672628756809 48.31826930554183
0.304 0.022 0.6383333333333333 7.42e-05 0.0023 4.014 normal 0.9868184070723958 0.9881310204241069 81.0768512744521
0.304 0.022 0.6383333333333333 7.42e-05 0.00255 4.014 normal 0.9896824763035279 0.9900652972825148 32.76881022667535
0.304 0.022 0.6383333333333333 7.42e-05 0.0022500000000000003 4.014 normal 0.9861815541298377 0.9879739509639134 101.02453358013113
0.304 0.022 0.6383333333333333 7.42e-05 0.0022 4.014 normal 0.9858522057207085 0.9876873493095589 121.89011173303354
0.304 0.022 0.6383333333333333 7.42e-05 0.00245 4.014 normal 0.9884285703191569 0.988944713847314 36.314163063762294
0.304 0.022 0.6383333333333333 7.42e-05 0.00265 4.014 normal 0.9908036974806309 0.9905936831763977 51.32205887827526
0.304 0.022 0.6383333333333333 7.42e-05 0.0026 4.014 normal 0.9904106798077749 0.9904010413784554 39.88063161430649
0.304 0.022 0.6383333333333333 7.42e-05 0.0029000000000000002 4.014 normal 0.9933608611915017 0.9921036453448681 129.15585835119037
0.304 0.022 0.6383333333333333 7.42e-05 0.0028 4.014 normal 0.9921392105780753 0.9913965491997774 95.59127061670502
0.304 0.022 0.6383333333333333 7.42e-05 0.00295 4.014 normal 0.9939276281230859 0.9923604787092318 148.79105856771514
0.304 0.022 0.6383333333333333 7.42e-05 0.00285 4.014 normal 0.9927031145782976 0.9917714369422945 110.75228668386693
0.304 0.022 0.6383333333333333 7.42e-05 0.00275 4.014 normal 0.991571011223271 0.9910166511586197 80.3316495753033
0.304 0.022 0.6383333333333333 7.42e-05 0.0027 4.014 normal 0.9912238739147303 0.9907461173796612 65.31413266490404
0.304 0.022 0.655 7.42e-05 0.00215 4.014 normal 0.9813963515892432 0.9836005782292694 168.55015988046696
0.304 0.022 0.655 7.42e-05 0.0023 4.014 normal 0.9830940540292273 0.9846384726733503 104.51029543696076
0.304 0.022 0.655 7.42e-05 0.0022500000000000003 4.014 normal 0.9824690236142718 0.9844781357298135 123.98305762281453
0.304 0.022 0.655 7.42e-05 0.0021 4.014 normal 0.9808079021918883 0.9828979715266615 197.96513662225428
0.304 0.022 0.655 7.42e-05 0.00205 4.014 normal 0.9800990768182757 0.9823562189235552 232.72934759233232
0.304 0.022 0.655 7.42e-05 0.002 4.014 normal 0.9796509121352294 0.9820627100441834 271.1911748689737
0.304 0.022 0.6383333333333333 7.42e-05 0.003 4.014 normal 0.9944627313973704 0.9925564670521918 169.6106764963212
0.304 0.022 0.655 7.42e-05 0.0022 4.014 normal 0.982147408726935 0.9841943144174219 144.4442322985741
0.304 0.022 0.655 7.42e-05 0.0027 4.014 normal 0.9873775829928687 0.9871910139228055 87.12459735486402
0.304 0.022 0.655 7.42e-05 0.00265 4.014 normal 0.9869725036203583 0.9870413105613672 73.6229373527514
0.304 0.022 0.655 7.42e-05 0.00255 4.014 normal 0.9858884735859655 0.9865362432342775 56.12954725569058
0.304 0.022 0.655 7.42e-05 0.0024000000000000002 4.014 normal 0.9840344937182608 0.9849823133734937 72.47014491724033
0.304 0.022 0.655 7.42e-05 0.00235 4.014 normal 0.9834997521315386 0.9847523941688785 87.85456954620402
0.304 0.022 0.655 7.42e-05 0.00245 4.014 normal 0.9846637035231055 0.9854381724772995 60.569075501982745
0.304 0.022 0.655 7.42e-05 0.0026 4.014 normal 0.9865924769658011 0.9868535476081779 62.666338404922286
0.304 0.022 0.655 7.42e-05 0.0025 4.014 normal 0.9853129934339615 0.9859544018025401 54.96954011751716
0.304 0.022 0.655 7.42e-05 0.0028 4.014 normal 0.9882578639071573 0.9878172331844653 115.88709789543901
0.304 0.022 0.655 7.42e-05 0.00275 4.014 normal 0.987712415124638 0.9874511334727959 101.53542903971058
0.304 0.022 0.655 7.42e-05 0.003 4.014 normal 0.990445876005857 0.9889564078872378 187.30808087222695
0.304 0.022 0.655 7.42e-05 0.00295 4.014 normal 0.9899529755083945 0.9887574869963607 166.97583168316223
0.304 0.022 0.655 7.42e-05 0.00285 4.014 normal 0.9888003823262753 0.9881830943200065 130.0204363397366
0.304 0.022 0.6716666666666666 7.42e-05 0.00205 4.014 normal 0.9760558273152943 0.9785862915583083 264.0150069566876
0.304 0.022 0.6716666666666666 7.42e-05 0.002 4.014 normal 0.9756163899024128 0.9782911378942883 301.74325205414266
0.304 0.022 0.655 7.42e-05 0.0029000000000000002 4.014 normal 0.9894255351987358 0.9885128341282284 147.69855714212028
0.304 0.022 0.6716666666666666 7.42e-05 0.00235 4.014 normal 0.9793556083374694 0.9809091826107108 121.97311642793223
0.304 0.022 0.6716666666666666 7.42e-05 0.0021 4.014 normal 0.9767288987784103 0.9790763535134543 230.50502331814977
0.304 0.022 0.6716666666666666 7.42e-05 0.00215 4.014 normal 0.9773075875210468 0.9797753217131124 201.2907369552281
0.304 0.022 0.6716666666666666 7.42e-05 0.00245 4.014 normal 0.9804902573305235 0.9815889037275785 94.86433361352574
0.304 0.022 0.6716666666666666 7.42e-05 0.0022500000000000003 4.014 normal 0.9783565594602585 0.9806442041510047 157.05332347097018
0.304 0.022 0.6716666666666666 7.42e-05 0.0022 4.014 normal 0.9780400023351787 0.9803608242126814 176.9704148003914
0.304 0.022 0.6716666666666666 7.42e-05 0.0023 4.014 normal 0.9789626356091868 0.9807997292059621 137.98297298154813
0.304 0.022 0.6716666666666666 7.42e-05 0.0024000000000000002 4.014 normal 0.9798732217463793 0.9811296266637529 107.01831290789282
0.304 0.022 0.6716666666666666 7.42e-05 0.0025 4.014 normal 0.9811164137234262 0.9820844039574702 89.02114803947954
0.304 0.022 0.6716666666666666 7.42e-05 0.0028 4.014 normal 0.9839648858252656 0.9838906940489563 145.9669921252351
0.304 0.022 0.6716666666666666 7.42e-05 0.00285 4.014 normal 0.9844913564048391 0.9842511500901076 158.97904587608485
0.304 0.022 0.6716666666666666 7.42e-05 0.0026 4.014 normal 0.9823571608699101 0.9829548220179455 95.48808982044173
0.304 0.022 0.6716666666666666 7.42e-05 0.0027 4.014 normal 0.9831155712895117 0.9832843910234479 118.85132870148999
0.304 0.022 0.6716666666666666 7.42e-05 0.00275 4.014 normal 0.9834372487176579 0.983531594833869 132.65425217174263
0.304 0.022 0.6716666666666666 7.42e-05 0.00265 4.014 normal 0.9827247702590036 0.9831380310216687 105.87874154585468
0.304 0.022 0.6716666666666666 7.42e-05 0.00255 4.014 normal 0.9816716667997282 0.9826404231443315 89.61532753853074
0.304 0.022 0.6883333333333332 7.42e-05 0.00205 4.014 normal 0.9716037818062172 0.9744464923265519 307.89972846471585
0.304 0.022 0.6883333333333332 7.42e-05 0.00215 4.014 normal 0.9728267947621396 0.9756276329647281 245.67498447023877
0.304 0.022 0.6883333333333332 7.42e-05 0.0021 4.014 normal 0.9722595203144357 0.9749301909487352 274.8799080878791
0.304 0.022 0.6716666666666666 7.42e-05 0.0029000000000000002 4.014 normal 0.9850860820046258 0.9845651962187054 176.01741358343205
0.304 0.022 0.6883333333333332 7.42e-05 0.002 4.014 normal 0.971192140307496 0.9741941429705949 344.20870947068175
0.304 0.022 0.6716666666666666 7.42e-05 0.003 4.014 normal 0.9860533175297789 0.9850004081104891 214.57557177463192
0.304 0.022 0.6716666666666666 7.42e-05 0.00295 4.014 normal 0.9855865142489992 0.9847987515621182 194.6677346130255
0.304 0.022 0.6883333333333332 7.42e-05 0.0022 4.014 normal 0.9735403399215677 0.9762091984194833 221.79691523244094
0.304 0.022 0.6883333333333332 7.42e-05 0.00255 4.014 normal 0.9770488293882335 0.978411488001036 135.15679691065733
0.304 0.022 0.6883333333333332 7.42e-05 0.0024000000000000002 4.014 normal 0.9753106686396033 0.9769465285890552 153.5762297322134
0.304 0.022 0.6883333333333332 7.42e-05 0.0026 4.014 normal 0.977711622033332 0.9787163496625553 140.32425515257287
0.304 0.022 0.6883333333333332 7.42e-05 0.00245 4.014 normal 0.9758929643604358 0.9773530340148927 141.66712662341988
0.304 0.022 0.6883333333333332 7.42e-05 0.0022500000000000003 4.014 normal 0.9738439412621029 0.97647604405365 201.95788805038336
0.304 0.022 0.6883333333333332 7.42e-05 0.0025 4.014 normal 0.9765123187984507 0.9778728825251898 135.18736124465764
0.304 0.022 0.6883333333333332 7.42e-05 0.0023 4.014 normal 0.9744301479048089 0.9766276340749713 183.37941810819143
0.304 0.022 0.6883333333333332 7.42e-05 0.00235 4.014 normal 0.9748091366132522 0.976729737395716 168.17792551771052
0.304 0.022 0.6883333333333332 7.42e-05 0.0027 4.014 normal 0.9784415343579905 0.9790320092892602 162.58036604072888
0.304 0.022 0.6883333333333332 7.42e-05 0.00285 4.014 normal 0.9797682764979968 0.9799718699543557 199.72067577725718
0.304 0.022 0.6883333333333332 7.42e-05 0.00265 4.014 normal 0.9780613267753134 0.978882808838861 150.18085494028793
0.304 0.022 0.6883333333333332 7.42e-05 0.00295 4.014 normal 0.9808136700059099 0.9804934741976006 234.07860565901532
0.304 0.022 0.6883333333333332 7.42e-05 0.003 4.014 normal 0.9812553812311323 0.980687089369148 253.35481953130616
0.304 0.022 0.6883333333333332 7.42e-05 0.0028 4.014 normal 0.9792595076851444 0.9796197559112172 187.9001656246179
0.304 0.022 0.6883333333333332 7.42e-05 0.00275 4.014 normal 0.978747113936671 0.9792584307121948 175.5682314542648
0.304 0.022 0.6883333333333332 7.42e-05 0.0029000000000000002 4.014 normal 0.9803343237008509 0.980268691465208 216.0091332209286
0.304 0.022 0.705 7.42e-05 0.00205 4.014 normal 0.9667734374576534 0.9700063432351933 365.2769066984025
0.304 0.022 0.705 7.42e-05 0.0023 4.014 normal 0.9694940540291525 0.9721080832403225 243.2010179913833
0.304 0.022 0.705 7.42e-05 0.002 4.014 normal 0.9663764546758588 0.9697634714616921 400.4393740162205
0.304 0.022 0.705 7.42e-05 0.0022500000000000003 4.014 normal 0.9689310023504164 0.9719697398988085 261.18725823363656
0.304 0.022 0.705 7.42e-05 0.00215 4.014 normal 0.9679544509203835 0.9711552777934891 304.03240013097957
0.304 0.022 0.705 7.42e-05 0.0022 4.014 normal 0.9686401806414785 0.9717158388619412 280.21201680166536
0.304 0.022 0.705 7.42e-05 0.0021 4.014 normal 0.9674175491294843 0.9705077652167113 332.41866476946086
0.304 0.022 0.705 7.42e-05 0.00235 4.014 normal 0.9698646976356674 0.9722194932353896 228.5316648640219
0.304 0.022 0.705 7.42e-05 0.0025 4.014 normal 0.9715038528071879 0.9733234180594958 195.62444671944976
0.304 0.022 0.705 7.42e-05 0.00255 4.014 normal 0.972022099222374 0.9738478210605591 194.85384980001817
0.304 0.022 0.705 7.42e-05 0.0027 4.014 normal 0.9733568463798068 0.9744334361239649 220.34103200379644
0.304 0.022 0.705 7.42e-05 0.00275 4.014 normal 0.9736527864246288 0.9746598046558794 232.58189564675547
0.304 0.022 0.705 7.42e-05 0.00245 4.014 normal 0.970907055756171 0.9728174960745184 202.4869751610575
0.304 0.022 0.705 7.42e-05 0.00265 4.014 normal 0.9729914082090896 0.9742891977501632 208.62429900630653
0.304 0.022 0.705 7.42e-05 0.0024000000000000002 4.014 normal 0.9703464802888974 0.9724256941558335 214.33118734239852
0.304 0.022 0.705 7.42e-05 0.0026 4.014 normal 0.9726626829534274 0.9741451046316975 199.2800123533555
0.304 0.022 0.705 7.42e-05 0.00285 4.014 normal 0.9746334120313443 0.9753451439844613 254.45687780828518
0.304 0.022 0.705 7.42e-05 0.0028 4.014 normal 0.9741458487919952 0.9750103435820706 243.79293682447585
0.304 0.022 0.705 7.42e-05 0.00295 4.014 normal 0.9756323889628756 0.9758484358468044 287.2459378131698
0.304 0.022 0.705 7.42e-05 0.003 4.014 normal 0.9760453114227264 0.9760147907598581 306.0355784932168
0.304 0.022 0.705 7.42e-05 0.0029000000000000002 4.014 normal 0.975174349820842 0.9756304897404349 269.8736955949101
