Sin2Theta12 Sin2Theta13 Sin2Theta23 Dm221 Dm231 dCP Ordering FluxNormalization_Below1GeV FluxNormalization_Above1GeV X2 
0.304 0.022 0.305 7.42e-05 0.002 4.014 normal 0.9515194755635554 0.9804579386260127 354.25908497691046
0.304 0.022 0.305 7.42e-05 0.00205 4.014 normal 0.9521679888167174 0.9806065829242444 320.67385489391336
0.304 0.022 0.305 7.42e-05 0.00235 4.014 normal 0.9580210897705167 0.9822236075133877 192.7418866187594
0.304 0.022 0.305 7.42e-05 0.0022 4.014 normal 0.9556049981092518 0.9819996989390397 241.71420942423228
0.304 0.022 0.305 7.42e-05 0.00215 4.014 normal 0.9541544781375365 0.9815426662277844 263.6312228246078
0.304 0.022 0.305 7.42e-05 0.0021 4.014 normal 0.9535043561131658 0.9809644734898274 289.9954936526173
0.304 0.022 0.305 7.42e-05 0.0022500000000000003 4.014 normal 0.9557458762102412 0.9822138614884288 223.33568891947255
0.304 0.022 0.305 7.42e-05 0.0023 4.014 normal 0.9572156286692161 0.9822073144586644 207.0359387308156
0.304 0.022 0.305 7.42e-05 0.00245 4.014 normal 0.9602428607283217 0.9827411588692568 167.90337201727124
0.304 0.022 0.305 7.42e-05 0.00275 4.014 normal 0.9653919185378896 0.9841494218077727 209.15631761959213
0.304 0.022 0.305 7.42e-05 0.0024000000000000002 4.014 normal 0.9591690989671463 0.9824119602983774 178.93270562339592
0.304 0.022 0.305 7.42e-05 0.0025 4.014 normal 0.9613766880673592 0.9831845139168389 161.70524812235118
0.304 0.022 0.305 7.42e-05 0.00255 4.014 normal 0.9619308685182365 0.983625712331157 162.85160882393103
0.304 0.022 0.305 7.42e-05 0.0026 4.014 normal 0.9631347251238048 0.9838792168068801 169.25086244908877
0.304 0.022 0.305 7.42e-05 0.00265 4.014 normal 0.9637025087846166 0.9839551890996219 180.88227353951342
0.304 0.022 0.305 7.42e-05 0.0027 4.014 normal 0.9647581422453123 0.9839798575629384 194.78837965082127
0.304 0.022 0.305 7.42e-05 0.0029000000000000002 4.014 normal 0.9684825903842336 0.9848917056772897 252.66985319798795
0.304 0.022 0.305 7.42e-05 0.0028 4.014 normal 0.9665061840690269 0.9844082813576301 223.18627005399875
0.304 0.022 0.305 7.42e-05 0.00295 4.014 normal 0.9694082368966402 0.9850634691256419 270.28731223711054
0.304 0.022 0.305 7.42e-05 0.00285 4.014 normal 0.9672351540463786 0.9846713287915614 236.31632627025735
0.304 0.022 0.305 7.42e-05 0.003 4.014 normal 0.9704624686276966 0.9851664558185743 289.18455437777897
0.304 0.022 0.32166666666666666 7.42e-05 0.002 4.014 normal 0.9568881529169246 0.9841322925233187 313.03821247181395
0.304 0.022 0.32166666666666666 7.42e-05 0.0021 4.014 normal 0.9589550172600081 0.9846822144658666 246.22090408063156
0.304 0.022 0.32166666666666666 7.42e-05 0.00205 4.014 normal 0.9575663451917158 0.9842933991003885 278.03760561395256
0.304 0.022 0.32166666666666666 7.42e-05 0.00215 4.014 normal 0.9596121782720447 0.9852730958695455 219.30829505492073
0.304 0.022 0.32166666666666666 7.42e-05 0.0023 4.014 normal 0.9627746630620384 0.9860028972207108 160.55581909582367
0.304 0.022 0.32166666666666666 7.42e-05 0.0022500000000000003 4.014 normal 0.9612558339065126 0.9859857030915309 177.78358753240832
0.304 0.022 0.32166666666666666 7.42e-05 0.00235 4.014 normal 0.9636082937348409 0.9860279575697165 145.2922163556204
0.304 0.022 0.32166666666666666 7.42e-05 0.0024000000000000002 4.014 normal 0.9647560273110284 0.9861891583608823 130.8846320027981
0.304 0.022 0.32166666666666666 7.42e-05 0.0022 4.014 normal 0.9611076994162643 0.9857640612390356 196.9352218915374
0.304 0.022 0.32166666666666666 7.42e-05 0.00245 4.014 normal 0.9658650763694508 0.9865255079302928 119.73179328844222
0.304 0.022 0.32166666666666666 7.42e-05 0.0025 4.014 normal 0.9670526055420734 0.9869989234074146 113.73868025279683
0.304 0.022 0.32166666666666666 7.42e-05 0.0027 4.014 normal 0.9705899209565261 0.9879005200589945 148.262415882063
0.304 0.022 0.32166666666666666 7.42e-05 0.0029000000000000002 4.014 normal 0.9744242791967682 0.9888573214116935 208.9473548413113
0.304 0.022 0.32166666666666666 7.42e-05 0.00285 4.014 normal 0.9731454207992313 0.9886188911085365 192.09016019571453
0.304 0.022 0.32166666666666666 7.42e-05 0.00275 4.014 normal 0.9712356327340503 0.9880832536800253 163.28834364893137
0.304 0.022 0.32166666666666666 7.42e-05 0.0028 4.014 normal 0.9723918485044132 0.9883393286078906 177.9032724525767
0.304 0.022 0.32166666666666666 7.42e-05 0.00265 4.014 normal 0.9694992039798029 0.9878712448845237 134.0723233505159
0.304 0.022 0.32166666666666666 7.42e-05 0.0026 4.014 normal 0.9688828071972367 0.9877387989365806 122.21206034003092
0.304 0.022 0.32166666666666666 7.42e-05 0.00255 4.014 normal 0.967619749675653 0.9874633372161786 115.25906653029043
0.304 0.022 0.32166666666666666 7.42e-05 0.003 4.014 normal 0.976466499856425 0.9891500398868003 246.53142476297586
0.304 0.022 0.32166666666666666 7.42e-05 0.00295 4.014 normal 0.9753795012325992 0.9890430961618902 227.19621211181052
0.304 0.022 0.3383333333333333 7.42e-05 0.0022 4.014 normal 0.9662025048153018 0.9891696859307947 163.8163185401153
0.304 0.022 0.3383333333333333 7.42e-05 0.0021 4.014 normal 0.9639940467276907 0.9880217539615568 214.12040634972203
0.304 0.022 0.3383333333333333 7.42e-05 0.002 4.014 normal 0.9618765651112274 0.98745739389005 283.0361846560488
0.304 0.022 0.3383333333333333 7.42e-05 0.0022500000000000003 4.014 normal 0.9663629717986449 0.9893975709718269 143.94395834244716
0.304 0.022 0.3383333333333333 7.42e-05 0.00205 4.014 normal 0.9625643418513997 0.9876364422334948 246.67528967831865
0.304 0.022 0.3383333333333333 7.42e-05 0.00215 4.014 normal 0.9646663963842939 0.988658365088273 186.4337462357352
0.304 0.022 0.3383333333333333 7.42e-05 0.0023 4.014 normal 0.9679291326936421 0.9894340922234253 125.92756974453485
0.304 0.022 0.3383333333333333 7.42e-05 0.00245 4.014 normal 0.971115937763745 0.9899903726925937 83.5347194218087
0.304 0.022 0.3383333333333333 7.42e-05 0.0026 4.014 normal 0.9742069646199433 0.9912561240913635 87.13920829679904
0.304 0.022 0.3383333333333333 7.42e-05 0.00265 4.014 normal 0.9747943960427254 0.9913580385823415 99.29216679152226
0.304 0.022 0.3383333333333333 7.42e-05 0.00235 4.014 normal 0.9687987567092743 0.9894665884400845 109.80010809997559
0.304 0.022 0.3383333333333333 7.42e-05 0.0024000000000000002 4.014 normal 0.9699703849849012 0.9896288617104915 94.8084809121241
0.304 0.022 0.3383333333333333 7.42e-05 0.00255 4.014 normal 0.9729193530602699 0.9909709412606458 79.68481488894572
0.304 0.022 0.3383333333333333 7.42e-05 0.0025 4.014 normal 0.9723294609766795 0.9904809125500824 77.77878511378086
0.304 0.022 0.3383333333333333 7.42e-05 0.00275 4.014 normal 0.9766814893503122 0.9916597317925553 129.329438562167
0.304 0.022 0.3383333333333333 7.42e-05 0.0029000000000000002 4.014 normal 0.9799462382086535 0.9924757606193827 177.28613194054964
0.304 0.022 0.3383333333333333 7.42e-05 0.003 4.014 normal 0.9820340655301263 0.9927732588081448 215.6793892727802
0.304 0.022 0.3383333333333333 7.42e-05 0.0028 4.014 normal 0.9778662837002577 0.9919290841469378 144.71097683047236
0.304 0.022 0.3383333333333333 7.42e-05 0.00285 4.014 normal 0.9786369816809002 0.9922305877740625 159.7646475723973
0.304 0.022 0.3383333333333333 7.42e-05 0.00295 4.014 normal 0.9809314349974493 0.9926624756337901 195.89215091377557
0.304 0.022 0.355 7.42e-05 0.002 4.014 normal 0.9664646775424105 0.9904252157556883 262.36729157621863
0.304 0.022 0.3383333333333333 7.42e-05 0.0027 4.014 normal 0.9759376753474504 0.991412563004013 113.74965237754091
0.304 0.022 0.355 7.42e-05 0.00205 4.014 normal 0.9671735242976174 0.9906219342601079 224.78691542840616
0.304 0.022 0.355 7.42e-05 0.0021 4.014 normal 0.9686265374998042 0.9910338227604806 191.22407942646117
0.304 0.022 0.355 7.42e-05 0.0022500000000000003 4.014 normal 0.9710620866026634 0.9924491136889427 119.83095829966429
0.304 0.022 0.355 7.42e-05 0.0024000000000000002 4.014 normal 0.9747717282431883 0.9927190012060411 68.7116803322763
0.304 0.022 0.355 7.42e-05 0.0022 4.014 normal 0.9709053800046971 0.9922052622748424 140.40135042837227
0.304 0.022 0.355 7.42e-05 0.00215 4.014 normal 0.9693167708390091 0.9916887254089709 163.1919148113653
0.304 0.022 0.355 7.42e-05 0.00235 4.014 normal 0.9735584507540666 0.9925437838823638 84.15273718442525
0.304 0.022 0.355 7.42e-05 0.0023 4.014 normal 0.9726715967929316 0.9925060023857055 101.0461029735624
0.304 0.022 0.355 7.42e-05 0.0025 4.014 normal 0.9771937000505709 0.9936066955632985 51.88492614298197
0.304 0.022 0.355 7.42e-05 0.00255 4.014 normal 0.9777950166544812 0.9940984252907087 54.07784158514683
0.304 0.022 0.355 7.42e-05 0.00245 4.014 normal 0.9759485956165591 0.9930907456235496 57.31795507183946
0.304 0.022 0.355 7.42e-05 0.0028 4.014 normal 0.9827927659062735 0.99507725413485 121.43524125587417
0.304 0.022 0.355 7.42e-05 0.0027 4.014 normal 0.9808875976252627 0.994582866466199 89.22873941589187
0.304 0.022 0.355 7.42e-05 0.00265 4.014 normal 0.9797163197247581 0.9945187688820473 74.40336699039085
0.304 0.022 0.355 7.42e-05 0.0026 4.014 normal 0.9791096795815656 0.9944083265531907 62.03253498014961
0.304 0.022 0.355 7.42e-05 0.00275 4.014 normal 0.981574104531455 0.9947894847019771 105.32299644993836
0.304 0.022 0.355 7.42e-05 0.00285 4.014 normal 0.9837468374474166 0.9954895334802376 137.3177433969082
0.304 0.022 0.355 7.42e-05 0.0029000000000000002 4.014 normal 0.985080329824808 0.9957350646021357 155.31125777769125
0.304 0.022 0.355 7.42e-05 0.00295 4.014 normal 0.98609254728531 0.9959324259954121 174.4625028254912
0.304 0.022 0.355 7.42e-05 0.003 4.014 normal 0.9872036750340327 0.9960355149908264 194.50621311713846
0.304 0.022 0.37166666666666665 7.42e-05 0.002 4.014 normal 0.970659490844002 0.9930333229444281 249.08362290607067
0.304 0.022 0.37166666666666665 7.42e-05 0.00205 4.014 normal 0.9713971212437601 0.9932309583734877 210.43343468252186
0.304 0.022 0.37166666666666665 7.42e-05 0.0021 4.014 normal 0.9728619430017463 0.9936738505753142 176.1245671736786
0.304 0.022 0.37166666666666665 7.42e-05 0.00215 4.014 normal 0.9735800464406376 0.9943478590237851 147.7206293908658
0.304 0.022 0.37166666666666665 7.42e-05 0.0023 4.014 normal 0.9769988063423489 0.9952049180271948 84.12598662853128
0.304 0.022 0.37166666666666665 7.42e-05 0.00235 4.014 normal 0.977903576726244 0.9952524434412663 66.53716221777476
0.304 0.022 0.37166666666666665 7.42e-05 0.0022500000000000003 4.014 normal 0.9753580657872902 0.9951310396315288 103.55802501426562
0.304 0.022 0.37166666666666665 7.42e-05 0.0024000000000000002 4.014 normal 0.9791512944289413 0.9954301057779756 50.65645291732216
0.304 0.022 0.37166666666666665 7.42e-05 0.0025 4.014 normal 0.9816249233559733 0.9963697803266588 34.059411198451784
0.304 0.022 0.37166666666666665 7.42e-05 0.0022 4.014 normal 0.9751883899212783 0.9948893449340396 124.65963086724328
0.304 0.022 0.37166666666666665 7.42e-05 0.00245 4.014 normal 0.9803569006267723 0.9958237442928546 39.16896593840189
0.304 0.022 0.37166666666666665 7.42e-05 0.00255 4.014 normal 0.9822445686811572 0.9968710552104005 36.60928612681052
0.304 0.022 0.37166666666666665 7.42e-05 0.0029000000000000002 4.014 normal 0.9896915630737301 0.9985820501714027 141.14165881869272
0.304 0.022 0.37166666666666665 7.42e-05 0.00295 4.014 normal 0.9907336697812305 0.9987749257229106 160.80500707135823
0.304 0.022 0.37166666666666665 7.42e-05 0.0027 4.014 normal 0.9853975177443711 0.9973802861457116 72.70109507855561
0.304 0.022 0.37166666666666665 7.42e-05 0.00265 4.014 normal 0.9841951466243584 0.9973094867101691 57.61648258932995
0.304 0.022 0.37166666666666665 7.42e-05 0.0026 4.014 normal 0.9835880330484412 0.9971909310539081 45.0163994301951
0.304 0.022 0.37166666666666665 7.42e-05 0.00275 4.014 normal 0.9861000069660266 0.997600227764964 89.23931586122545
0.304 0.022 0.37166666666666665 7.42e-05 0.0028 4.014 normal 0.9873476180609191 0.9978988799349541 106.04383139895943
0.304 0.022 0.37166666666666665 7.42e-05 0.00285 4.014 normal 0.9881620721760762 0.9982357960336241 122.70408898378392
0.304 0.022 0.37166666666666665 7.42e-05 0.003 4.014 normal 0.9918865951142007 0.9989046535874025 181.1258447160556
0.304 0.022 0.3883333333333333 7.42e-05 0.0022 4.014 normal 0.9790862464247199 0.9971954775025383 114.85264379951418
0.304 0.022 0.3883333333333333 7.42e-05 0.002 4.014 normal 0.9744483749672511 0.9952782078747708 241.43240020692755
0.304 0.022 0.3883333333333333 7.42e-05 0.0023 4.014 normal 0.9809269754508865 0.99752843412621 73.2858003727293
0.304 0.022 0.3883333333333333 7.42e-05 0.00215 4.014 normal 0.9774448025410776 0.9966384734005339 138.1827301256014
0.304 0.022 0.3883333333333333 7.42e-05 0.0021 4.014 normal 0.9767023606784726 0.9959633418414866 166.7795650088903
0.304 0.022 0.3883333333333333 7.42e-05 0.00205 4.014 normal 0.9751947944019714 0.9954915129519144 201.88105366464882
0.304 0.022 0.3883333333333333 7.42e-05 0.0022500000000000003 4.014 normal 0.9792548066769788 0.9974431501818194 93.33207081992997
0.304 0.022 0.3883333333333333 7.42e-05 0.00265 4.014 normal 0.9882875064334328 0.9997033444383326 47.05827321745853
0.304 0.022 0.3883333333333333 7.42e-05 0.0027 4.014 normal 0.9894977247221391 0.9997850579844568 62.357584363527465
0.304 0.022 0.3883333333333333 7.42e-05 0.0024000000000000002 4.014 normal 0.983112720752663 0.9977802627542406 38.873189962786775
0.304 0.022 0.3883333333333333 7.42e-05 0.00235 4.014 normal 0.9818496196251162 0.9975969630268722 55.06545361974154
0.304 0.022 0.3883333333333333 7.42e-05 0.0025 4.014 normal 0.9856695538523433 0.9987342567579928 22.54032319578239
0.304 0.022 0.3883333333333333 7.42e-05 0.00255 4.014 normal 0.9863063216297101 0.9992504530543598 25.4013909763351
0.304 0.022 0.3883333333333333 7.42e-05 0.00245 4.014 normal 0.9843552630085205 0.9981778834053536 27.316924174701487
0.304 0.022 0.3883333333333333 7.42e-05 0.0026 4.014 normal 0.9876694857184982 0.9995849654893088 34.2382367035134
0.304 0.022 0.3883333333333333 7.42e-05 0.0028 4.014 normal 0.9994542698530336 1.000682162683708 97.68803341876725
0.304 0.022 0.3883333333333333 7.42e-05 0.003 4.014 normal 0.9985716819955448 1.0014113610785382 173.99730253569524
0.304 0.022 0.3883333333333333 7.42e-05 0.00295 4.014 normal 0.9985238299286816 1.0013064810149428 153.26120730977775
0.304 0.022 0.3883333333333333 7.42e-05 0.0029000000000000002 4.014 normal 0.9985349448234632 1.0011329766156036 133.40783238148055
0.304 0.022 0.3883333333333333 7.42e-05 0.00285 4.014 normal 0.9923126427625776 1.0006759831497274 114.06700524963111
0.304 0.022 0.3883333333333333 7.42e-05 0.00275 4.014 normal 0.9901998512843672 1.0000213325741352 79.2684181104805
0.304 0.022 0.405 7.42e-05 0.002 4.014 normal 0.9778481605187033 0.9971572107498532 237.8093677752779
0.304 0.022 0.405 7.42e-05 0.00205 4.014 normal 0.9785998662473696 0.9973779524509976 197.44937785244556
0.304 0.022 0.405 7.42e-05 0.00245 4.014 normal 0.9879202632201834 1.0001578544987264 20.164075837089296
0.304 0.022 0.405 7.42e-05 0.0024000000000000002 4.014 normal 0.9866611521132866 0.9997463383601202 31.754339666684192
0.304 0.022 0.405 7.42e-05 0.0021 4.014 normal 0.9801406349280944 0.9978636440204385 161.81543880032928
0.304 0.022 0.405 7.42e-05 0.0022 4.014 normal 0.9825882743307426 0.9991262096620119 109.41454707607204
0.304 0.022 0.405 7.42e-05 0.00235 4.014 normal 0.9853792607392943 0.9995570660522451 48.25961973874689
0.304 0.022 0.405 7.42e-05 0.0022500000000000003 4.014 normal 0.9827537246997465 0.9993874089135667 87.51457578040481
0.304 0.022 0.405 7.42e-05 0.00215 4.014 normal 0.9809284486820946 0.9985546782403382 132.92816350175156
0.304 0.022 0.405 7.42e-05 0.0023 4.014 normal 0.9844472374882407 0.9994808803171713 67.01676721784779
0.304 0.022 0.405 7.42e-05 0.00275 4.014 normal 0.9977753471157227 1.0022093375706667 74.02043238942811
0.304 0.022 0.405 7.42e-05 0.0028 4.014 normal 0.9977105595121416 1.0024883515542273 91.91131099651572
0.304 0.022 0.405 7.42e-05 0.00285 4.014 normal 0.997570860538634 1.0028061625223577 109.80630227693216
0.304 0.022 0.405 7.42e-05 0.00255 4.014 normal 0.9898801537918477 1.0012714491222419 18.895638821062768
0.304 0.022 0.405 7.42e-05 0.0027 4.014 normal 0.9933917116672253 1.0017218803157137 56.58805628424516
0.304 0.022 0.405 7.42e-05 0.0026 4.014 normal 0.9913175288535396 1.0015754562191561 28.08614307600113
0.304 0.022 0.405 7.42e-05 0.0025 4.014 normal 0.9892361895133815 1.0007378060007937 15.648835360588516
0.304 0.022 0.405 7.42e-05 0.00265 4.014 normal 0.9920235748479852 1.0016864206099307 41.0637891870701
0.304 0.022 0.405 7.42e-05 0.003 4.014 normal 1.002763006449677 1.0031936143595612 171.16479422235562
0.304 0.022 0.405 7.42e-05 0.00295 4.014 normal 0.9975416140106285 1.0032173399394948 149.52514130151457
0.304 0.022 0.405 7.42e-05 0.0029000000000000002 4.014 normal 0.997556185329741 1.0030361141051787 129.23641006171118
0.304 0.022 0.42166666666666663 7.42e-05 0.002 4.014 normal 0.9807557092538106 0.998526890153166 236.87404814647564
0.304 0.022 0.42166666666666663 7.42e-05 0.0021 4.014 normal 0.9831713504919796 0.9993405871581968 159.71441325062557
0.304 0.022 0.42166666666666663 7.42e-05 0.0022 4.014 normal 0.9856079290549321 1.0007023747316144 106.93867516495536
0.304 0.022 0.42166666666666663 7.42e-05 0.00205 4.014 normal 0.9815473524410481 0.998755520361997 195.7996196146546
0.304 0.022 0.42166666666666663 7.42e-05 0.00215 4.014 normal 0.9838962908132017 1.0001254436614089 130.576835433556
0.304 0.022 0.42166666666666663 7.42e-05 0.0023 4.014 normal 0.9875047594485812 1.0010719919255735 63.82765410181153
0.304 0.022 0.42166666666666663 7.42e-05 0.0022500000000000003 4.014 normal 0.9857827439264455 1.0009716891591762 84.70480937230371
0.304 0.022 0.42166666666666663 7.42e-05 0.0024000000000000002 4.014 normal 0.9897679551666775 1.001340367164347 27.85895677689191
0.304 0.022 0.42166666666666663 7.42e-05 0.00235 4.014 normal 0.9884518047774765 1.0011558190995147 44.62960572730331
0.304 0.022 0.42166666666666663 7.42e-05 0.00245 4.014 normal 0.9910229564418978 1.0017736459897806 16.262373361289107
0.304 0.022 0.42166666666666663 7.42e-05 0.0026 4.014 normal 0.9944807395237734 1.0032292090578785 25.072314310420825
0.304 0.022 0.42166666666666663 7.42e-05 0.0025 4.014 normal 0.9923697108911249 1.002356056157048 11.974985525594645
0.304 0.022 0.42166666666666663 7.42e-05 0.00255 4.014 normal 0.992999739787892 1.0029238875732642 15.531182538276752
0.304 0.022 0.42166666666666663 7.42e-05 0.00265 4.014 normal 0.996983976585856 1.0034885223552352 38.234165220972756
0.304 0.022 0.42166666666666663 7.42e-05 0.00275 4.014 normal 0.9970193421101611 1.0037300997057974 71.3142437542445
0.304 0.022 0.42166666666666663 7.42e-05 0.0027 4.014 normal 0.997089699600686 1.0035246553872095 53.883740030741045
0.304 0.022 0.42166666666666663 7.42e-05 0.003 4.014 normal 1.0047467881359469 1.0049932217005884 170.52877269179405
0.304 0.022 0.42166666666666663 7.42e-05 0.0029000000000000002 4.014 normal 1.0040101763407356 1.0044850151466436 128.33359458826587
0.304 0.022 0.42166666666666663 7.42e-05 0.0028 4.014 normal 0.9969427870594916 1.0040249388248548 89.88611721598744
0.304 0.022 0.42166666666666663 7.42e-05 0.00285 4.014 normal 1.003510754606076 1.0041252986658136 108.60879995917435
0.304 0.022 0.42166666666666663 7.42e-05 0.00295 4.014 normal 1.0043941050501135 1.004762478681054 148.7939886445883
0.304 0.022 0.43833333333333335 7.42e-05 0.0021 4.014 normal 0.9857335215292611 1.0005888521643342 159.25925289086948
0.304 0.022 0.43833333333333335 7.42e-05 0.0022 4.014 normal 0.988254713699163 1.0018678758287491 106.22195861568656
0.304 0.022 0.43833333333333335 7.42e-05 0.0022500000000000003 4.014 normal 0.9884829808627367 1.0021235601502019 83.70621986227526
0.304 0.022 0.43833333333333335 7.42e-05 0.00215 4.014 normal 0.9865002709766468 1.0013103016341394 129.92946573759895
0.304 0.022 0.43833333333333335 7.42e-05 0.00205 4.014 normal 0.9841526661283203 1.0000829696356706 195.69356566391346
0.304 0.022 0.43833333333333335 7.42e-05 0.002 4.014 normal 0.9833849870768774 0.9998381230847317 237.34577409971956
0.304 0.022 0.43833333333333335 7.42e-05 0.0023 4.014 normal 0.9901269861697812 1.0022888284494456 62.5109279499415
0.304 0.022 0.43833333333333335 7.42e-05 0.00235 4.014 normal 0.9910920755066445 1.0023816138066928 42.95091752252759
0.304 0.022 0.43833333333333335 7.42e-05 0.0027 4.014 normal 0.9968515538054552 1.0047105050885488 53.05802371537998
0.304 0.022 0.43833333333333335 7.42e-05 0.00255 4.014 normal 0.9964489412688338 1.0041994796927753 14.145262357939355
0.304 0.022 0.43833333333333335 7.42e-05 0.0026 4.014 normal 0.9965368129900225 1.004518074781842 23.954708717859965
0.304 0.022 0.43833333333333335 7.42e-05 0.00265 4.014 normal 0.9966290253706165 1.0046203173998152 37.18719621471032
0.304 0.022 0.43833333333333335 7.42e-05 0.0025 4.014 normal 0.9951153250357792 1.0035732721310289 10.286271974547574
0.304 0.022 0.43833333333333335 7.42e-05 0.0024000000000000002 4.014 normal 0.9924208069571112 1.0026050306461398 25.9838346172975
0.304 0.022 0.43833333333333335 7.42e-05 0.00275 4.014 normal 0.9997578552197152 1.005011306002858 70.64136484725492
0.304 0.022 0.43833333333333335 7.42e-05 0.00245 4.014 normal 0.9936965427451402 1.0030220967944263 14.395389672845093
0.304 0.022 0.43833333333333335 7.42e-05 0.00295 4.014 normal 1.0059697814637028 1.0061652006853061 149.37592446858284
0.304 0.022 0.43833333333333335 7.42e-05 0.003 4.014 normal 1.0063292752791626 1.0064025433844392 171.40020679907624
0.304 0.022 0.43833333333333335 7.42e-05 0.00285 4.014 normal 1.0050725038067954 1.005515146328162 108.59337904838287
0.304 0.022 0.43833333333333335 7.42e-05 0.0029000000000000002 4.014 normal 1.0055770920710856 1.0058794782321259 128.65645290296405
0.304 0.022 0.43833333333333335 7.42e-05 0.0028 4.014 normal 1.0046158982422273 1.005118001102959 89.75314283967278
0.304 0.022 0.45499999999999996 7.42e-05 0.0021 4.014 normal 0.9878870996271331 1.0013963925621785 159.47682328995685
0.304 0.022 0.45499999999999996 7.42e-05 0.00205 4.014 normal 0.9863024131331943 1.0008793187275307 196.18423014342468
0.304 0.022 0.45499999999999996 7.42e-05 0.002 4.014 normal 0.9855259565551064 1.0006249937398717 238.27589627107963
0.304 0.022 0.45499999999999996 7.42e-05 0.0025 4.014 normal 0.9966204751149923 1.004447071016689 9.593552178456312
0.304 0.022 0.45499999999999996 7.42e-05 0.0024000000000000002 4.014 normal 0.9965699640319026 1.0034013799671309 25.17138358706919
0.304 0.022 0.45499999999999996 7.42e-05 0.00245 4.014 normal 0.9966842543508215 1.003904611368442 13.586263208802364
0.304 0.022 0.45499999999999996 7.42e-05 0.00215 4.014 normal 0.9887451937209988 1.002076479095992 130.02172988653123
0.304 0.022 0.45499999999999996 7.42e-05 0.0022500000000000003 4.014 normal 0.9905649004876619 1.0030294788081975 83.49825104750875
0.304 0.022 0.45499999999999996 7.42e-05 0.00235 4.014 normal 0.9933128914546032 1.0032262374710188 42.24726612264427
0.304 0.022 0.45499999999999996 7.42e-05 0.0022 4.014 normal 0.990377513208447 1.0027307595359054 106.24070239967827
0.304 0.022 0.45499999999999996 7.42e-05 0.0023 4.014 normal 0.992310684894986 1.003178380940959 62.06411574512871
0.304 0.022 0.45499999999999996 7.42e-05 0.00285 4.014 normal 1.0062345166198585 1.006514747821605 109.14561548612981
0.304 0.022 0.45499999999999996 7.42e-05 0.0028 4.014 normal 1.0057734145246047 1.0061139638903025 89.99004506211449
0.304 0.022 0.45499999999999996 7.42e-05 0.0029000000000000002 4.014 normal 1.0067417520882345 1.0068820905828402 129.4753013624542
0.304 0.022 0.45499999999999996 7.42e-05 0.00255 4.014 normal 0.996474118703318 1.0049606064920387 13.68892267272179
0.304 0.022 0.45499999999999996 7.42e-05 0.00275 4.014 normal 1.0043298453417813 1.0056032920044262 70.77722501402393
0.304 0.022 0.45499999999999996 7.42e-05 0.0026 4.014 normal 0.9993534357041421 1.0054311490527221 23.67739774605248
0.304 0.022 0.45499999999999996 7.42e-05 0.00265 4.014 normal 0.9999869123465034 1.0055775734023624 36.98118631332518
0.304 0.022 0.45499999999999996 7.42e-05 0.0027 4.014 normal 1.0012807213386787 1.0056746089160948 52.88748725535564
0.304 0.022 0.45499999999999996 7.42e-05 0.00295 4.014 normal 1.0071389917774825 1.0071712007645273 150.41714468223188
0.304 0.022 0.45499999999999996 7.42e-05 0.003 4.014 normal 1.0075073419755158 1.007418104072918 172.70350656491365
0.304 0.022 0.4716666666666667 7.42e-05 0.0022 4.014 normal 0.9967583088713503 1.0033733796129505 106.54243440871872
0.304 0.022 0.4716666666666667 7.42e-05 0.0021 4.014 normal 0.9896675163169971 1.0018065216026988 159.62597447978553
0.304 0.022 0.4716666666666667 7.42e-05 0.002 4.014 normal 0.9872296631064805 1.0010538590936593 238.93519493384264
0.304 0.022 0.4716666666666667 7.42e-05 0.00205 4.014 normal 0.9880211361771445 1.0013110357417567 196.52133967215863
0.304 0.022 0.4716666666666667 7.42e-05 0.00215 4.014 normal 0.9907650089243378 1.0024349706689584 130.04714880038657
0.304 0.022 0.4716666666666667 7.42e-05 0.0022500000000000003 4.014 normal 0.992300518520208 1.0034983013615546 83.33111516435257
0.304 0.022 0.4716666666666667 7.42e-05 0.0023 4.014 normal 0.9967230975297668 1.0037098335360368 61.83398940032505
0.304 0.022 0.4716666666666667 7.42e-05 0.0024000000000000002 4.014 normal 0.9968009068953384 1.0039395904604975 24.52227648434138
0.304 0.022 0.4716666666666667 7.42e-05 0.00235 4.014 normal 0.9967762948524683 1.0037800309771654 41.77941491424553
0.304 0.022 0.4716666666666667 7.42e-05 0.00245 4.014 normal 0.9967926287311035 1.004324672642376 13.006063964568666
0.304 0.022 0.4716666666666667 7.42e-05 0.0025 4.014 normal 0.9990637828878588 1.0049759798458002 9.102819309695365
0.304 0.022 0.4716666666666667 7.42e-05 0.00255 4.014 normal 0.99968591820484 1.0055511591778434 13.331442876090472
0.304 0.022 0.4716666666666667 7.42e-05 0.00265 4.014 normal 1.0017981417605606 1.006091505613985 36.825952942115904
0.304 0.022 0.4716666666666667 7.42e-05 0.0026 4.014 normal 1.0011421043187054 1.0059340547314588 23.4825132412665
0.304 0.022 0.4716666666666667 7.42e-05 0.0028 4.014 normal 1.0065277353862587 1.006717571127723 90.051003984223
0.304 0.022 0.4716666666666667 7.42e-05 0.003 4.014 normal 1.008282115576527 1.0080425764956082 173.60733924324595
0.304 0.022 0.4716666666666667 7.42e-05 0.00285 4.014 normal 1.0069928421529315 1.007123039199943 109.48603380349283
0.304 0.022 0.4716666666666667 7.42e-05 0.0029000000000000002 4.014 normal 1.0075036528692707 1.00749288384188 129.98595956130322
0.304 0.022 0.4716666666666667 7.42e-05 0.00295 4.014 normal 1.007905129228232 1.0077855452954663 151.08850668446846
0.304 0.022 0.4716666666666667 7.42e-05 0.00275 4.014 normal 1.0055691296529081 1.0062545657554127 70.72278162417255
0.304 0.022 0.4716666666666667 7.42e-05 0.0027 4.014 normal 1.0050692099370735 1.0059574516231709 52.85138326546849
0.304 0.022 0.4883333333333333 7.42e-05 0.002 4.014 normal 0.9885057835062918 1.0011176826742327 238.83297404197558
0.304 0.022 0.4883333333333333 7.42e-05 0.00215 4.014 normal 0.9970685104006831 1.002874810235109 129.9922791756064
0.304 0.022 0.4883333333333333 7.42e-05 0.0023 4.014 normal 0.9968223957850421 1.003762053372291 61.03074497185684
0.304 0.022 0.4883333333333333 7.42e-05 0.00235 4.014 normal 0.9968706391698363 1.0038390116793503 40.92419020732123
0.304 0.022 0.4883333333333333 7.42e-05 0.0022 4.014 normal 0.9968623431078574 1.0034193603065986 105.82292981573158
0.304 0.022 0.4883333333333333 7.42e-05 0.0022500000000000003 4.014 normal 0.9966826533989929 1.0036959652887372 82.85413569347809
0.304 0.022 0.4883333333333333 7.42e-05 0.0024000000000000002 4.014 normal 0.9969922856246376 1.0039988181006503 23.671853551801973
0.304 0.022 0.4883333333333333 7.42e-05 0.00205 4.014 normal 0.9893072043620497 1.0013752033893506 196.2441748875536
0.304 0.022 0.4883333333333333 7.42e-05 0.0021 4.014 normal 0.9910206161822468 1.0018522547899797 159.2421731724614
0.304 0.022 0.4883333333333333 7.42e-05 0.00275 4.014 normal 1.0063434421671984 1.0065049326128346 70.07868378648826
0.304 0.022 0.4883333333333333 7.42e-05 0.0028 4.014 normal 1.0068817712623441 1.0069316567338138 89.46385141081264
0.304 0.022 0.4883333333333333 7.42e-05 0.0027 4.014 normal 1.0057361804423872 1.0062041145197609 52.17955713335526
0.304 0.022 0.4883333333333333 7.42e-05 0.00265 4.014 normal 1.0051059406067113 1.0059914901047247 36.2498103564707
0.304 0.022 0.4883333333333333 7.42e-05 0.0025 4.014 normal 1.000376132634071 1.0050884108211557 8.316893343492344
0.304 0.022 0.4883333333333333 7.42e-05 0.0026 4.014 normal 1.0024859995797744 1.0060701544058002 22.8315617860915
0.304 0.022 0.4883333333333333 7.42e-05 0.00255 4.014 normal 1.0010150022712399 1.0056678542089146 12.63541137638838
0.304 0.022 0.4883333333333333 7.42e-05 0.00245 4.014 normal 0.9990107678984786 1.0045060248782314 12.149331115965985
0.304 0.022 0.4883333333333333 7.42e-05 0.0029000000000000002 4.014 normal 1.0078628948561186 1.0077122553698465 129.6410303104702
0.304 0.022 0.505 7.42e-05 0.0021 4.014 normal 0.9978002735245481 1.0018630784801514 158.58625422871916
0.304 0.022 0.505 7.42e-05 0.00215 4.014 normal 0.9973763594344512 1.002570907762828 128.59038340668965
0.304 0.022 0.4883333333333333 7.42e-05 0.00285 4.014 normal 1.007349049404223 1.0073391543215426 109.01258006627275
0.304 0.022 0.4883333333333333 7.42e-05 0.00295 4.014 normal 1.008269076462952 1.008009542588125 150.88778840513697
0.304 0.022 0.4883333333333333 7.42e-05 0.003 4.014 normal 1.008650543785667 1.0082721069903413 173.52391872599145
0.304 0.022 0.505 7.42e-05 0.002 4.014 normal 0.9893576089399397 1.0008209458282282 237.73974382144132
0.304 0.022 0.505 7.42e-05 0.00205 4.014 normal 0.9901526434415979 1.0010884544543395 195.07438309895062
0.304 0.022 0.505 7.42e-05 0.0022 4.014 normal 0.9971688870898495 1.0031173280447079 104.40201146010405
0.304 0.022 0.505 7.42e-05 0.0023 4.014 normal 0.997123639192016 1.0034666522098652 59.63853399064613
0.304 0.022 0.505 7.42e-05 0.0022500000000000003 4.014 normal 0.9969865273273728 1.003397305804093 81.48382691804517
0.304 0.022 0.505 7.42e-05 0.00235 4.014 normal 0.9971676032812335 1.0035495593119257 39.547683703999205
0.304 0.022 0.505 7.42e-05 0.0024000000000000002 4.014 normal 0.9974052279124342 1.0036913362722117 22.326265969369675
0.304 0.022 0.505 7.42e-05 0.0025 4.014 normal 1.0012539555239264 1.0048129315075038 6.898781973020407
0.304 0.022 0.505 7.42e-05 0.00255 4.014 normal 1.0018902450341456 1.0054176191875372 11.305259853770941
0.304 0.022 0.505 7.42e-05 0.00245 4.014 normal 0.9998651727106422 1.0042169124684623 10.786819070967674
0.304 0.022 0.505 7.42e-05 0.0027 4.014 normal 1.0059528553382187 1.0060443725044823 50.71909221869356
0.304 0.022 0.505 7.42e-05 0.00285 4.014 normal 1.007303938636457 1.0071652066628372 107.45905847597518
0.304 0.022 0.505 7.42e-05 0.00295 4.014 normal 1.008227418760328 1.0078397954950793 149.48492658867693
0.304 0.022 0.505 7.42e-05 0.0028 4.014 normal 1.0068350874866017 1.0067557707883525 87.91785889564139
0.304 0.022 0.505 7.42e-05 0.00275 4.014 normal 1.0062927243839068 1.0063242483898982 68.5637603557295
0.304 0.022 0.505 7.42e-05 0.0029000000000000002 4.014 normal 1.0078187075516105 1.007540168944045 128.15834669702747
0.304 0.022 0.505 7.42e-05 0.0026 4.014 normal 1.0049725611176326 1.0056357835092151 21.499621131976564
0.304 0.022 0.505 7.42e-05 0.00265 4.014 normal 1.005347202426463 1.0058444299440485 34.81376936683986
0.304 0.022 0.5216666666666667 7.42e-05 0.002 4.014 normal 0.9995451862858639 1.0005685171426701 237.151407712655
0.304 0.022 0.5216666666666667 7.42e-05 0.00205 4.014 normal 0.9993416960161241 1.0008228799798449 194.2920870733281
0.304 0.022 0.5216666666666667 7.42e-05 0.0021 4.014 normal 0.9983102254635077 1.0012117405969099 156.6007821665864
0.304 0.022 0.5216666666666667 7.42e-05 0.0022500000000000003 4.014 normal 0.9974920183790226 1.0027520108303345 79.4759818358195
0.304 0.022 0.5216666666666667 7.42e-05 0.0022 4.014 normal 0.9976744385083567 1.0024707372394979 102.29466281139081
0.304 0.022 0.505 7.42e-05 0.003 4.014 normal 1.0086099215029034 1.008104051022482 172.17840986964603
0.304 0.022 0.5216666666666667 7.42e-05 0.00215 4.014 normal 0.9978856546045222 1.001920576795002 126.55741511097807
0.304 0.022 0.5216666666666667 7.42e-05 0.0023 4.014 normal 0.997625670058881 1.0028252542159855 57.63792519316508
0.304 0.022 0.5216666666666667 7.42e-05 0.0024000000000000002 4.014 normal 0.9976810981961824 1.0030847594001056 20.474429319462985
0.304 0.022 0.5216666666666667 7.42e-05 0.00235 4.014 normal 0.997666763694668 1.002912090786485 37.631606651363185
0.304 0.022 0.5216666666666667 7.42e-05 0.0027 4.014 normal 1.0055031199173594 1.0054759138692115 48.46970062468083
0.304 0.022 0.5216666666666667 7.42e-05 0.00265 4.014 normal 1.0050715128994814 1.0052936021883392 32.64962946720454
0.304 0.022 0.5216666666666667 7.42e-05 0.0026 4.014 normal 1.004741949846449 1.0050901502216392 19.379940591620546
0.304 0.022 0.5216666666666667 7.42e-05 0.00245 4.014 normal 1.0002695224131943 1.0035795752087575 8.930570039603111
0.304 0.022 0.5216666666666667 7.42e-05 0.00255 4.014 normal 1.002291262713334 1.004788402416744 9.34229157168521
0.304 0.022 0.5216666666666667 7.42e-05 0.0025 4.014 normal 1.0016574529637414 1.0041847443132512 5.001590013462341
0.304 0.022 0.5216666666666667 7.42e-05 0.0029000000000000002 4.014 normal 1.0073714016125983 1.006977319546304 125.52710224012033
0.304 0.022 0.5216666666666667 7.42e-05 0.00285 4.014 normal 1.0068560674855505 1.0066001675477294 104.82131640921118
0.304 0.022 0.5216666666666667 7.42e-05 0.0028 4.014 normal 1.0063882399946935 1.0061918348689205 85.44242920409916
0.304 0.022 0.5216666666666667 7.42e-05 0.003 4.014 normal 1.0081627234371076 1.0075420736511649 169.55750834871375
0.304 0.022 0.5216666666666667 7.42e-05 0.00275 4.014 normal 1.0058427488493975 1.005756572651179 66.20550997652755
0.304 0.022 0.5216666666666667 7.42e-05 0.00295 4.014 normal 1.0077809698791202 1.0072773985386292 146.87489911034976
0.304 0.022 0.5383333333333333 7.42e-05 0.002 4.014 normal 0.9897089865542896 0.9991098935718954 232.96606071912234
0.304 0.022 0.5383333333333333 7.42e-05 0.00205 4.014 normal 0.9904922428743922 0.999338389858592 190.56955358818874
0.304 0.022 0.5383333333333333 7.42e-05 0.0021 4.014 normal 0.9991955854029495 0.9991955854029495 154.37519801974054
0.304 0.022 0.5383333333333333 7.42e-05 0.0022500000000000003 4.014 normal 0.9981978603944694 1.0017607117806882 77.12456162667239
0.304 0.022 0.5383333333333333 7.42e-05 0.0024000000000000002 4.014 normal 0.9983815001188527 1.0020986749539542 18.377937762998904
0.304 0.022 0.5383333333333333 7.42e-05 0.00235 4.014 normal 0.9983811243520802 1.001908507993978 35.259608685200675
0.304 0.022 0.5383333333333333 7.42e-05 0.00215 4.014 normal 0.998595755143429 1.0009261222510348 124.17175982832514
0.304 0.022 0.5383333333333333 7.42e-05 0.0023 4.014 normal 0.9983267930607223 1.0018398429780857 55.30300401105998
0.304 0.022 0.5383333333333333 7.42e-05 0.0022 4.014 normal 0.9983840688123822 1.0014757463216655 99.8327248913177
0.304 0.022 0.5383333333333333 7.42e-05 0.00245 4.014 normal 1.000207705318955 1.0025721777581922 6.849554859679935
0.304 0.022 0.5383333333333333 7.42e-05 0.00285 4.014 normal 1.0060068337234087 1.0056459789917271 101.37458769878691
0.304 0.022 0.5383333333333333 7.42e-05 0.00265 4.014 normal 1.0043370165707748 1.004341251562258 29.994135091883503
0.304 0.022 0.5383333333333333 7.42e-05 0.00275 4.014 normal 1.0049942495192723 1.0048017758938952 63.27070987707688
0.304 0.022 0.5383333333333333 7.42e-05 0.0027 4.014 normal 1.0046550842769948 1.004521445744488 45.71403490161773
0.304 0.022 0.5383333333333333 7.42e-05 0.0028 4.014 normal 1.0055389350614734 1.0052377662124625 82.23933460011699
0.304 0.022 0.5383333333333333 7.42e-05 0.0026 4.014 normal 1.004031189345409 1.0041454688625073 16.834217372247
0.304 0.022 0.5383333333333333 7.42e-05 0.00255 4.014 normal 1.0022128658681153 1.0037764150025783 7.022671938079613
0.304 0.022 0.5383333333333333 7.42e-05 0.0025 4.014 normal 1.0015911173798127 1.003177630865633 2.817308467232898
0.304 0.022 0.5549999999999999 7.42e-05 0.0022 4.014 normal 0.9993713547832186 0.9993713547832186 97.60863944677556
0.304 0.022 0.5383333333333333 7.42e-05 0.0029000000000000002 4.014 normal 1.0065213189369902 1.006023128302853 121.98630085073354
0.304 0.022 0.5383333333333333 7.42e-05 0.00295 4.014 normal 1.0069299356389232 1.006323004516059 143.29273002978076
0.304 0.022 0.5549999999999999 7.42e-05 0.002 4.014 normal 0.9952586295412388 0.9976205309921652 230.66361915498874
0.304 0.022 0.5549999999999999 7.42e-05 0.0021 4.014 normal 0.991749334072352 0.9986443310810754 151.24467624338678
0.304 0.022 0.5383333333333333 7.42e-05 0.003 4.014 normal 1.0124409636603016 1.00619040603213 165.5170953594585
0.304 0.022 0.5549999999999999 7.42e-05 0.00205 4.014 normal 0.9902065643593858 0.9981242099364165 188.02417585555142
0.304 0.022 0.5549999999999999 7.42e-05 0.00215 4.014 normal 0.992395211617697 0.9993184137131039 121.2824431639628
0.304 0.022 0.5549999999999999 7.42e-05 0.0022500000000000003 4.014 normal 0.9996179209895357 1.0004775987630803 75.11135212191515
0.304 0.022 0.5549999999999999 7.42e-05 0.0024000000000000002 4.014 normal 0.9992847434668417 1.0007639681698088 16.665997917874222
0.304 0.022 0.5549999999999999 7.42e-05 0.0023 4.014 normal 0.9992316291025064 1.0005047900882973 53.28232917498904
0.304 0.022 0.5549999999999999 7.42e-05 0.0026 4.014 normal 1.0028431843646994 1.0028051155542526 14.396163829417066
0.304 0.022 0.5549999999999999 7.42e-05 0.00235 4.014 normal 0.9992812712038893 1.0005779848985163 33.43769280840688
0.304 0.022 0.5549999999999999 7.42e-05 0.00245 4.014 normal 0.9991240221975926 1.001176424506714 5.078716878367533
0.304 0.022 0.5549999999999999 7.42e-05 0.00255 4.014 normal 1.0021543443649081 1.0023314828053735 4.874492214756201
0.304 0.022 0.5549999999999999 7.42e-05 0.0025 4.014 normal 1.0010422747503225 1.001792913394821 0.8872873765093431
0.304 0.022 0.5549999999999999 7.42e-05 0.00265 4.014 normal 1.0030819033621698 1.0029876616623234 27.161553898262827
0.304 0.022 0.5549999999999999 7.42e-05 0.0027 4.014 normal 1.0034138820237821 1.003186131623814 42.98439239985789
0.304 0.022 0.5549999999999999 7.42e-05 0.00275 4.014 normal 1.003750981035572 1.0034655485675534 60.28899195988129
0.304 0.022 0.5549999999999999 7.42e-05 0.00295 4.014 normal 1.0056752783129093 1.0049782036335426 139.277929097752
0.304 0.022 0.5549999999999999 7.42e-05 0.0028 4.014 normal 1.0042898491023515 1.0038961377155813 78.8678423397869
0.304 0.022 0.5549999999999999 7.42e-05 0.00285 4.014 normal 1.0047565997358707 1.0043032322105645 97.63438919781007
0.304 0.022 0.5549999999999999 7.42e-05 0.0029000000000000002 4.014 normal 1.0052684777004601 1.0046799579747374 118.08841657779224
0.304 0.022 0.5549999999999999 7.42e-05 0.003 4.014 normal 1.0118924661890243 1.0048807579777908 161.24410395712226
0.304 0.022 0.5716666666666667 7.42e-05 0.0021 4.014 normal 0.9951652955970224 0.9966301530939837 149.98777729439038
0.304 0.022 0.5716666666666667 7.42e-05 0.0023 4.014 normal 0.9976677742439712 0.9985424931407717 52.100124314140565
0.304 0.022 0.5716666666666667 7.42e-05 0.002 4.014 normal 0.9939349001225087 0.9957727162759478 228.45849563494914
0.304 0.022 0.5716666666666667 7.42e-05 0.00235 4.014 normal 0.998028970751835 0.9986655585014218 32.604735943742114
0.304 0.022 0.5716666666666667 7.42e-05 0.00215 4.014 normal 0.995894038426081 0.997412709840039 120.05783100520041
0.304 0.022 0.5716666666666667 7.42e-05 0.00205 4.014 normal 0.9943562026458205 0.9960740910358515 186.6386566710196
0.304 0.022 0.5716666666666667 7.42e-05 0.0022 4.014 normal 0.9968057671540744 0.9980756827877161 95.70940909215525
0.304 0.022 0.5716666666666667 7.42e-05 0.0022500000000000003 4.014 normal 0.9934512178601934 0.9985449934281571 73.3416087559043
0.304 0.022 0.5716666666666667 7.42e-05 0.0025 4.014 normal 1.0000384054684273 1.000040908503503 0.0004195842480917201
0.304 0.022 0.5716666666666667 7.42e-05 0.00265 4.014 normal 1.0014423733324862 1.0012645746709983 25.457458851271532
0.304 0.022 0.5716666666666667 7.42e-05 0.0026 4.014 normal 1.0012046475397263 1.001082419096544 12.874901632251786
0.304 0.022 0.5716666666666667 7.42e-05 0.00255 4.014 normal 1.000620100645756 1.0006182361262306 3.715066377156524
0.304 0.022 0.5716666666666667 7.42e-05 0.0027 4.014 normal 1.0017733432972205 1.0014632106396968 41.063677571204266
0.304 0.022 0.5716666666666667 7.42e-05 0.00275 4.014 normal 1.0021084894325856 1.001741543726782 58.024410490449036
0.304 0.022 0.5716666666666667 7.42e-05 0.0024000000000000002 4.014 normal 0.9985551954218768 0.9989193636764507 16.05621749409036
0.304 0.022 0.5716666666666667 7.42e-05 0.00245 4.014 normal 0.9992437585247107 0.9994180489990766 4.399475486793854
0.304 0.022 0.5716666666666667 7.42e-05 0.0028 4.014 normal 1.0026424414103239 1.0021695736412557 76.12932582567873
0.304 0.022 0.5716666666666667 7.42e-05 0.0029000000000000002 4.014 normal 1.0036150031776472 1.0029488706307248 114.61140063349507
0.304 0.022 0.5716666666666667 7.42e-05 0.00285 4.014 normal 1.00310460246373 1.0025720624941994 94.37106412841977
0.304 0.022 0.5883333333333334 7.42e-05 0.0021 4.014 normal 0.9932819070874995 0.9945123839873539 150.10134218495347
0.304 0.022 0.5883333333333334 7.42e-05 0.002 4.014 normal 0.9920595282879826 0.993639932507839 227.97461866808413
0.304 0.022 0.5883333333333334 7.42e-05 0.00205 4.014 normal 0.9924833016801523 0.9939495567435299 186.6107791482506
0.304 0.022 0.5716666666666667 7.42e-05 0.003 4.014 normal 1.0102834433974925 1.0028968154375442 157.34670176501714
0.304 0.022 0.5716666666666667 7.42e-05 0.00295 4.014 normal 1.0090644635262271 1.0027049919436446 135.1753162762622
0.304 0.022 0.5883333333333334 7.42e-05 0.00215 4.014 normal 0.9940207548688554 0.9952508963347564 120.39438756148499
0.304 0.022 0.5883333333333334 7.42e-05 0.0022 4.014 normal 0.994927506843365 0.9959021760386817 95.97698627615958
0.304 0.022 0.5883333333333334 7.42e-05 0.00245 4.014 normal 0.9972853476882325 0.9973110754026736 5.863957446494072
0.304 0.022 0.5883333333333334 7.42e-05 0.00235 4.014 normal 0.9960954643823768 0.996537948627669 33.887123935396076
0.304 0.022 0.5883333333333334 7.42e-05 0.0024000000000000002 4.014 normal 0.9966043330668709 0.996809605367234 17.57064904364505
0.304 0.022 0.5883333333333334 7.42e-05 0.0023 4.014 normal 0.9957595153809622 0.99639624734523 52.940652561524956
0.304 0.022 0.5883333333333334 7.42e-05 0.0025 4.014 normal 0.9980801087274533 0.9979453868257208 1.18994953404433
0.304 0.022 0.5883333333333334 7.42e-05 0.0022500000000000003 4.014 normal 0.995193578709261 0.9962003566449237 74.15573825706872
0.304 0.022 0.5883333333333334 7.42e-05 0.0028 4.014 normal 1.0007760441426514 0.999379164685879 75.07418739755619
0.304 0.022 0.5883333333333334 7.42e-05 0.00285 4.014 normal 1.0005365082008812 1.0005365082008812 92.78277366245054
0.304 0.022 0.5883333333333334 7.42e-05 0.00275 4.014 normal 1.0012608499626758 0.9992960765964485 57.43027072129079
0.304 0.022 0.5883333333333334 7.42e-05 0.00255 4.014 normal 0.9986508561726687 0.9985029090028296 4.555522127740993
0.304 0.022 0.5883333333333334 7.42e-05 0.0027 4.014 normal 1.001345565744593 0.9990976218775909 40.817302667031726
0.304 0.022 0.5883333333333334 7.42e-05 0.0026 4.014 normal 1.001078712583304 0.9989291027553149 13.26957642164568
0.304 0.022 0.5883333333333334 7.42e-05 0.0029000000000000002 4.014 normal 1.0067560595795852 1.0004643762422218 112.18097678668963
0.304 0.022 0.5883333333333334 7.42e-05 0.00265 4.014 normal 1.001191991050719 0.9990366628712063 25.591352473304575
0.304 0.022 0.605 7.42e-05 0.002 4.014 normal 0.9897692012522454 0.991174806170357 230.5146562465472
0.304 0.022 0.605 7.42e-05 0.00205 4.014 normal 0.9901925554774411 0.9914918043314463 189.71292217552607
0.304 0.022 0.605 7.42e-05 0.00215 4.014 normal 0.9917120676599098 0.9927792658297117 123.88025563662376
0.304 0.022 0.605 7.42e-05 0.0022 4.014 normal 0.9925970645445427 0.993417946075943 99.54011545908826
0.304 0.022 0.605 7.42e-05 0.0021 4.014 normal 0.990979687092465 0.9920548296869769 153.511330506951
0.304 0.022 0.605 7.42e-05 0.0022500000000000003 4.014 normal 0.9928690130402908 0.9937204839045362 77.87909484933256
0.304 0.022 0.5883333333333334 7.42e-05 0.00295 4.014 normal 1.0079305079860752 1.0007043959657824 132.86327719655705
0.304 0.022 0.5883333333333334 7.42e-05 0.003 4.014 normal 1.0091164748933612 1.0008822114209375 154.47776589907178
0.304 0.022 0.605 7.42e-05 0.0023 4.014 normal 0.9934284800849223 0.9939316719045782 57.07063692740824
0.304 0.022 0.605 7.42e-05 0.0024000000000000002 4.014 normal 0.9942665343827575 0.9943513834792387 22.478405269054758
0.304 0.022 0.605 7.42e-05 0.0026 4.014 normal 0.9969835435107642 0.9964984583386239 16.911985838354802
0.304 0.022 0.605 7.42e-05 0.00265 4.014 normal 0.9972809553440011 0.9966897154488584 29.107584767024928
0.304 0.022 0.605 7.42e-05 0.00255 4.014 normal 0.9962954502543628 0.9960398651529405 8.693646290436254
0.304 0.022 0.605 7.42e-05 0.00235 4.014 normal 0.9937757865550514 0.9940990138739153 38.634480776182365
0.304 0.022 0.605 7.42e-05 0.00245 4.014 normal 0.994948095868882 0.9948583774204649 10.678029786989152
0.304 0.022 0.605 7.42e-05 0.0025 4.014 normal 0.995722857922126 0.9954734492204791 5.72920720979447
0.304 0.022 0.6216666666666666 7.42e-05 0.002 4.014 normal 0.9870931898407714 0.9883648981067822 237.58130826438364
0.304 0.022 0.605 7.42e-05 0.00275 4.014 normal 1.0028096381533969 0.9970619315105982 59.911433655812615
0.304 0.022 0.605 7.42e-05 0.0027 4.014 normal 0.9977685876270642 0.9969007195291271 43.870819600109634
0.304 0.022 0.605 7.42e-05 0.003 4.014 normal 1.00385728032439 0.9983585629893144 154.7007460196949
0.304 0.022 0.605 7.42e-05 0.0028 4.014 normal 1.003040229144524 0.9973189567990495 76.6726192462292
0.304 0.022 0.605 7.42e-05 0.00285 4.014 normal 1.003044793535556 0.9976295603925311 93.53855830104446
0.304 0.022 0.605 7.42e-05 0.00295 4.014 normal 1.0034730559776246 0.9981360835922646 133.31031334772248
0.304 0.022 0.605 7.42e-05 0.0029000000000000002 4.014 normal 1.0032527131498672 0.997891079502313 112.8477228667635
0.304 0.022 0.6216666666666666 7.42e-05 0.0021 4.014 normal 0.9882951394727196 0.9892508656114787 161.5649792000462
0.304 0.022 0.6216666666666666 7.42e-05 0.0022 4.014 normal 0.9898884455227441 0.9905971186758904 107.6733555224224
0.304 0.022 0.6216666666666666 7.42e-05 0.00215 4.014 normal 0.9890153297720283 0.9899603784619637 132.07783375623674
0.304 0.022 0.6216666666666666 7.42e-05 0.00235 4.014 normal 0.9910563741363453 0.9912809762841829 48.017627791823166
0.304 0.022 0.6216666666666666 7.42e-05 0.00205 4.014 normal 0.9875241481957623 0.9886963697948319 197.3195652781145
0.304 0.022 0.6216666666666666 7.42e-05 0.0023 4.014 normal 0.9907135033383367 0.9911151597045288 65.93788830163015
0.304 0.022 0.6216666666666666 7.42e-05 0.0022500000000000003 4.014 normal 0.9901572887774607 0.9908950932743122 86.33702143705538
0.304 0.022 0.6216666666666666 7.42e-05 0.0024000000000000002 4.014 normal 0.9915429127759938 0.9915354181621563 32.18883971768824
0.304 0.022 0.6216666666666666 7.42e-05 0.0025 4.014 normal 0.9929691486036699 0.9926307212769871 15.075298259584802
0.304 0.022 0.6216666666666666 7.42e-05 0.00275 4.014 normal 0.9953258642244128 0.9943031181748476 67.0464077946082
0.304 0.022 0.6216666666666666 7.42e-05 0.00255 4.014 normal 0.993539573006004 0.9932007860258546 17.528537640439996
0.304 0.022 0.6216666666666666 7.42e-05 0.00245 4.014 normal 0.9922160006123316 0.992037111550682 20.29756952254262
0.304 0.022 0.6216666666666666 7.42e-05 0.0026 4.014 normal 0.9941981073105286 0.9936319088779592 25.237064549016786
0.304 0.022 0.6216666666666666 7.42e-05 0.0028 4.014 normal 0.995966528671256 0.9947243497106776 83.13184071820656
0.304 0.022 0.6216666666666666 7.42e-05 0.0027 4.014 normal 0.9949386824429042 0.9940234811788652 51.461494688216014
0.304 0.022 0.6216666666666666 7.42e-05 0.00265 4.014 normal 0.9944891749839252 0.9938259178186521 37.057990932139425
0.304 0.022 0.6383333333333333 7.42e-05 0.0021 4.014 normal 0.9852330102480492 0.9860978174020273 175.96020159670894
0.304 0.022 0.6383333333333333 7.42e-05 0.00205 4.014 normal 0.9844800516910367 0.9855546111569412 211.07367934560187
0.304 0.022 0.6216666666666666 7.42e-05 0.0029000000000000002 4.014 normal 1.0046187586989628 0.9952828571886198 117.84516626242049
0.304 0.022 0.6216666666666666 7.42e-05 0.003 4.014 normal 1.0052121322886123 0.9955178196323605 158.79761424008998
0.304 0.022 0.6383333333333333 7.42e-05 0.002 4.014 normal 0.9840501214326964 0.9852195424524934 250.67407502709406
0.304 0.022 0.6383333333333333 7.42e-05 0.00215 4.014 normal 0.9859364715609218 0.9867902987748578 146.56886993674786
0.304 0.022 0.6216666666666666 7.42e-05 0.00285 4.014 normal 0.9965104826095069 0.9951340813257479 99.21220014639523
0.304 0.022 0.6216666666666666 7.42e-05 0.00295 4.014 normal 1.004919382882168 0.9954186346116666 137.70405181036526
0.304 0.022 0.6383333333333333 7.42e-05 0.0022500000000000003 4.014 normal 0.9870628139843992 0.987713835485877 101.26584665664882
0.304 0.022 0.6383333333333333 7.42e-05 0.0022 4.014 normal 0.9867929999540843 0.9874166525232826 122.14927067168311
0.304 0.022 0.6383333333333333 7.42e-05 0.00245 4.014 normal 0.989092926140862 0.9888513819062406 36.33950929963128
0.304 0.022 0.6383333333333333 7.42e-05 0.0024000000000000002 4.014 normal 0.9884282011275108 0.9883545728323974 48.36845664390968
0.304 0.022 0.6383333333333333 7.42e-05 0.00255 4.014 normal 0.9903824476946831 0.9899859489479932 32.77132323453255
0.304 0.022 0.6383333333333333 7.42e-05 0.0023 4.014 normal 0.9876100491250489 0.9879352707842423 81.22464705733178
0.304 0.022 0.6383333333333333 7.42e-05 0.0025 4.014 normal 0.9898170982492434 0.9894175078914317 30.88723264545314
0.304 0.022 0.6383333333333333 7.42e-05 0.00235 4.014 normal 0.9879469293350496 0.9880973926489144 63.90421253249953
0.304 0.022 0.6383333333333333 7.42e-05 0.00265 4.014 normal 0.9913059572692507 0.9905941632372587 51.2772399274889
0.304 0.022 0.6383333333333333 7.42e-05 0.0026 4.014 normal 0.9910027084123716 0.9903744685730854 39.84436837180665
0.304 0.022 0.6383333333333333 7.42e-05 0.0028 4.014 normal 0.9927169195034182 0.9914639742197883 95.47619885012749
0.304 0.022 0.6383333333333333 7.42e-05 0.0029000000000000002 4.014 normal 0.9938655091578465 0.9922393586708529 129.01441688393484
0.304 0.022 0.6383333333333333 7.42e-05 0.00285 4.014 normal 0.9932326566148322 0.991863978410867 110.63173421810882
0.304 0.022 0.6383333333333333 7.42e-05 0.0027 4.014 normal 0.991733083593757 0.9907790508081865 65.2416218792259
0.304 0.022 0.6383333333333333 7.42e-05 0.00275 4.014 normal 0.9921110937712678 0.9910592541186909 80.24483868477277
0.304 0.022 0.6383333333333333 7.42e-05 0.00295 4.014 normal 1.0000517183213273 0.9920219270411362 148.12915522975172
0.304 0.022 0.655 7.42e-05 0.0022500000000000003 4.014 normal 0.9835839925920172 0.984177067698079 124.31314949853532
0.304 0.022 0.655 7.42e-05 0.002 4.014 normal 0.9806391067142559 0.9817347343751197 271.5892982260165
0.304 0.022 0.655 7.42e-05 0.0021 4.014 normal 0.9818014187922339 0.9826033413498405 198.29667475167946
0.304 0.022 0.655 7.42e-05 0.00215 4.014 normal 0.9824886318322811 0.983280889779129 168.9235625659339
0.304 0.022 0.655 7.42e-05 0.00205 4.014 normal 0.9810490329309531 0.9820489596799619 233.08612287051048
0.304 0.022 0.655 7.42e-05 0.0022 4.014 normal 0.9833194911104194 0.9838837303245979 144.792181854922
0.304 0.022 0.655 7.42e-05 0.0023 4.014 normal 0.984125036014594 0.9844006041945443 104.72712100410563
0.304 0.022 0.6383333333333333 7.42e-05 0.003 4.014 normal 1.0011756689987914 0.9921891126287041 168.81823166166308
0.304 0.022 0.655 7.42e-05 0.00245 4.014 normal 0.985576351973318 0.985301264500158 60.62812207906388
0.304 0.022 0.655 7.42e-05 0.00265 4.014 normal 0.9877302920069475 0.9869977252306804 73.576573598533
0.304 0.022 0.655 7.42e-05 0.00235 4.014 normal 0.9844511698306937 0.9845557564341886 88.00707901901208
0.304 0.022 0.655 7.42e-05 0.0024000000000000002 4.014 normal 0.9849353949527225 0.9848255073902391 72.56333345550394
0.304 0.022 0.655 7.42e-05 0.0027 4.014 normal 0.9881438254877369 0.9871787534165662 87.03780790130891
0.304 0.022 0.655 7.42e-05 0.0025 4.014 normal 0.9862667684028712 0.9858314576652872 54.99852733805658
0.304 0.022 0.655 7.42e-05 0.00255 4.014 normal 0.9868371451658846 0.9864125389640236 56.15910802899251
0.304 0.022 0.655 7.42e-05 0.0026 4.014 normal 0.9874355298849661 0.9867830176297074 62.63788179541824
0.304 0.022 0.6716666666666666 7.42e-05 0.002 4.014 normal 0.9768618223987146 0.9779114662308236 302.28421799169075
0.304 0.022 0.6716666666666666 7.42e-05 0.00205 4.014 normal 0.9772675697510408 0.9782262018375483 264.5095501640807
0.304 0.022 0.655 7.42e-05 0.0028 4.014 normal 0.9890875719150981 0.9878368578319358 115.74534642932764
0.304 0.022 0.655 7.42e-05 0.00275 4.014 normal 0.9885074394736204 0.9874478705916945 101.43055498784847
0.304 0.022 0.655 7.42e-05 0.00285 4.014 normal 0.9895856793270306 0.9882264883274159 129.86411257022885
0.304 0.022 0.655 7.42e-05 0.00295 4.014 normal 0.9906805720681321 0.9888769309028003 166.75970422545365
0.304 0.022 0.655 7.42e-05 0.0029000000000000002 4.014 normal 0.9901903493743018 0.9885951646932272 147.50671680495594
0.304 0.022 0.655 7.42e-05 0.003 4.014 normal 0.9974980421738457 0.9885596693057082 186.42781368756602
0.304 0.022 0.6716666666666666 7.42e-05 0.0021 4.014 normal 0.9779753920421671 0.9787328834906588 230.9580949878516
0.304 0.022 0.6716666666666666 7.42e-05 0.00215 4.014 normal 0.9786543846643777 0.9794062098137978 201.79256837622876
0.304 0.022 0.6716666666666666 7.42e-05 0.0022 4.014 normal 0.9794691339428001 0.980000498323383 177.44017341516235
0.304 0.022 0.6716666666666666 7.42e-05 0.00245 4.014 normal 0.9816779628913885 0.9813982043710902 94.98595385878295
0.304 0.022 0.6716666666666666 7.42e-05 0.0022500000000000003 4.014 normal 0.9797326647219666 0.9802923643819058 157.50517288164042
0.304 0.022 0.6716666666666666 7.42e-05 0.00235 4.014 normal 0.9805743977043477 0.9806606036548149 122.21097112671282
0.304 0.022 0.6716666666666666 7.42e-05 0.0024000000000000002 4.014 normal 0.9810442406335413 0.9809207645059845 107.1810332593417
0.304 0.022 0.6716666666666666 7.42e-05 0.0023 4.014 normal 0.9802584135113116 0.9805103042646478 138.29947569613037
0.304 0.022 0.6716666666666666 7.42e-05 0.00285 4.014 normal 0.9855616230815553 0.9842364504539112 158.80994815269992
0.304 0.022 0.6716666666666666 7.42e-05 0.00255 4.014 normal 0.9828910095426544 0.9824636878160149 89.69887684284268
0.304 0.022 0.6716666666666666 7.42e-05 0.0028 4.014 normal 0.9850750708422745 0.9838532373625863 145.8224574549832
0.304 0.022 0.6716666666666666 7.42e-05 0.00275 4.014 normal 0.9845124057028667 0.9834729541690402 132.55552132370264
0.304 0.022 0.6716666666666666 7.42e-05 0.0026 4.014 normal 0.9834776890537908 0.9828301978838314 95.49363463392528
0.304 0.022 0.6716666666666666 7.42e-05 0.00265 4.014 normal 0.983763700424401 0.9830401440723185 105.85602548084115
0.304 0.022 0.6716666666666666 7.42e-05 0.0025 4.014 normal 0.9823428928967839 0.9819077009891832 89.1052781486431
0.304 0.022 0.6716666666666666 7.42e-05 0.0027 4.014 normal 0.9841643715138445 0.9832169455088009 118.774788048026
0.304 0.022 0.6883333333333332 7.42e-05 0.00215 4.014 normal 0.9744570908092576 0.9751977054432716 246.35173517048722
0.304 0.022 0.6883333333333332 7.42e-05 0.002 4.014 normal 0.9727219006298211 0.9737526716084501 344.9374526130429
0.304 0.022 0.6716666666666666 7.42e-05 0.0029000000000000002 4.014 normal 0.9861366725764839 0.9845877785605593 175.79719146565938
0.304 0.022 0.6716666666666666 7.42e-05 0.003 4.014 normal 0.9870433475169827 0.9850935555994019 214.27731843869293
0.304 0.022 0.6883333333333332 7.42e-05 0.0022 4.014 normal 0.9752561926626677 0.9757867645104932 222.4374610078028
0.304 0.022 0.6883333333333332 7.42e-05 0.0021 4.014 normal 0.9737861821624358 0.9745274441849048 275.4972576742506
0.304 0.022 0.6883333333333332 7.42e-05 0.00205 4.014 normal 0.9730937575733497 0.9740276295663716 308.5666920284931
0.304 0.022 0.6716666666666666 7.42e-05 0.00295 4.014 normal 0.9866034547989019 0.9848568087057891 194.40764832939024
0.304 0.022 0.6883333333333332 7.42e-05 0.0022500000000000003 4.014 normal 0.9755074546428851 0.976062552534681 202.57700308525597
0.304 0.022 0.6883333333333332 7.42e-05 0.00255 4.014 normal 0.9785673009430828 0.9781699743217472 135.33682076439143
0.304 0.022 0.6883333333333332 7.42e-05 0.0026 4.014 normal 0.9791366178953845 0.9785263077653019 140.40415984106684
0.304 0.022 0.6883333333333332 7.42e-05 0.0024000000000000002 4.014 normal 0.9767800943828215 0.9766741324829554 153.8507091619039
0.304 0.022 0.6883333333333332 7.42e-05 0.0025 4.014 normal 0.9780379212858707 0.9776316324240183 135.3679142571818
0.304 0.022 0.6883333333333332 7.42e-05 0.0023 4.014 normal 0.9760171981094542 0.9762756012906875 183.8398832516496
0.304 0.022 0.6883333333333332 7.42e-05 0.00235 4.014 normal 0.9763219841953532 0.9764184402125099 168.54340552745825
0.304 0.022 0.6883333333333332 7.42e-05 0.00245 4.014 normal 0.9773704926036964 0.9771021630111361 141.88489628949299
0.304 0.022 0.6883333333333332 7.42e-05 0.0027 4.014 normal 0.9797987302974168 0.9788986276893129 162.55212983211604
0.304 0.022 0.6883333333333332 7.42e-05 0.003 4.014 normal 0.9825649626885457 0.9807081231976355 253.03225860350435
0.304 0.022 0.6883333333333332 7.42e-05 0.0028 4.014 normal 0.9806771877481278 0.9795145930126151 187.79121838774608
0.304 0.022 0.6883333333333332 7.42e-05 0.00265 4.014 normal 0.97940616899686 0.9787201968084434 150.21966470524004
0.304 0.022 0.6883333333333332 7.42e-05 0.00285 4.014 normal 0.9811500567675241 0.9798886306919525 199.57676445917755
0.304 0.022 0.6883333333333332 7.42e-05 0.00295 4.014 normal 0.9821464367543328 0.9804810809991077 233.81005173623566
0.304 0.022 0.6883333333333332 7.42e-05 0.00275 4.014 normal 0.9801270317413513 0.9791345177645506 175.51229046678475
0.304 0.022 0.6883333333333332 7.42e-05 0.0029000000000000002 4.014 normal 0.9816968486740879 0.9802217964235392 215.79738450838002
0.304 0.022 0.705 7.42e-05 0.002 4.014 normal 0.9682137334349321 0.9692503317776735 401.4107999087516
0.304 0.022 0.705 7.42e-05 0.00215 4.014 normal 0.9698951297285915 0.9706528441078134 304.9435662336873
0.304 0.022 0.705 7.42e-05 0.00205 4.014 normal 0.9685737206801258 0.9695155347013847 366.177751266747
0.304 0.022 0.705 7.42e-05 0.0022500000000000003 4.014 normal 0.970905164392362 0.9714837123630075 262.0312522862032
0.304 0.022 0.705 7.42e-05 0.00235 4.014 normal 0.9716977684663175 0.9718338080668397 229.08201316038034
0.304 0.022 0.705 7.42e-05 0.0023 4.014 normal 0.9713941292982599 0.9716835122441089 243.85948912018264
0.304 0.022 0.705 7.42e-05 0.0021 4.014 normal 0.9692630827728163 0.9700294253011675 333.2705391753269
0.304 0.022 0.705 7.42e-05 0.0022 4.014 normal 0.9706654396754826 0.9712208174631173 281.0805069282629
0.304 0.022 0.705 7.42e-05 0.0024000000000000002 4.014 normal 0.9721387786664041 0.9720786371456307 214.7728730504007
0.304 0.022 0.705 7.42e-05 0.0026 4.014 normal 0.9744191962480867 0.97387750868446 199.49093702789457
0.304 0.022 0.705 7.42e-05 0.00245 4.014 normal 0.9727080736143842 0.9724916012420612 202.86159018746113
0.304 0.022 0.705 7.42e-05 0.00275 4.014 normal 0.9753664553558561 0.9744575365673595 232.6250525017961
0.304 0.022 0.705 7.42e-05 0.0025 4.014 normal 0.9733533945237137 0.9730061208604796 195.9580602775299
0.304 0.022 0.705 7.42e-05 0.0027 4.014 normal 0.975046232313417 0.9742229975399099 220.4146318519604
0.304 0.022 0.705 7.42e-05 0.00255 4.014 normal 0.9738659579825868 0.973529592583389 195.18802009913665
0.304 0.022 0.705 7.42e-05 0.00265 4.014 normal 0.9746678028704232 0.9740501756570803 208.77877874322465
0.304 0.022 0.705 7.42e-05 0.00285 4.014 normal 0.9763507108899997 0.9751824527171112 254.39219098303616
0.304 0.022 0.705 7.42e-05 0.0029000000000000002 4.014 normal 0.9768748111156474 0.9755030116967442 269.72410798266424
0.304 0.022 0.705 7.42e-05 0.00295 4.014 normal 0.9773072438894456 0.9757542656357514 287.0228151668471
0.304 0.022 0.705 7.42e-05 0.0028 4.014 normal 0.975897266870352 0.9748257497927519 243.7750067202699
0.304 0.022 0.705 7.42e-05 0.003 4.014 normal 0.9776957335997821 0.9759546375466784 305.7398069095149
