Sin2Theta12 Sin2Theta13 Sin2Theta23 Dm221 Dm231 dCP Ordering FluxNormalization X2 
0.304 0.022 0.305 7.42e-05 0.00205 4.014 normal 0.9786343272862122 332.27489668334226
0.304 0.022 0.305 7.42e-05 0.0022500000000000003 4.014 normal 0.9803841503722625 233.31668715157042
0.304 0.022 0.305 7.42e-05 0.0022 4.014 normal 0.9801749275073803 251.64319401115048
0.304 0.022 0.305 7.42e-05 0.0021 4.014 normal 0.9790629507655941 300.78629305357543
0.304 0.022 0.305 7.42e-05 0.002 4.014 normal 0.9784490745251391 366.2862193727641
0.304 0.022 0.305 7.42e-05 0.00215 4.014 normal 0.9796463506940563 274.35051036521116
0.304 0.022 0.305 7.42e-05 0.0023 4.014 normal 0.9804833195357754 215.9143686743285
0.304 0.022 0.305 7.42e-05 0.00235 4.014 normal 0.9805556534383768 201.05904637322985
0.304 0.022 0.305 7.42e-05 0.0027 4.014 normal 0.9826493625036694 199.97053567535093
0.304 0.022 0.305 7.42e-05 0.0025 4.014 normal 0.9816553564581518 168.4180134334041
0.304 0.022 0.305 7.42e-05 0.00275 4.014 normal 0.9828535621727158 214.0854092543445
0.304 0.022 0.305 7.42e-05 0.0024000000000000002 4.014 normal 0.9807731387287186 186.58687778591639
0.304 0.022 0.305 7.42e-05 0.00245 4.014 normal 0.9811602278250724 175.06157956678373
0.304 0.022 0.305 7.42e-05 0.00265 4.014 normal 0.9825443414335164 186.6468841211585
0.304 0.022 0.305 7.42e-05 0.0026 4.014 normal 0.9824297053368578 175.30545211000828
0.304 0.022 0.305 7.42e-05 0.00255 4.014 normal 0.9821014218855051 169.48944899786144
0.304 0.022 0.32166666666666666 7.42e-05 0.00205 4.014 normal 0.982443126461075 288.18267580554505
0.304 0.022 0.305 7.42e-05 0.0029000000000000002 4.014 normal 0.983768316618255 256.4199291688742
0.304 0.022 0.32166666666666666 7.42e-05 0.0021 4.014 normal 0.9829039743139351 255.5983010797802
0.304 0.022 0.32166666666666666 7.42e-05 0.002 4.014 normal 0.9822442896689619 323.5928532805122
0.304 0.022 0.305 7.42e-05 0.0028 4.014 normal 0.9831759756166901 227.66669403614998
0.304 0.022 0.305 7.42e-05 0.003 4.014 normal 0.9841650206151897 292.18382729087773
0.304 0.022 0.305 7.42e-05 0.00295 4.014 normal 0.9839943685099846 273.6944493870117
0.304 0.022 0.305 7.42e-05 0.00285 4.014 normal 0.9834728705946632 240.56084998128043
0.304 0.022 0.32166666666666666 7.42e-05 0.00215 4.014 normal 0.9834994335768914 228.62355530535905
0.304 0.022 0.32166666666666666 7.42e-05 0.0023 4.014 normal 0.9844036756739505 168.14819270938344
0.304 0.022 0.32166666666666666 7.42e-05 0.0022 4.014 normal 0.9840624666853669 205.51181396611057
0.304 0.022 0.32166666666666666 7.42e-05 0.0022500000000000003 4.014 normal 0.984279055442167 186.4081783377672
0.304 0.022 0.32166666666666666 7.42e-05 0.0024000000000000002 4.014 normal 0.98471720252401 137.33087668498072
0.304 0.022 0.32166666666666666 7.42e-05 0.00245 4.014 normal 0.9851081151098201 125.71090332051523
0.304 0.022 0.32166666666666666 7.42e-05 0.00235 4.014 normal 0.9844860959175118 152.3576673837721
0.304 0.022 0.32166666666666666 7.42e-05 0.0025 4.014 normal 0.9856315982690206 119.30079890933267
0.304 0.022 0.32166666666666666 7.42e-05 0.0029000000000000002 4.014 normal 0.9878623558171656 211.82121036904576
0.304 0.022 0.32166666666666666 7.42e-05 0.00255 4.014 normal 0.9861030933484086 120.7583365558308
0.304 0.022 0.32166666666666666 7.42e-05 0.0028 4.014 normal 0.9872307353982284 181.42565547324733
0.304 0.022 0.32166666666666666 7.42e-05 0.00285 4.014 normal 0.9875451379611246 195.4016825012996
0.304 0.022 0.32166666666666666 7.42e-05 0.0027 4.014 normal 0.9866873057178156 152.42704482650078
0.304 0.022 0.32166666666666666 7.42e-05 0.0026 4.014 normal 0.9864482352250896 127.16647182237236
0.304 0.022 0.32166666666666666 7.42e-05 0.00265 4.014 normal 0.986571013687806 138.77419530773125
0.304 0.022 0.32166666666666666 7.42e-05 0.00275 4.014 normal 0.9869054121746964 167.22838824751622
0.304 0.022 0.3383333333333333 7.42e-05 0.0022 4.014 normal 0.9875862114933207 171.18568722543768
0.304 0.022 0.3383333333333333 7.42e-05 0.002 4.014 normal 0.985686737196824 292.2537400086785
0.304 0.022 0.3383333333333333 7.42e-05 0.0022500000000000003 4.014 normal 0.9878093394876891 151.35340162642115
0.304 0.022 0.3383333333333333 7.42e-05 0.0021 4.014 normal 0.9863630515976664 222.22230198684525
0.304 0.022 0.3383333333333333 7.42e-05 0.00205 4.014 normal 0.9859027666300347 255.51857590333663
0.304 0.022 0.3383333333333333 7.42e-05 0.00215 4.014 normal 0.9870017099934556 194.49826616313447
0.304 0.022 0.32166666666666666 7.42e-05 0.00295 4.014 normal 0.9881053485251177 229.76692227297718
0.304 0.022 0.32166666666666666 7.42e-05 0.003 4.014 normal 0.9882843889420653 248.74176716939704
0.304 0.022 0.3383333333333333 7.42e-05 0.00265 4.014 normal 0.9902269078130519 103.07422397708275
0.304 0.022 0.3383333333333333 7.42e-05 0.00235 4.014 normal 0.9880471018975365 115.74640112067755
0.304 0.022 0.3383333333333333 7.42e-05 0.00255 4.014 normal 0.9897350975152057 84.19082233020478
0.304 0.022 0.3383333333333333 7.42e-05 0.0025 4.014 normal 0.9892384982340333 82.34032453681009
0.304 0.022 0.3383333333333333 7.42e-05 0.00245 4.014 normal 0.988697514820067 88.47669448075717
0.304 0.022 0.3383333333333333 7.42e-05 0.0023 4.014 normal 0.9879552245726558 132.37187269534925
0.304 0.022 0.3383333333333333 7.42e-05 0.0026 4.014 normal 0.9900908821735821 91.14991346695466
0.304 0.022 0.3383333333333333 7.42e-05 0.0024000000000000002 4.014 normal 0.9882808254864304 100.17933896018923
0.304 0.022 0.3383333333333333 7.42e-05 0.0027 4.014 normal 0.9903575440119495 117.0454661874837
0.304 0.022 0.3383333333333333 7.42e-05 0.003 4.014 normal 0.992029264529546 217.25120146953805
0.304 0.022 0.3383333333333333 7.42e-05 0.0028 4.014 normal 0.9909251602219343 147.43039626914646
0.304 0.022 0.3383333333333333 7.42e-05 0.0029000000000000002 4.014 normal 0.9915910401712706 179.43576904451484
0.304 0.022 0.355 7.42e-05 0.002 4.014 normal 0.9887676662650595 270.38227122007174
0.304 0.022 0.3383333333333333 7.42e-05 0.00275 4.014 normal 0.9905826411574622 132.42206407774896
0.304 0.022 0.3383333333333333 7.42e-05 0.00295 4.014 normal 0.991840522458445 197.77243352397548
0.304 0.022 0.3383333333333333 7.42e-05 0.00285 4.014 normal 0.9912608576762961 162.30226505955943
0.304 0.022 0.355 7.42e-05 0.0021 4.014 normal 0.9894876548867627 198.20636198099814
0.304 0.022 0.355 7.42e-05 0.0022 4.014 normal 0.990736979222406 146.68074573433378
0.304 0.022 0.355 7.42e-05 0.00205 4.014 normal 0.9890014024600857 232.45265978862912
0.304 0.022 0.355 7.42e-05 0.00215 4.014 normal 0.9901443028371391 170.13994672303338
0.304 0.022 0.355 7.42e-05 0.0022500000000000003 4.014 normal 0.9909745787652785 126.15887896776117
0.304 0.022 0.355 7.42e-05 0.0024000000000000002 4.014 normal 0.9914885742702948 73.14600396024967
0.304 0.022 0.355 7.42e-05 0.00235 4.014 normal 0.9912400233926874 89.12317731456494
0.304 0.022 0.355 7.42e-05 0.0023 4.014 normal 0.991142109432306 106.47655181932546
0.304 0.022 0.355 7.42e-05 0.00255 4.014 normal 0.9929817724042878 57.71727855136069
0.304 0.022 0.355 7.42e-05 0.00275 4.014 normal 0.993888842419481 107.7002132368955
0.304 0.022 0.355 7.42e-05 0.0026 4.014 normal 0.9933621590624082 65.22991548959668
0.304 0.022 0.355 7.42e-05 0.0028 4.014 normal 0.9942412300324578 123.48537296458669
0.304 0.022 0.355 7.42e-05 0.00245 4.014 normal 0.9919167171983506 61.35566390686493
0.304 0.022 0.355 7.42e-05 0.00265 4.014 normal 0.9935073795855551 77.39387952603347
0.304 0.022 0.355 7.42e-05 0.0025 4.014 normal 0.9924831609921357 55.578519316708125
0.304 0.022 0.355 7.42e-05 0.0027 4.014 normal 0.9936489741333395 91.78470782132878
0.304 0.022 0.37166666666666665 7.42e-05 0.0021 4.014 normal 0.9922380255009903 182.09789224740967
0.304 0.022 0.355 7.42e-05 0.00285 4.014 normal 0.9945975997029568 139.20801199668026
0.304 0.022 0.37166666666666665 7.42e-05 0.00215 4.014 normal 0.9929147607249935 153.65843308933205
0.304 0.022 0.355 7.42e-05 0.00295 4.014 normal 0.9951977318060568 175.78252763799426
0.304 0.022 0.355 7.42e-05 0.003 4.014 normal 0.995387530287206 195.56590357790975
0.304 0.022 0.355 7.42e-05 0.0029000000000000002 4.014 normal 0.9949333857166601 156.86269684350393
0.304 0.022 0.37166666666666665 7.42e-05 0.002 4.014 normal 0.9914861531026393 256.01526145036576
0.304 0.022 0.37166666666666665 7.42e-05 0.00205 4.014 normal 0.9917225734763712 217.02522557861153
0.304 0.022 0.37166666666666665 7.42e-05 0.0025 4.014 normal 0.9953596974143764 37.01354860028545
0.304 0.022 0.37166666666666665 7.42e-05 0.00255 4.014 normal 0.9958693768943359 39.51306089645676
0.304 0.022 0.37166666666666665 7.42e-05 0.0024000000000000002 4.014 normal 0.9943134193719065 54.27231535433543
0.304 0.022 0.37166666666666665 7.42e-05 0.00235 4.014 normal 0.9940606770410432 70.65156758835926
0.304 0.022 0.37166666666666665 7.42e-05 0.0022 4.014 normal 0.9935317480681933 129.98685202353744
0.304 0.022 0.37166666666666665 7.42e-05 0.0022500000000000003 4.014 normal 0.9937686534106321 108.92224481130137
0.304 0.022 0.37166666666666665 7.42e-05 0.00245 4.014 normal 0.9947636687711138 42.42654923545812
0.304 0.022 0.37166666666666665 7.42e-05 0.0023 4.014 normal 0.9939529813294169 88.66228307602768
0.304 0.022 0.37166666666666665 7.42e-05 0.00295 4.014 normal 0.9981603579083969 161.68008176560028
0.304 0.022 0.37166666666666665 7.42e-05 0.00265 4.014 normal 0.9964133016735186 59.942994488219426
0.304 0.022 0.37166666666666665 7.42e-05 0.0027 4.014 normal 0.9965622134122181 74.63960927579065
0.304 0.022 0.37166666666666665 7.42e-05 0.0029000000000000002 4.014 normal 0.9978967552674625 142.21399220410558
0.304 0.022 0.37166666666666665 7.42e-05 0.0028 4.014 normal 0.9971799453943457 107.54204289411089
0.304 0.022 0.37166666666666665 7.42e-05 0.00275 4.014 normal 0.9968156214576217 91.02277279917742
0.304 0.022 0.37166666666666665 7.42e-05 0.0026 4.014 normal 0.9962607538986946 47.52202336197585
0.304 0.022 0.37166666666666665 7.42e-05 0.00285 4.014 normal 0.9975504936105549 124.06825049294314
0.304 0.022 0.37166666666666665 7.42e-05 0.003 4.014 normal 0.9983649854032024 181.791910298443
0.304 0.022 0.3883333333333333 7.42e-05 0.0022 4.014 normal 0.9959544407397584 119.32987660764898
0.304 0.022 0.3883333333333333 7.42e-05 0.002 4.014 normal 0.9938401132952941 247.39914141491184
0.304 0.022 0.3883333333333333 7.42e-05 0.00215 4.014 normal 0.9953191898881988 143.22395861331563
0.304 0.022 0.3883333333333333 7.42e-05 0.0021 4.014 normal 0.9946370846248839 171.86081625614958
0.304 0.022 0.3883333333333333 7.42e-05 0.0022500000000000003 4.014 normal 0.9961987407287187 97.85059061465726
0.304 0.022 0.3883333333333333 7.42e-05 0.0023 4.014 normal 0.9963935802204691 77.03816379434156
0.304 0.022 0.3883333333333333 7.42e-05 0.00205 4.014 normal 0.994091621186658 207.53827577037276
0.304 0.022 0.3883333333333333 7.42e-05 0.0027 4.014 normal 0.9990958118891363 63.7855940165098
0.304 0.022 0.3883333333333333 7.42e-05 0.0025 4.014 normal 0.9978502383587727 24.856792346468485
0.304 0.022 0.3883333333333333 7.42e-05 0.00235 4.014 normal 0.9965209523297021 58.43662797313973
0.304 0.022 0.3883333333333333 7.42e-05 0.0026 4.014 normal 0.9987802865903078 36.160012022640224
0.304 0.022 0.3883333333333333 7.42e-05 0.0024000000000000002 4.014 normal 0.9967793149674926 41.79227994052093
0.304 0.022 0.3883333333333333 7.42e-05 0.00265 4.014 normal 0.9989452893627278 48.82424317353056
0.304 0.022 0.3883333333333333 7.42e-05 0.00245 4.014 normal 0.9972375627245278 29.907143902422305
0.304 0.022 0.3883333333333333 7.42e-05 0.00255 4.014 normal 0.9983762138283964 27.678573799403264
0.304 0.022 0.3883333333333333 7.42e-05 0.0029000000000000002 4.014 normal 1.0005037911881065 133.75760835389
0.304 0.022 0.3883333333333333 7.42e-05 0.00285 4.014 normal 1.000122706349975 115.00518861516613
0.304 0.022 0.3883333333333333 7.42e-05 0.0028 4.014 normal 0.9996259473706246 97.76990344697136
0.304 0.022 0.3883333333333333 7.42e-05 0.00295 4.014 normal 1.0007968717441769 153.59376557999767
0.304 0.022 0.3883333333333333 7.42e-05 0.00275 4.014 normal 0.9993552710950323 80.5627855288896
0.304 0.022 0.3883333333333333 7.42e-05 0.003 4.014 normal 1.0009591044540518 174.27491635499163
0.304 0.022 0.405 7.42e-05 0.002 4.014 normal 0.9958322640802475 242.91653717073862
0.304 0.022 0.405 7.42e-05 0.00205 4.014 normal 0.9960916501653967 202.27463856151255
0.304 0.022 0.405 7.42e-05 0.00245 4.014 normal 0.9993302768305723 22.186389610544285
0.304 0.022 0.405 7.42e-05 0.0022500000000000003 4.014 normal 0.9982574438655875 91.28678174462942
0.304 0.022 0.405 7.42e-05 0.0021 4.014 normal 0.9966540796551464 166.10784017317752
0.304 0.022 0.405 7.42e-05 0.0023 4.014 normal 0.9984616205539709 70.08961639483805
0.304 0.022 0.405 7.42e-05 0.0022 4.014 normal 0.9980037902112036 113.15008121585532
0.304 0.022 0.405 7.42e-05 0.00215 4.014 normal 0.9973566996659414 137.1819356127727
0.304 0.022 0.405 7.42e-05 0.00235 4.014 normal 0.9985965161648661 50.98821909799646
0.304 0.022 0.405 7.42e-05 0.0024000000000000002 4.014 normal 0.9988630165889392 34.07246843089869
0.304 0.022 0.405 7.42e-05 0.0025 4.014 normal 0.9999445265107308 17.43152891980848
0.304 0.022 0.405 7.42e-05 0.00275 4.014 normal 1.0015111830651968 74.68902607262278
0.304 0.022 0.405 7.42e-05 0.00265 4.014 normal 1.00109368498712 42.36832347033731
0.304 0.022 0.405 7.42e-05 0.0028 4.014 normal 1.001906147244003 92.51273703102711
0.304 0.022 0.405 7.42e-05 0.00285 4.014 normal 1.0022938367599572 110.37685711176567
0.304 0.022 0.405 7.42e-05 0.0026 4.014 normal 1.0009203334168164 29.529236938713222
0.304 0.022 0.405 7.42e-05 0.0027 4.014 normal 1.001247347937291 57.59876045932312
0.304 0.022 0.405 7.42e-05 0.00255 4.014 normal 1.0005101042497575 20.647673296336603
0.304 0.022 0.42166666666666663 7.42e-05 0.0022 4.014 normal 0.9995420828461162 110.0289402588162
0.304 0.022 0.42166666666666663 7.42e-05 0.00215 4.014 normal 0.9990181510510432 134.14764258250744
0.304 0.022 0.42166666666666663 7.42e-05 0.0021 4.014 normal 0.9983027385124456 163.30896351465987
0.304 0.022 0.405 7.42e-05 0.00295 4.014 normal 1.00293912407284 149.80464868127413
0.304 0.022 0.405 7.42e-05 0.0029000000000000002 4.014 normal 1.0026562252369606 129.65288190040502
0.304 0.022 0.405 7.42e-05 0.003 4.014 normal 1.003165726587668 171.20347718979014
0.304 0.022 0.42166666666666663 7.42e-05 0.00205 4.014 normal 0.9977315380381101 199.88432486407527
0.304 0.022 0.42166666666666663 7.42e-05 0.002 4.014 normal 0.9974510179811721 241.21496136145626
0.304 0.022 0.42166666666666663 7.42e-05 0.0022500000000000003 4.014 normal 0.9999164757706454 87.82813549683408
0.304 0.022 0.42166666666666663 7.42e-05 0.00235 4.014 normal 1.0003212399961308 46.80784690530794
0.304 0.022 0.42166666666666663 7.42e-05 0.0023 4.014 normal 1.0001659816974653 66.31363176870435
0.304 0.022 0.42166666666666663 7.42e-05 0.0025 4.014 normal 1.001681910285939 13.310996535228064
0.304 0.022 0.42166666666666663 7.42e-05 0.0024000000000000002 4.014 normal 1.0005686943998433 29.668605304421693
0.304 0.022 0.42166666666666663 7.42e-05 0.0026 4.014 normal 1.0026792968107736 26.120007045608677
0.304 0.022 0.42166666666666663 7.42e-05 0.00245 4.014 normal 1.001050594426586 17.81352162138087
0.304 0.022 0.42166666666666663 7.42e-05 0.00255 4.014 normal 1.0022538425143326 16.85028108180681
0.304 0.022 0.42166666666666663 7.42e-05 0.0029000000000000002 4.014 normal 1.0044545152078963 128.37999700101489
0.304 0.022 0.42166666666666663 7.42e-05 0.00265 4.014 normal 1.002854408649105 39.11008586915323
0.304 0.022 0.42166666666666663 7.42e-05 0.0027 4.014 normal 1.003013661906788 54.56086760101818
0.304 0.022 0.42166666666666663 7.42e-05 0.003 4.014 normal 1.0049781603645338 170.53988747742983
0.304 0.022 0.42166666666666663 7.42e-05 0.00275 4.014 normal 1.0032832178148408 71.90703908534996
0.304 0.022 0.42166666666666663 7.42e-05 0.00295 4.014 normal 1.0047391945931172 148.8211622185254
0.304 0.022 0.42166666666666663 7.42e-05 0.0028 4.014 normal 1.0036933496512224 90.29170308563963
0.304 0.022 0.42166666666666663 7.42e-05 0.00285 4.014 normal 1.0040853183004195 108.68772681856072
0.304 0.022 0.43833333333333335 7.42e-05 0.0021 4.014 normal 0.9994040091322155 162.25691294284093
0.304 0.022 0.43833333333333335 7.42e-05 0.00215 4.014 normal 1.0003307421939172 132.89788340740657
0.304 0.022 0.43833333333333335 7.42e-05 0.0023 4.014 normal 1.0014725191637879 64.49692341065997
0.304 0.022 0.43833333333333335 7.42e-05 0.00205 4.014 normal 0.998995218341279 199.13302531332567
0.304 0.022 0.43833333333333335 7.42e-05 0.002 4.014 normal 0.9987115812298654 241.01947968174068
0.304 0.022 0.43833333333333335 7.42e-05 0.0022 4.014 normal 1.0009733530646263 108.747187684719
0.304 0.022 0.43833333333333335 7.42e-05 0.00235 4.014 normal 1.0016263827734375 44.66063208890174
0.304 0.022 0.43833333333333335 7.42e-05 0.0022500000000000003 4.014 normal 1.0012496135490139 86.26857831397753
0.304 0.022 0.43833333333333335 7.42e-05 0.0024000000000000002 4.014 normal 1.0019004923882195 27.36959562151274
0.304 0.022 0.43833333333333335 7.42e-05 0.00245 4.014 normal 1.0023953364238833 15.557248244772325
0.304 0.022 0.43833333333333335 7.42e-05 0.00275 4.014 normal 1.0046711609430714 71.00311744230193
0.304 0.022 0.43833333333333335 7.42e-05 0.0026 4.014 normal 1.004050044779865 24.681798400552573
0.304 0.022 0.43833333333333335 7.42e-05 0.00265 4.014 normal 1.0042292875678391 37.80324391580595
0.304 0.022 0.43833333333333335 7.42e-05 0.0027 4.014 normal 1.0043961390748697 53.42323912880034
0.304 0.022 0.43833333333333335 7.42e-05 0.0025 4.014 normal 1.003033868417263 11.261810531192872
0.304 0.022 0.43833333333333335 7.42e-05 0.00255 4.014 normal 1.0036143070621026 15.096560149706296
0.304 0.022 0.45499999999999996 7.42e-05 0.002 4.014 normal 0.9994305177540497 241.3738873934978
0.304 0.022 0.45499999999999996 7.42e-05 0.0021 4.014 normal 1.0005229844316474 161.94518610094528
0.304 0.022 0.45499999999999996 7.42e-05 0.00205 4.014 normal 0.9998438593963539 199.06113718920568
0.304 0.022 0.43833333333333335 7.42e-05 0.0029000000000000002 4.014 normal 1.005860920401133 128.6733716697277
0.304 0.022 0.43833333333333335 7.42e-05 0.003 4.014 normal 1.0063994371918963 171.3984413908927
0.304 0.022 0.43833333333333335 7.42e-05 0.00285 4.014 normal 1.0054870937789042 108.63273014911786
0.304 0.022 0.43833333333333335 7.42e-05 0.0028 4.014 normal 1.0050858457903675 89.80471627632107
0.304 0.022 0.43833333333333335 7.42e-05 0.00295 4.014 normal 1.0061538750839645 149.3813217429166
0.304 0.022 0.45499999999999996 7.42e-05 0.00215 4.014 normal 1.0012224193971786 132.4693062137162
0.304 0.022 0.45499999999999996 7.42e-05 0.0022500000000000003 4.014 normal 1.002180506764965 85.582838901378
0.304 0.022 0.45499999999999996 7.42e-05 0.0023 4.014 normal 1.0024107001318476 63.62978313588868
0.304 0.022 0.45499999999999996 7.42e-05 0.0024000000000000002 4.014 normal 1.002847492848083 26.151803137954303
0.304 0.022 0.45499999999999996 7.42e-05 0.0022 4.014 normal 1.001901853480135 108.2896828820725
0.304 0.022 0.45499999999999996 7.42e-05 0.00235 4.014 normal 1.0025690376075123 43.56668322409975
0.304 0.022 0.45499999999999996 7.42e-05 0.00245 4.014 normal 1.003356501396106 14.421228121735906
0.304 0.022 0.45499999999999996 7.42e-05 0.0025 4.014 normal 1.0040010928466605 10.271994992257
0.304 0.022 0.45499999999999996 7.42e-05 0.00265 4.014 normal 1.0052175024115722 37.39034575793316
0.304 0.022 0.45499999999999996 7.42e-05 0.0027 4.014 normal 1.0053953738637724 53.139398493972976
0.304 0.022 0.45499999999999996 7.42e-05 0.0029000000000000002 4.014 normal 1.0068746426941708 129.47611661966707
0.304 0.022 0.45499999999999996 7.42e-05 0.00275 4.014 normal 1.005669656728175 70.8778374211668
0.304 0.022 0.45499999999999996 7.42e-05 0.00285 4.014 normal 1.0064978492555037 109.15923014021773
0.304 0.022 0.45499999999999996 7.42e-05 0.0028 4.014 normal 1.006092914198892 90.01195165751186
0.304 0.022 0.45499999999999996 7.42e-05 0.00255 4.014 normal 1.0045844938250952 14.328834287404392
0.304 0.022 0.45499999999999996 7.42e-05 0.0026 4.014 normal 1.0050327626341689 24.162524694721814
0.304 0.022 0.4716666666666667 7.42e-05 0.00205 4.014 normal 1.0004457490302634 198.9090071438694
0.304 0.022 0.4716666666666667 7.42e-05 0.002 4.014 normal 1.0001259541547265 241.5193760147214
0.304 0.022 0.4716666666666667 7.42e-05 0.0022500000000000003 4.014 normal 1.0027339052572064 85.00351113439095
0.304 0.022 0.4716666666666667 7.42e-05 0.0021 4.014 normal 1.0010221269525896 161.6440212099802
0.304 0.022 0.4716666666666667 7.42e-05 0.0022 4.014 normal 1.0024523095017985 107.85955714120031
0.304 0.022 0.45499999999999996 7.42e-05 0.00295 4.014 normal 1.0071710470223745 150.41372138186625
0.304 0.022 0.4716666666666667 7.42e-05 0.00215 4.014 normal 1.0017663192761728 132.0377105844262
0.304 0.022 0.45499999999999996 7.42e-05 0.003 4.014 normal 1.0074261058456981 172.701282750745
0.304 0.022 0.4716666666666667 7.42e-05 0.0023 4.014 normal 1.0029692956950713 62.940857032886036
0.304 0.022 0.4716666666666667 7.42e-05 0.00235 4.014 normal 1.0031344896581178 42.73232482271993
0.304 0.022 0.4716666666666667 7.42e-05 0.0024000000000000002 4.014 normal 1.003418947934919 25.273534246042367
0.304 0.022 0.4716666666666667 7.42e-05 0.0026 4.014 normal 1.005628578059637 23.782194996461993
0.304 0.022 0.4716666666666667 7.42e-05 0.00265 4.014 normal 1.005816128362079 37.066108017578316
0.304 0.022 0.4716666666666667 7.42e-05 0.00245 4.014 normal 1.0039321183933059 13.5837425895877
0.304 0.022 0.4716666666666667 7.42e-05 0.00255 4.014 normal 1.005169591484087 13.782519056490573
0.304 0.022 0.4716666666666667 7.42e-05 0.0025 4.014 normal 1.0045853963283926 9.563060312460362
0.304 0.022 0.4883333333333333 7.42e-05 0.002 4.014 normal 1.0002855239863402 240.98066483622108
0.304 0.022 0.4716666666666667 7.42e-05 0.0027 4.014 normal 1.0059964816398161 52.90846029934032
0.304 0.022 0.4716666666666667 7.42e-05 0.00275 4.014 normal 1.0062774916145036 70.75929405230004
0.304 0.022 0.4716666666666667 7.42e-05 0.00295 4.014 normal 1.0077956688830367 151.0872217855566
0.304 0.022 0.4716666666666667 7.42e-05 0.0029000000000000002 4.014 normal 1.0074956845491894 129.98200437384776
0.304 0.022 0.4716666666666667 7.42e-05 0.00285 4.014 normal 1.0071163372853957 109.4860285481121
0.304 0.022 0.4716666666666667 7.42e-05 0.0028 4.014 normal 1.0067067704576895 90.05543681681392
0.304 0.022 0.4716666666666667 7.42e-05 0.003 4.014 normal 1.0080607412591829 173.6148501362195
0.304 0.022 0.4883333333333333 7.42e-05 0.00205 4.014 normal 1.0006099667728647 198.21367242139124
0.304 0.022 0.4883333333333333 7.42e-05 0.0024000000000000002 4.014 normal 1.0036150079354034 24.196013009691587
0.304 0.022 0.4883333333333333 7.42e-05 0.0021 4.014 normal 1.0011804171491938 160.87656086294936
0.304 0.022 0.4883333333333333 7.42e-05 0.00215 4.014 normal 1.00193068186303 131.17242717689834
0.304 0.022 0.4883333333333333 7.42e-05 0.0022 4.014 normal 1.0026259220761504 106.94505880185791
0.304 0.022 0.4883333333333333 7.42e-05 0.0023 4.014 normal 1.0031488018043047 61.922414287939205
0.304 0.022 0.4883333333333333 7.42e-05 0.0022500000000000003 4.014 normal 1.0029082488264467 84.04081747607977
0.304 0.022 0.4883333333333333 7.42e-05 0.00235 4.014 normal 1.0033204258311974 41.657970187930424
0.304 0.022 0.4883333333333333 7.42e-05 0.0028 4.014 normal 1.0069302564536744 89.46097541282123
0.304 0.022 0.4883333333333333 7.42e-05 0.00275 4.014 normal 1.0064959636045736 70.08121040858279
0.304 0.022 0.4883333333333333 7.42e-05 0.0027 4.014 normal 1.0062124713012508 52.19692304192529
0.304 0.022 0.4883333333333333 7.42e-05 0.00245 4.014 normal 1.0041241074607279 12.544807372966282
0.304 0.022 0.4883333333333333 7.42e-05 0.00255 4.014 normal 1.0053712322600248 12.918121528350913
0.304 0.022 0.4883333333333333 7.42e-05 0.00265 4.014 normal 1.006028888250622 36.306685141793345
0.304 0.022 0.4883333333333333 7.42e-05 0.0025 4.014 normal 1.0047866672878771 8.607343591683678
0.304 0.022 0.4883333333333333 7.42e-05 0.0026 4.014 normal 1.0058365811456118 22.99827389455612
0.304 0.022 0.505 7.42e-05 0.00205 4.014 normal 1.0003797405083645 196.68635487046492
0.304 0.022 0.505 7.42e-05 0.002 4.014 normal 1.0000496886396577 239.51099402671068
0.304 0.022 0.505 7.42e-05 0.0021 4.014 normal 1.0009687699730065 159.34389102477365
0.304 0.022 0.4883333333333333 7.42e-05 0.00295 4.014 normal 1.0080290289831026 150.8974433718599
0.304 0.022 0.505 7.42e-05 0.00215 4.014 normal 1.001724972623538 129.53682100474848
0.304 0.022 0.4883333333333333 7.42e-05 0.00285 4.014 normal 1.00734185401432 109.00878270112159
0.304 0.022 0.4883333333333333 7.42e-05 0.0029000000000000002 4.014 normal 1.0077244257175906 129.6415965380856
0.304 0.022 0.4883333333333333 7.42e-05 0.003 4.014 normal 1.0082995480176804 173.54926848887544
0.304 0.022 0.505 7.42e-05 0.0022 4.014 normal 1.002422129767919 105.29311554827484
0.304 0.022 0.505 7.42e-05 0.00235 4.014 normal 1.0031281975727955 40.07812024870695
0.304 0.022 0.505 7.42e-05 0.0022500000000000003 4.014 normal 1.0027074981613422 82.43145304842889
0.304 0.022 0.505 7.42e-05 0.0023 4.014 normal 1.0029508837937773 60.31511766093532
0.304 0.022 0.505 7.42e-05 0.0024000000000000002 4.014 normal 1.0034265942707377 22.664244979377187
0.304 0.022 0.505 7.42e-05 0.0025 4.014 normal 1.004585475007512 7.06415816692582
0.304 0.022 0.505 7.42e-05 0.00245 4.014 normal 1.003935459529947 11.035085567372896
0.304 0.022 0.505 7.42e-05 0.00255 4.014 normal 1.0051897963283145 11.46729599480598
0.304 0.022 0.505 7.42e-05 0.00285 4.014 normal 1.007176430488435 107.45947861892242
0.304 0.022 0.505 7.42e-05 0.00295 4.014 normal 1.0078677273278127 149.512277614785
0.304 0.022 0.505 7.42e-05 0.0027 4.014 normal 1.0060399456632536 50.71828080525519
0.304 0.022 0.505 7.42e-05 0.00275 4.014 normal 1.0063239006803308 68.561137726129
0.304 0.022 0.505 7.42e-05 0.0029000000000000002 4.014 normal 1.0075607866437248 128.1706897059373
0.304 0.022 0.505 7.42e-05 0.0028 4.014 normal 1.006762927936887 87.91594957981586
0.304 0.022 0.505 7.42e-05 0.00265 4.014 normal 1.0058545392193943 34.833473693848504
0.304 0.022 0.505 7.42e-05 0.0026 4.014 normal 1.00565844372239 21.53343441414348
0.304 0.022 0.5216666666666667 7.42e-05 0.0021 4.014 normal 1.0004143120873275 157.07304205106422
0.304 0.022 0.5216666666666667 7.42e-05 0.002 4.014 normal 0.9992295746740362 237.155585161005
0.304 0.022 0.5216666666666667 7.42e-05 0.00205 4.014 normal 0.9996675258632384 194.42099510678509
0.304 0.022 0.5216666666666667 7.42e-05 0.0022500000000000003 4.014 normal 1.0021305311691096 80.18138727808663
0.304 0.022 0.5216666666666667 7.42e-05 0.00215 4.014 normal 1.0011433197254138 127.22381451982884
0.304 0.022 0.5216666666666667 7.42e-05 0.0022 4.014 normal 1.0018430560853993 102.94646390329623
0.304 0.022 0.5216666666666667 7.42e-05 0.0023 4.014 normal 1.0023768907222397 58.12548975061948
0.304 0.022 0.505 7.42e-05 0.003 4.014 normal 1.008139880646615 172.22775395482083
0.304 0.022 0.5216666666666667 7.42e-05 0.0024000000000000002 4.014 normal 1.0028541191524263 20.67924112106281
0.304 0.022 0.5216666666666667 7.42e-05 0.00235 4.014 normal 1.0025578755493614 38.00083549293501
0.304 0.022 0.5216666666666667 7.42e-05 0.0027 4.014 normal 1.0054792419964529 48.46773064880142
0.304 0.022 0.5216666666666667 7.42e-05 0.00245 4.014 normal 1.0033681350931487 9.074004522292498
0.304 0.022 0.5216666666666667 7.42e-05 0.0026 4.014 normal 1.0050937352605902 19.389475328429224
0.304 0.022 0.5216666666666667 7.42e-05 0.0025 4.014 normal 1.0040204487575008 5.084730925292905
0.304 0.022 0.5216666666666667 7.42e-05 0.00255 4.014 normal 1.0046243313475791 9.422997967425916
0.304 0.022 0.5216666666666667 7.42e-05 0.00265 4.014 normal 1.0052914282984777 32.652578808465115
0.304 0.022 0.5383333333333333 7.42e-05 0.002 4.014 normal 0.9985016138570175 234.156827056277
0.304 0.022 0.5383333333333333 7.42e-05 0.00205 4.014 normal 0.9988137826109846 191.63101497535266
0.304 0.022 0.5216666666666667 7.42e-05 0.00275 4.014 normal 1.0057639062170565 66.2047294469742
0.304 0.022 0.5216666666666667 7.42e-05 0.00285 4.014 normal 1.006619017675777 104.83206832131317
0.304 0.022 0.5216666666666667 7.42e-05 0.0028 4.014 normal 1.006206621688208 85.447866554929
0.304 0.022 0.5216666666666667 7.42e-05 0.0029000000000000002 4.014 normal 1.0070054417106977 125.55647101615997
0.304 0.022 0.5216666666666667 7.42e-05 0.00295 4.014 normal 1.0073128491904908 146.92472527540977
0.304 0.022 0.5216666666666667 7.42e-05 0.003 4.014 normal 1.0075853310728218 169.6348540424022
0.304 0.022 0.5383333333333333 7.42e-05 0.0021 4.014 normal 0.9991951879084058 154.37520111672526
0.304 0.022 0.5383333333333333 7.42e-05 0.00215 4.014 normal 1.00020257248834 124.49929114373923
0.304 0.022 0.5383333333333333 7.42e-05 0.0022 4.014 normal 1.0008870303418858 100.22029831836352
0.304 0.022 0.5383333333333333 7.42e-05 0.0023 4.014 normal 1.00142828482503 55.615466186437956
0.304 0.022 0.5383333333333333 7.42e-05 0.0022500000000000003 4.014 normal 1.0011769947156186 77.57305087438279
0.304 0.022 0.5383333333333333 7.42e-05 0.00235 4.014 normal 1.0015919695389062 35.49496891761864
0.304 0.022 0.5383333333333333 7.42e-05 0.0024000000000000002 4.014 normal 1.0019035040184867 18.51062963834927
0.304 0.022 0.5383333333333333 7.42e-05 0.00245 4.014 normal 1.002421410500745 6.922788565531416
0.304 0.022 0.5383333333333333 7.42e-05 0.00265 4.014 normal 1.0043421687030065 29.99280311398571
0.304 0.022 0.5383333333333333 7.42e-05 0.0028 4.014 normal 1.0052592428741403 82.25660666798902
0.304 0.022 0.5383333333333333 7.42e-05 0.00275 4.014 normal 1.004815912625424 63.27692579601383
0.304 0.022 0.5383333333333333 7.42e-05 0.00285 4.014 normal 1.0056715252992583 101.39990351230952
0.304 0.022 0.5383333333333333 7.42e-05 0.0027 4.014 normal 1.004531592111956 45.71637016577848
0.304 0.022 0.5383333333333333 7.42e-05 0.0025 4.014 normal 1.003073318170542 2.849889841771715
0.304 0.022 0.5383333333333333 7.42e-05 0.00255 4.014 normal 1.003673497761159 7.053973258435051
0.304 0.022 0.5383333333333333 7.42e-05 0.0026 4.014 normal 1.0041429545320089 16.834348336682975
0.304 0.022 0.5549999999999999 7.42e-05 0.0022 4.014 normal 0.9993710430121151 97.60864149979687
0.304 0.022 0.5383333333333333 7.42e-05 0.003 4.014 normal 1.0066378959784723 166.0223376411048
0.304 0.022 0.5549999999999999 7.42e-05 0.00215 4.014 normal 0.9988585960901168 121.92490802377107
0.304 0.022 0.5383333333333333 7.42e-05 0.0029000000000000002 4.014 normal 1.0060578753907288 122.03627488668191
0.304 0.022 0.5383333333333333 7.42e-05 0.00295 4.014 normal 1.0063650218084457 143.36786399449514
0.304 0.022 0.5549999999999999 7.42e-05 0.00205 4.014 normal 0.9974950234695965 188.8799350862667
0.304 0.022 0.5549999999999999 7.42e-05 0.0021 4.014 normal 0.9980983346112531 151.89117205261437
0.304 0.022 0.5549999999999999 7.42e-05 0.002 4.014 normal 0.9971779321464126 231.10799345345947
0.304 0.022 0.5549999999999999 7.42e-05 0.0023 4.014 normal 1.000107438703601 53.38045009160544
0.304 0.022 0.5549999999999999 7.42e-05 0.0022500000000000003 4.014 normal 0.9997830453478531 75.1537716593792
0.304 0.022 0.5549999999999999 7.42e-05 0.00235 4.014 normal 1.0002861807914523 33.520828854764794
0.304 0.022 0.5549999999999999 7.42e-05 0.00245 4.014 normal 1.0010968610702289 5.103999490026847
0.304 0.022 0.5549999999999999 7.42e-05 0.0026 4.014 normal 1.002808423198665 14.395913305311419
0.304 0.022 0.5549999999999999 7.42e-05 0.0024000000000000002 4.014 normal 1.0005740104878555 16.7270427782122
0.304 0.022 0.5549999999999999 7.42e-05 0.0025 4.014 normal 1.0017435767087257 0.8945267343577453
0.304 0.022 0.5549999999999999 7.42e-05 0.00255 4.014 normal 1.0023340731738264 4.877012870511483
0.304 0.022 0.5549999999999999 7.42e-05 0.0028 4.014 normal 1.0039233790328468 78.89968832754019
0.304 0.022 0.5549999999999999 7.42e-05 0.0029000000000000002 4.014 normal 1.0047203062559251 118.16036155309402
0.304 0.022 0.5549999999999999 7.42e-05 0.00265 4.014 normal 1.0029947605332936 27.162807612105713
0.304 0.022 0.5549999999999999 7.42e-05 0.00275 4.014 normal 1.0034854884136621 60.30545161253381
0.304 0.022 0.5549999999999999 7.42e-05 0.00295 4.014 normal 1.0050257974748042 139.37925501161573
0.304 0.022 0.5549999999999999 7.42e-05 0.00285 4.014 normal 1.0043345344863426 97.67670833386362
0.304 0.022 0.5549999999999999 7.42e-05 0.003 4.014 normal 1.0052916030240764 161.88607380420612
0.304 0.022 0.5549999999999999 7.42e-05 0.0027 4.014 normal 1.0032021634673838 42.994697350195054
0.304 0.022 0.5716666666666667 7.42e-05 0.002 4.014 normal 0.9954911179717334 228.7857715451708
0.304 0.022 0.5716666666666667 7.42e-05 0.0021 4.014 normal 0.9964073909798155 150.19611364127022
0.304 0.022 0.5716666666666667 7.42e-05 0.00215 4.014 normal 0.9971600703227117 120.26955508482556
0.304 0.022 0.5716666666666667 7.42e-05 0.00235 4.014 normal 0.9985674109253889 32.643652320748494
0.304 0.022 0.5716666666666667 7.42e-05 0.00205 4.014 normal 0.9958109844392322 186.92451523925988
0.304 0.022 0.5716666666666667 7.42e-05 0.0022 4.014 normal 0.9978584999944892 95.85386170806785
0.304 0.022 0.5716666666666667 7.42e-05 0.0022500000000000003 4.014 normal 0.9981463909581635 73.69358629417303
0.304 0.022 0.5716666666666667 7.42e-05 0.0023 4.014 normal 0.9983973646241826 52.170326060318345
0.304 0.022 0.5716666666666667 7.42e-05 0.0025 4.014 normal 1.0000407285234143 0.0004202938004366559
0.304 0.022 0.5716666666666667 7.42e-05 0.00275 4.014 normal 1.001766416779981 58.052892430899284
0.304 0.022 0.5716666666666667 7.42e-05 0.00255 4.014 normal 1.0006185293535366 3.715040006700845
0.304 0.022 0.5716666666666667 7.42e-05 0.0027 4.014 normal 1.001484238718386 41.084032261028376
0.304 0.022 0.5716666666666667 7.42e-05 0.0026 4.014 normal 1.0010908551228295 12.878004409758782
0.304 0.022 0.5716666666666667 7.42e-05 0.00265 4.014 normal 1.0012767560696234 25.464085764953932
0.304 0.022 0.5716666666666667 7.42e-05 0.0024000000000000002 4.014 normal 0.9988698955483533 16.069576668693056
0.304 0.022 0.5716666666666667 7.42e-05 0.00245 4.014 normal 0.999395498017574 4.402568463472716
0.304 0.022 0.5716666666666667 7.42e-05 0.003 4.014 normal 1.003558010447266 158.1088417166942
0.304 0.022 0.5716666666666667 7.42e-05 0.0028 4.014 normal 1.0022015810991145 76.17662266498563
0.304 0.022 0.5716666666666667 7.42e-05 0.0029000000000000002 4.014 normal 1.0029938669345229 114.70521494673388
0.304 0.022 0.5716666666666667 7.42e-05 0.00285 4.014 normal 1.0026081253382446 94.43097213560874
0.304 0.022 0.5716666666666667 7.42e-05 0.00295 4.014 normal 1.003297105626858 135.75015435372137
0.304 0.022 0.5883333333333334 7.42e-05 0.0021 4.014 normal 0.9943629840737627 150.2583819045754
0.304 0.022 0.5883333333333334 7.42e-05 0.00205 4.014 normal 0.9937654633142338 186.8329359045423
0.304 0.022 0.5883333333333334 7.42e-05 0.002 4.014 normal 0.993439090721276 228.23230822848168
0.304 0.022 0.5883333333333334 7.42e-05 0.0022500000000000003 4.014 normal 0.9960722212251569 74.25986522037188
0.304 0.022 0.5883333333333334 7.42e-05 0.0022 4.014 normal 0.9957826733220548 96.07519202051797
0.304 0.022 0.5883333333333334 7.42e-05 0.0025 4.014 normal 0.9979517315628879 1.1915913292018283
0.304 0.022 0.5883333333333334 7.42e-05 0.00235 4.014 normal 0.9964938906750762 33.90728117784793
0.304 0.022 0.5883333333333334 7.42e-05 0.0023 4.014 normal 0.9963262276265339 52.98283620513268
0.304 0.022 0.5883333333333334 7.42e-05 0.00215 4.014 normal 0.9950943357819533 120.5500821503761
0.304 0.022 0.5883333333333334 7.42e-05 0.00245 4.014 normal 0.9973085685129102 5.8635155270135515
0.304 0.022 0.5883333333333334 7.42e-05 0.0024000000000000002 4.014 normal 0.9967918388703073 17.57447295721239
0.304 0.022 0.5883333333333334 7.42e-05 0.0028 4.014 normal 1.00010374633516 75.11819334707806
0.304 0.022 0.5883333333333334 7.42e-05 0.00285 4.014 normal 1.0005366659250527 92.78275624765912
0.304 0.022 0.5883333333333334 7.42e-05 0.00275 4.014 normal 0.9995230644030063 57.563506651612755
0.304 0.022 0.5883333333333334 7.42e-05 0.0029000000000000002 4.014 normal 1.0008813008086268 112.70037934826827
0.304 0.022 0.5883333333333334 7.42e-05 0.0027 4.014 normal 0.999382643239496 40.93928940428062
0.304 0.022 0.5883333333333334 7.42e-05 0.00255 4.014 normal 0.9985090077280265 4.557684734439818
0.304 0.022 0.5883333333333334 7.42e-05 0.00265 4.014 normal 0.9991761600080071 25.65134334076735
0.304 0.022 0.5883333333333334 7.42e-05 0.0026 4.014 normal 0.9989937909646669 13.301625050706551
0.304 0.022 0.5883333333333334 7.42e-05 0.003 4.014 normal 1.0014290954366705 155.36427319694883
0.304 0.022 0.5883333333333334 7.42e-05 0.00295 4.014 normal 1.0011840181189071 133.54717892288406
0.304 0.022 0.605 7.42e-05 0.0022500000000000003 4.014 normal 0.9936326334322395 77.95433622115449
0.304 0.022 0.605 7.42e-05 0.0021 4.014 normal 0.9919426885602569 153.6315750244704
0.304 0.022 0.605 7.42e-05 0.002 4.014 normal 0.991019411667111 230.72133970127373
0.304 0.022 0.605 7.42e-05 0.00205 4.014 normal 0.9913504915655867 189.8893435023229
0.304 0.022 0.605 7.42e-05 0.00215 4.014 normal 0.9926654590759008 123.99899505827163
0.304 0.022 0.605 7.42e-05 0.0022 4.014 normal 0.9933350928395354 99.60974834466678
0.304 0.022 0.605 7.42e-05 0.00235 4.014 normal 0.9940712953942717 38.64334852747284
0.304 0.022 0.605 7.42e-05 0.0023 4.014 normal 0.9938857260830791 57.09547177119952
0.304 0.022 0.605 7.42e-05 0.0025 4.014 normal 0.9954854329995084 5.734454261770422
0.304 0.022 0.605 7.42e-05 0.00255 4.014 normal 0.9960517905879936 8.699548388510777
0.304 0.022 0.605 7.42e-05 0.00265 4.014 normal 0.9967040671398645 29.14311553061914
0.304 0.022 0.605 7.42e-05 0.0026 4.014 normal 0.9965140431898737 16.935887132106497
0.304 0.022 0.605 7.42e-05 0.0024000000000000002 4.014 normal 0.994343870018142 22.47692032835975
0.304 0.022 0.605 7.42e-05 0.00245 4.014 normal 0.9948625678391889 10.677030964971896
0.304 0.022 0.605 7.42e-05 0.003 4.014 normal 0.9989239014244892 155.53926467512002
0.304 0.022 0.605 7.42e-05 0.00295 4.014 normal 0.998682523246872 133.9981585799704
0.304 0.022 0.605 7.42e-05 0.00275 4.014 normal 0.9971832549324703 60.09466305978299
0.304 0.022 0.605 7.42e-05 0.0028 4.014 normal 0.9976043266810392 77.0074320308701
0.304 0.022 0.6216666666666666 7.42e-05 0.002 4.014 normal 0.9882371752192118 237.7481043290332
0.304 0.022 0.605 7.42e-05 0.00285 4.014 normal 0.9980103735942454 93.9506349344213
0.304 0.022 0.605 7.42e-05 0.0027 4.014 normal 0.996906284436905 43.945283649396686
0.304 0.022 0.605 7.42e-05 0.0029000000000000002 4.014 normal 0.998387129908469 113.4115757135032
0.304 0.022 0.6216666666666666 7.42e-05 0.00215 4.014 normal 0.9898698593724808 132.16809314485204
0.304 0.022 0.6216666666666666 7.42e-05 0.0024000000000000002 4.014 normal 0.9915336390685754 32.183765940093046
0.304 0.022 0.6216666666666666 7.42e-05 0.0021 4.014 normal 0.9891601810189097 161.65659940178134
0.304 0.022 0.6216666666666666 7.42e-05 0.00205 4.014 normal 0.9885805268770042 197.46046386430845
0.304 0.022 0.6216666666666666 7.42e-05 0.00235 4.014 normal 0.9912620689723817 48.01773671150533
0.304 0.022 0.6216666666666666 7.42e-05 0.0022500000000000003 4.014 normal 0.9908270371876063 86.39050781981848
0.304 0.022 0.6216666666666666 7.42e-05 0.0023 4.014 normal 0.99108100068317 65.94990730460776
0.304 0.022 0.6216666666666666 7.42e-05 0.0022 4.014 normal 0.9905325589539175 107.72191219115236
0.304 0.022 0.6216666666666666 7.42e-05 0.00255 4.014 normal 0.9932171294309451 17.537692146187137
0.304 0.022 0.6216666666666666 7.42e-05 0.00265 4.014 normal 0.9938504964780178 37.10221618714019
0.304 0.022 0.6216666666666666 7.42e-05 0.00245 4.014 normal 0.9920458109554993 20.296570015852282
0.304 0.022 0.6216666666666666 7.42e-05 0.0027 4.014 normal 0.9940485649576918 51.54699532877694
0.304 0.022 0.6216666666666666 7.42e-05 0.0026 4.014 normal 0.9936550804771518 25.26857236165076
0.304 0.022 0.6216666666666666 7.42e-05 0.00275 4.014 normal 0.9943258086189386 67.15295849460774
0.304 0.022 0.6216666666666666 7.42e-05 0.0028 4.014 normal 0.9947390615948776 83.28680580243281
0.304 0.022 0.6216666666666666 7.42e-05 0.0025 4.014 normal 0.9926471865774187 15.083878477908044
0.304 0.022 0.6383333333333333 7.42e-05 0.00205 4.014 normal 0.9854546711845182 211.1861629074343
0.304 0.022 0.6216666666666666 7.42e-05 0.003 4.014 normal 0.9960390708565958 159.82496589972243
0.304 0.022 0.6383333333333333 7.42e-05 0.0021 4.014 normal 0.9860201259175259 176.02895070965155
0.304 0.022 0.6383333333333333 7.42e-05 0.00215 4.014 normal 0.9867133332597512 146.63674996238282
0.304 0.022 0.6216666666666666 7.42e-05 0.00285 4.014 normal 0.9951397351602367 99.39921265714771
0.304 0.022 0.6216666666666666 7.42e-05 0.0029000000000000002 4.014 normal 0.9955129033504276 118.37935583784216
0.304 0.022 0.6383333333333333 7.42e-05 0.002 4.014 normal 0.9851091778316943 250.80931839262797
0.304 0.022 0.6216666666666666 7.42e-05 0.00295 4.014 normal 0.9958003215799867 138.48152615906582
0.304 0.022 0.6383333333333333 7.42e-05 0.0022 4.014 normal 0.9873625549737571 122.18083900750027
0.304 0.022 0.6383333333333333 7.42e-05 0.0024000000000000002 4.014 normal 0.9883562328621015 48.35944422104594
0.304 0.022 0.6383333333333333 7.42e-05 0.0025 4.014 normal 0.9894370452767969 30.896767147057968
0.304 0.022 0.6383333333333333 7.42e-05 0.00255 4.014 normal 0.9900053099381083 32.78139118886781
0.304 0.022 0.6383333333333333 7.42e-05 0.0022500000000000003 4.014 normal 0.9876570013364223 101.30174822026763
0.304 0.022 0.6383333333333333 7.42e-05 0.00235 4.014 normal 0.9880836254227107 63.896642260581245
0.304 0.022 0.6383333333333333 7.42e-05 0.00245 4.014 normal 0.988862997218544 36.337115375299874
0.304 0.022 0.6383333333333333 7.42e-05 0.0023 4.014 normal 0.9879077947988544 81.22594154374094
0.304 0.022 0.6383333333333333 7.42e-05 0.0027 4.014 normal 0.9908136994108067 65.33327998245018
0.304 0.022 0.6383333333333333 7.42e-05 0.0026 4.014 normal 0.9904024862301739 39.8806395280935
0.304 0.022 0.6383333333333333 7.42e-05 0.00265 4.014 normal 0.99062439137439 51.32579316059998
0.304 0.022 0.6383333333333333 7.42e-05 0.00295 4.014 normal 0.9925508343662263 148.98307684018198
0.304 0.022 0.6383333333333333 7.42e-05 0.0028 4.014 normal 0.9914977483463656 95.63690532574823
0.304 0.022 0.6383333333333333 7.42e-05 0.00275 4.014 normal 0.9910942172996877 80.35732704665284
0.304 0.022 0.6383333333333333 7.42e-05 0.0029000000000000002 4.014 normal 0.9922628309800229 129.28237761913195
0.304 0.022 0.6383333333333333 7.42e-05 0.00285 4.014 normal 0.9918949000247829 110.82327728718145
0.304 0.022 0.655 7.42e-05 0.00205 4.014 normal 0.9819592594125041 233.17444482602076
0.304 0.022 0.655 7.42e-05 0.0022 4.014 normal 0.9838355643673735 144.80904968851954
0.304 0.022 0.655 7.42e-05 0.0022500000000000003 4.014 normal 0.9841263161518709 124.33436248605852
0.304 0.022 0.655 7.42e-05 0.0023 4.014 normal 0.9843765662151334 104.71825358604208
0.304 0.022 0.655 7.42e-05 0.00215 4.014 normal 0.9832115867634712 168.97339611037194
0.304 0.022 0.6383333333333333 7.42e-05 0.003 4.014 normal 0.9927787056700117 169.88697678996704
0.304 0.022 0.655 7.42e-05 0.002 4.014 normal 0.9816351598537921 271.69913403330827
0.304 0.022 0.655 7.42e-05 0.0021 4.014 normal 0.9825332472549662 198.34667583852203
0.304 0.022 0.655 7.42e-05 0.00235 4.014 normal 0.9845444665484693 87.99136330522164
0.304 0.022 0.655 7.42e-05 0.00245 4.014 normal 0.985314111232 60.62119880759827
0.304 0.022 0.655 7.42e-05 0.00265 4.014 normal 0.9870309238324014 73.62334402481348
0.304 0.022 0.655 7.42e-05 0.0026 4.014 normal 0.9868134328087612 62.672213664716644
0.304 0.022 0.655 7.42e-05 0.0024000000000000002 4.014 normal 0.9848285573787743 72.5483584173455
0.304 0.022 0.655 7.42e-05 0.0025 4.014 normal 0.9858526457931793 55.005220375680565
0.304 0.022 0.655 7.42e-05 0.00255 4.014 normal 0.9864332431237249 56.165901483385795
0.304 0.022 0.655 7.42e-05 0.0027 4.014 normal 0.9872185038205363 87.12757155789437
0.304 0.022 0.6716666666666666 7.42e-05 0.002 4.014 normal 0.9778179797256462 302.3731975017123
0.304 0.022 0.655 7.42e-05 0.0029000000000000002 4.014 normal 0.9886374747344113 147.7679772455623
0.304 0.022 0.6716666666666666 7.42e-05 0.00205 4.014 normal 0.9781416781487577 264.578969218241
0.304 0.022 0.655 7.42e-05 0.00285 4.014 normal 0.9882700810071349 130.0525416726021
0.304 0.022 0.655 7.42e-05 0.00275 4.014 normal 0.9874893433118513 101.54124857458383
0.304 0.022 0.655 7.42e-05 0.003 4.014 normal 0.9891478482986765 187.4882624499809
0.304 0.022 0.655 7.42e-05 0.0028 4.014 normal 0.9878805042185296 115.90355821766039
0.304 0.022 0.655 7.42e-05 0.00295 4.014 normal 0.9889159150885515 167.09351774835295
0.304 0.022 0.6716666666666666 7.42e-05 0.0024000000000000002 4.014 normal 0.9809237038462566 107.1569457961661
0.304 0.022 0.6716666666666666 7.42e-05 0.0022500000000000003 4.014 normal 0.9802444679920906 157.51260270623158
0.304 0.022 0.6716666666666666 7.42e-05 0.00215 4.014 normal 0.9793411885899143 201.82573072416025
0.304 0.022 0.6716666666666666 7.42e-05 0.0021 4.014 normal 0.9786673578088675 230.9902998725919
0.304 0.022 0.6716666666666666 7.42e-05 0.00235 4.014 normal 0.9806496369547 122.18526544786347
0.304 0.022 0.6716666666666666 7.42e-05 0.0023 4.014 normal 0.98048728531251 138.27959408853607
0.304 0.022 0.6716666666666666 7.42e-05 0.0022 4.014 normal 0.9799549869467935 177.44334178370883
0.304 0.022 0.6716666666666666 7.42e-05 0.00245 4.014 normal 0.9814105532946514 94.97018685246528
0.304 0.022 0.6716666666666666 7.42e-05 0.0025 4.014 normal 0.9819285069831732 89.10319242536039
0.304 0.022 0.6716666666666666 7.42e-05 0.00265 4.014 normal 0.9830740311389644 105.89359777578072
0.304 0.022 0.6716666666666666 7.42e-05 0.0028 4.014 normal 0.9839017548381045 145.9674670104967
0.304 0.022 0.6716666666666666 7.42e-05 0.0027 4.014 normal 0.9832587345923861 118.85379957366906
0.304 0.022 0.6716666666666666 7.42e-05 0.00275 4.014 normal 0.9835173399518117 132.65502262785884
0.304 0.022 0.6716666666666666 7.42e-05 0.00285 4.014 normal 0.9842864731478494 158.9840046616482
0.304 0.022 0.6716666666666666 7.42e-05 0.0026 4.014 normal 0.982860979706999 95.51923119557132
0.304 0.022 0.6716666666666666 7.42e-05 0.00255 4.014 normal 0.9824841654430486 89.6974130700876
0.304 0.022 0.6883333333333332 7.42e-05 0.0021 4.014 normal 0.9744632487297786 275.5133238043137
0.304 0.022 0.6883333333333332 7.42e-05 0.0022 4.014 normal 0.9757407881928323 222.42758462745294
0.304 0.022 0.6716666666666666 7.42e-05 0.00295 4.014 normal 0.9849093374723394 194.7203466762462
0.304 0.022 0.6716666666666666 7.42e-05 0.003 4.014 normal 0.985144888123944 214.66882852651509
0.304 0.022 0.6883333333333332 7.42e-05 0.00205 4.014 normal 0.9739458170934777 308.6175015016192
0.304 0.022 0.6883333333333332 7.42e-05 0.00215 4.014 normal 0.9751336173338536 246.37000282957288
0.304 0.022 0.6883333333333332 7.42e-05 0.002 4.014 normal 0.9736616150105394 345.008826449582
0.304 0.022 0.6716666666666666 7.42e-05 0.0029000000000000002 4.014 normal 0.9846400032028705 176.0405789126236
0.304 0.022 0.6883333333333332 7.42e-05 0.0023 4.014 normal 0.9762511598707598 183.807452202031
0.304 0.022 0.6883333333333332 7.42e-05 0.0025 4.014 normal 0.9776502433698196 135.35104892958398
0.304 0.022 0.6883333333333332 7.42e-05 0.0022500000000000003 4.014 normal 0.9760145802611947 202.57105567991374
0.304 0.022 0.6883333333333332 7.42e-05 0.00235 4.014 normal 0.9764057137791263 168.50500175197266
0.304 0.022 0.6883333333333332 7.42e-05 0.00245 4.014 normal 0.9771129348275366 141.85587429785056
0.304 0.022 0.6883333333333332 7.42e-05 0.00255 4.014 normal 0.9781882016751637 135.3208102820389
0.304 0.022 0.6883333333333332 7.42e-05 0.0024000000000000002 4.014 normal 0.9766749313552964 153.81341648231637
0.304 0.022 0.6883333333333332 7.42e-05 0.0026 4.014 normal 0.9785553133153168 140.41324164306985
0.304 0.022 0.6883333333333332 7.42e-05 0.0027 4.014 normal 0.9789398652264014 162.61099215904449
0.304 0.022 0.6883333333333332 7.42e-05 0.0028 4.014 normal 0.9795643746009196 187.91152609374421
0.304 0.022 0.6883333333333332 7.42e-05 0.00265 4.014 normal 0.9787526657283964 150.24025577325068
0.304 0.022 0.6883333333333332 7.42e-05 0.0029000000000000002 4.014 normal 0.9802784881536333 216.00950783642955
0.304 0.022 0.6883333333333332 7.42e-05 0.00275 4.014 normal 0.9791790409345756 175.59116931876812
0.304 0.022 0.6883333333333332 7.42e-05 0.00285 4.014 normal 0.979940900907507 199.7242950496409
0.304 0.022 0.6883333333333332 7.42e-05 0.00295 4.014 normal 0.9805404101017783 234.0874813532065
0.304 0.022 0.6883333333333332 7.42e-05 0.003 4.014 normal 0.98076891479075 253.3826419856121
0.304 0.022 0.705 7.42e-05 0.0021 4.014 normal 0.969962596434464 333.2737992308523
0.304 0.022 0.705 7.42e-05 0.00205 4.014 normal 0.9694328819231669 366.21311220082083
0.304 0.022 0.705 7.42e-05 0.0022500000000000003 4.014 normal 0.9714331063161007 262.01161130513174
0.304 0.022 0.705 7.42e-05 0.002 4.014 normal 0.969158803644441 401.46647506332835
0.304 0.022 0.705 7.42e-05 0.00215 4.014 normal 0.9705868444743689 304.94786983031526
0.304 0.022 0.705 7.42e-05 0.0022 4.014 normal 0.971172071431128 281.05682332854485
0.304 0.022 0.705 7.42e-05 0.0023 4.014 normal 0.9716557349150349 243.81210020617857
0.304 0.022 0.705 7.42e-05 0.00235 4.014 normal 0.9718171992215382 229.02783028333147
0.304 0.022 0.705 7.42e-05 0.0025 4.014 normal 0.9730205455136226 195.92015740007835
0.304 0.022 0.705 7.42e-05 0.00275 4.014 normal 0.9744993839448548 232.6720014793733
0.304 0.022 0.705 7.42e-05 0.0026 4.014 normal 0.9739025614663511 199.4758582478882
0.304 0.022 0.705 7.42e-05 0.00265 4.014 normal 0.9740790363223215 208.77426786035124
0.304 0.022 0.705 7.42e-05 0.0027 4.014 normal 0.9742612814289753 220.44410514021882
0.304 0.022 0.705 7.42e-05 0.00255 4.014 normal 0.9735435100845236 195.15123770922438
0.304 0.022 0.705 7.42e-05 0.00245 4.014 normal 0.9724982415002479 202.8133131651189
0.304 0.022 0.705 7.42e-05 0.0024000000000000002 4.014 normal 0.9720753734956005 214.71801977635818
0.304 0.022 0.705 7.42e-05 0.00295 4.014 normal 0.9758156003747875 287.2500483663172
0.304 0.022 0.705 7.42e-05 0.0029000000000000002 4.014 normal 0.9755601296382085 269.8920717052595
0.304 0.022 0.705 7.42e-05 0.00285 4.014 normal 0.9752336549171907 254.50173871890277
0.304 0.022 0.705 7.42e-05 0.003 4.014 normal 0.9760193583354138 306.0356602991472
0.304 0.022 0.705 7.42e-05 0.0028 4.014 normal 0.9748737264723576 243.85923793208082
