Sin2Theta12 Sin2Theta13 Sin2Theta23 Dm221 Dm231 dCP Ordering X2 
0.304 0.022 0.305 7.42e-05 0.002 4.014 normal 490.96958447660575
0.304 0.022 0.305 7.42e-05 0.0022 4.014 normal 356.87033902273384
0.304 0.022 0.305 7.42e-05 0.0021 4.014 normal 418.35965810981725
0.304 0.022 0.305 7.42e-05 0.00215 4.014 normal 385.358416274039
0.304 0.022 0.305 7.42e-05 0.0022500000000000003 4.014 normal 336.3015612161413
0.304 0.022 0.305 7.42e-05 0.00205 4.014 normal 454.7933251291848
0.304 0.022 0.305 7.42e-05 0.00235 4.014 normal 302.22780290663565
0.304 0.022 0.305 7.42e-05 0.0023 4.014 normal 317.84683320544883
0.304 0.022 0.305 7.42e-05 0.0025 4.014 normal 258.30459522010904
0.304 0.022 0.305 7.42e-05 0.0024000000000000002 4.014 normal 285.47136780751185
0.304 0.022 0.305 7.42e-05 0.0027 4.014 normal 280.2396638538071
0.304 0.022 0.305 7.42e-05 0.00275 4.014 normal 292.44702336076114
0.304 0.022 0.305 7.42e-05 0.00245 4.014 normal 269.94426523023816
0.304 0.022 0.305 7.42e-05 0.00265 4.014 normal 267.90723529081714
0.304 0.022 0.305 7.42e-05 0.00255 4.014 normal 254.99293577539015
0.304 0.022 0.305 7.42e-05 0.0026 4.014 normal 257.6544303147156
0.304 0.022 0.305 7.42e-05 0.00295 4.014 normal 341.83598802564126
0.304 0.022 0.305 7.42e-05 0.0029000000000000002 4.014 normal 326.52899215524053
0.304 0.022 0.32166666666666666 7.42e-05 0.002 4.014 normal 407.69137866105353
0.304 0.022 0.32166666666666666 7.42e-05 0.0021 4.014 normal 333.48690940261133
0.304 0.022 0.305 7.42e-05 0.0028 4.014 normal 303.0658820135666
0.304 0.022 0.305 7.42e-05 0.00285 4.014 normal 313.28396710600066
0.304 0.022 0.32166666666666666 7.42e-05 0.00205 4.014 normal 370.38610398548343
0.304 0.022 0.305 7.42e-05 0.003 4.014 normal 358.8584109754512
0.304 0.022 0.32166666666666666 7.42e-05 0.00215 4.014 normal 301.11150091852437
0.304 0.022 0.32166666666666666 7.42e-05 0.00235 4.014 normal 216.33834000881996
0.304 0.022 0.32166666666666666 7.42e-05 0.0022500000000000003 4.014 normal 252.1266514669482
0.304 0.022 0.32166666666666666 7.42e-05 0.0024000000000000002 4.014 normal 199.39707042057822
0.304 0.022 0.32166666666666666 7.42e-05 0.0025 4.014 normal 174.0792643903549
0.304 0.022 0.32166666666666666 7.42e-05 0.0022 4.014 normal 273.07585604577054
0.304 0.022 0.32166666666666666 7.42e-05 0.0023 4.014 normal 232.8175351321062
0.304 0.022 0.32166666666666666 7.42e-05 0.00245 4.014 normal 184.60493279320306
0.304 0.022 0.32166666666666666 7.42e-05 0.00275 4.014 normal 212.62273949245548
0.304 0.022 0.32166666666666666 7.42e-05 0.0027 4.014 normal 199.36480779993457
0.304 0.022 0.32166666666666666 7.42e-05 0.00285 4.014 normal 236.42241531798132
0.304 0.022 0.32166666666666666 7.42e-05 0.0026 4.014 normal 175.8272165304063
0.304 0.022 0.32166666666666666 7.42e-05 0.0028 4.014 normal 224.56758193176987
0.304 0.022 0.32166666666666666 7.42e-05 0.00265 4.014 normal 186.54622277612432
0.304 0.022 0.32166666666666666 7.42e-05 0.0029000000000000002 4.014 normal 250.7569303080336
0.304 0.022 0.32166666666666666 7.42e-05 0.00255 4.014 normal 171.95974405096217
0.304 0.022 0.32166666666666666 7.42e-05 0.003 4.014 normal 284.98853468710075
0.304 0.022 0.3383333333333333 7.42e-05 0.00215 4.014 normal 239.21778606014766
0.304 0.022 0.3383333333333333 7.42e-05 0.002 4.014 normal 346.58936821333043
0.304 0.022 0.3383333333333333 7.42e-05 0.0021 4.014 normal 271.4947601455614
0.304 0.022 0.3383333333333333 7.42e-05 0.00205 4.014 normal 308.2109083899814
0.304 0.022 0.32166666666666666 7.42e-05 0.00295 4.014 normal 267.1426669672161
0.304 0.022 0.3383333333333333 7.42e-05 0.0022 4.014 normal 211.9353896346304
0.304 0.022 0.3383333333333333 7.42e-05 0.0022500000000000003 4.014 normal 190.6381024858446
0.304 0.022 0.3383333333333333 7.42e-05 0.0025 4.014 normal 112.88434926637062
0.304 0.022 0.3383333333333333 7.42e-05 0.0026 4.014 normal 117.00939108049826
0.304 0.022 0.3383333333333333 7.42e-05 0.00255 4.014 normal 111.95759188432307
0.304 0.022 0.3383333333333333 7.42e-05 0.00245 4.014 normal 122.1991492481735
0.304 0.022 0.3383333333333333 7.42e-05 0.0024000000000000002 4.014 normal 136.458773127307
0.304 0.022 0.3383333333333333 7.42e-05 0.00265 4.014 normal 128.22227393900144
0.304 0.022 0.3383333333333333 7.42e-05 0.0023 4.014 normal 170.71393308874326
0.304 0.022 0.3383333333333333 7.42e-05 0.00235 4.014 normal 153.50110310732785
0.304 0.022 0.3383333333333333 7.42e-05 0.003 4.014 normal 233.92463986727395
0.304 0.022 0.355 7.42e-05 0.002 4.014 normal 303.6717775050659
0.304 0.022 0.3383333333333333 7.42e-05 0.0029000000000000002 4.014 normal 198.0080164090511
0.304 0.022 0.3383333333333333 7.42e-05 0.0027 4.014 normal 141.51966397543407
0.304 0.022 0.3383333333333333 7.42e-05 0.00275 4.014 normal 155.75739336993996
0.304 0.022 0.3383333333333333 7.42e-05 0.0028 4.014 normal 169.08603066484798
0.304 0.022 0.3383333333333333 7.42e-05 0.00295 4.014 normal 215.251051501457
0.304 0.022 0.3383333333333333 7.42e-05 0.00285 4.014 normal 182.37344554775643
0.304 0.022 0.355 7.42e-05 0.0021 4.014 normal 227.3336696165523
0.304 0.022 0.355 7.42e-05 0.0024000000000000002 4.014 normal 92.18081076840664
0.304 0.022 0.355 7.42e-05 0.00215 4.014 normal 195.71515373482634
0.304 0.022 0.355 7.42e-05 0.0022500000000000003 4.014 normal 147.578397592172
0.304 0.022 0.355 7.42e-05 0.0022 4.014 normal 169.25099148975843
0.304 0.022 0.355 7.42e-05 0.00235 4.014 normal 109.29372768048262
0.304 0.022 0.355 7.42e-05 0.0023 4.014 normal 127.10323918635413
0.304 0.022 0.355 7.42e-05 0.00205 4.014 normal 264.36089268661567
0.304 0.022 0.355 7.42e-05 0.00255 4.014 normal 70.62716259302502
0.304 0.022 0.355 7.42e-05 0.0028 4.014 normal 132.15806984648916
0.304 0.022 0.355 7.42e-05 0.00265 4.014 normal 88.43232417764054
0.304 0.022 0.355 7.42e-05 0.0026 4.014 normal 76.77076075116926
0.304 0.022 0.355 7.42e-05 0.00245 4.014 normal 78.51169243337033
0.304 0.022 0.355 7.42e-05 0.0025 4.014 normal 70.40039953562788
0.304 0.022 0.355 7.42e-05 0.00275 4.014 normal 117.47284452121517
0.304 0.022 0.355 7.42e-05 0.0027 4.014 normal 102.34413676809838
0.304 0.022 0.37166666666666665 7.42e-05 0.00205 4.014 normal 235.015719609987
0.304 0.022 0.37166666666666665 7.42e-05 0.002 4.014 normal 275.0542528753408
0.304 0.022 0.37166666666666665 7.42e-05 0.00215 4.014 normal 166.8150742152224
0.304 0.022 0.355 7.42e-05 0.0029000000000000002 4.014 normal 163.56769511482005
0.304 0.022 0.355 7.42e-05 0.003 4.014 normal 201.118129492166
0.304 0.022 0.355 7.42e-05 0.00295 4.014 normal 181.80323612346953
0.304 0.022 0.37166666666666665 7.42e-05 0.0021 4.014 normal 197.90491203995455
0.304 0.022 0.355 7.42e-05 0.00285 4.014 normal 146.83574773641848
0.304 0.022 0.37166666666666665 7.42e-05 0.0022 4.014 normal 140.94103162138518
0.304 0.022 0.37166666666666665 7.42e-05 0.0025 4.014 normal 42.63496429477062
0.304 0.022 0.37166666666666665 7.42e-05 0.00245 4.014 normal 49.59188528792768
0.304 0.022 0.37166666666666665 7.42e-05 0.00235 4.014 normal 79.88034877403722
0.304 0.022 0.37166666666666665 7.42e-05 0.0024000000000000002 4.014 normal 62.729047051301684
0.304 0.022 0.37166666666666665 7.42e-05 0.00255 4.014 normal 43.96359001411753
0.304 0.022 0.37166666666666665 7.42e-05 0.0023 4.014 normal 98.2301815314926
0.304 0.022 0.37166666666666665 7.42e-05 0.0022500000000000003 4.014 normal 119.08508061025252
0.304 0.022 0.37166666666666665 7.42e-05 0.00295 4.014 normal 162.55992877102108
0.304 0.022 0.37166666666666665 7.42e-05 0.00275 4.014 normal 93.66335071009028
0.304 0.022 0.37166666666666665 7.42e-05 0.0027 4.014 normal 77.71857900141715
0.304 0.022 0.37166666666666665 7.42e-05 0.0026 4.014 normal 51.16668677334783
0.304 0.022 0.37166666666666665 7.42e-05 0.00285 4.014 normal 125.6286833372629
0.304 0.022 0.37166666666666665 7.42e-05 0.0028 4.014 normal 109.6116401724219
0.304 0.022 0.37166666666666665 7.42e-05 0.00265 4.014 normal 63.29540983529652
0.304 0.022 0.37166666666666665 7.42e-05 0.0029000000000000002 4.014 normal 143.36373549902808
0.304 0.022 0.3883333333333333 7.42e-05 0.00205 4.014 normal 216.6682579000652
0.304 0.022 0.3883333333333333 7.42e-05 0.0022500000000000003 4.014 normal 101.61717054927601
0.304 0.022 0.3883333333333333 7.42e-05 0.002 4.014 normal 257.3263802292063
0.304 0.022 0.3883333333333333 7.42e-05 0.0023 4.014 normal 80.42754511093095
0.304 0.022 0.3883333333333333 7.42e-05 0.0022 4.014 normal 123.59772545740394
0.304 0.022 0.3883333333333333 7.42e-05 0.00215 4.014 normal 148.94316466121393
0.304 0.022 0.3883333333333333 7.42e-05 0.0021 4.014 normal 179.3764914308761
0.304 0.022 0.37166666666666665 7.42e-05 0.003 4.014 normal 182.4865874823905
0.304 0.022 0.3883333333333333 7.42e-05 0.0024000000000000002 4.014 normal 44.49383368431783
0.304 0.022 0.3883333333333333 7.42e-05 0.0025 4.014 normal 26.05832087472832
0.304 0.022 0.3883333333333333 7.42e-05 0.00235 4.014 normal 61.59026439590259
0.304 0.022 0.3883333333333333 7.42e-05 0.00255 4.014 normal 28.36347347799457
0.304 0.022 0.3883333333333333 7.42e-05 0.00245 4.014 normal 31.893143805940486
0.304 0.022 0.3883333333333333 7.42e-05 0.00265 4.014 normal 49.1129149585774
0.304 0.022 0.3883333333333333 7.42e-05 0.0026 4.014 normal 36.546186721331246
0.304 0.022 0.3883333333333333 7.42e-05 0.0027 4.014 normal 63.99777007698379
0.304 0.022 0.3883333333333333 7.42e-05 0.0028 4.014 normal 97.78463979329165
0.304 0.022 0.405 7.42e-05 0.002 4.014 normal 247.44590377795748
0.304 0.022 0.3883333333333333 7.42e-05 0.003 4.014 normal 174.51275606261103
0.304 0.022 0.3883333333333333 7.42e-05 0.00275 4.014 normal 80.67060150734581
0.304 0.022 0.3883333333333333 7.42e-05 0.00285 4.014 normal 115.0085540080608
0.304 0.022 0.405 7.42e-05 0.00205 4.014 normal 206.25634569308934
0.304 0.022 0.3883333333333333 7.42e-05 0.0029000000000000002 4.014 normal 133.81430711587885
0.304 0.022 0.3883333333333333 7.42e-05 0.00295 4.014 normal 153.7355698892928
0.304 0.022 0.405 7.42e-05 0.00215 4.014 normal 138.9995868999787
0.304 0.022 0.405 7.42e-05 0.0022 4.014 normal 114.18565305382063
0.304 0.022 0.405 7.42e-05 0.00245 4.014 normal 22.302746377654003
0.304 0.022 0.405 7.42e-05 0.0023 4.014 normal 70.70422466136017
0.304 0.022 0.405 7.42e-05 0.00235 4.014 normal 51.49967058715526
0.304 0.022 0.405 7.42e-05 0.0021 4.014 normal 169.0234893787868
0.304 0.022 0.405 7.42e-05 0.0024000000000000002 4.014 normal 34.40798828642451
0.304 0.022 0.405 7.42e-05 0.0022500000000000003 4.014 normal 92.07559691749944
0.304 0.022 0.405 7.42e-05 0.00255 4.014 normal 20.715024053965376
0.304 0.022 0.405 7.42e-05 0.0026 4.014 normal 29.748312194089056
0.304 0.022 0.405 7.42e-05 0.0028 4.014 normal 93.45076966240448
0.304 0.022 0.405 7.42e-05 0.00275 4.014 normal 75.27902621670027
0.304 0.022 0.405 7.42e-05 0.00265 4.014 normal 42.67759915790342
0.304 0.022 0.405 7.42e-05 0.0025 4.014 normal 17.4318512103904
0.304 0.022 0.405 7.42e-05 0.00285 4.014 normal 111.73430166582855
0.304 0.022 0.405 7.42e-05 0.0027 4.014 normal 58.000928145562824
0.304 0.022 0.42166666666666663 7.42e-05 0.00205 4.014 normal 201.22201685247416
0.304 0.022 0.405 7.42e-05 0.00295 4.014 normal 152.03058928809335
0.304 0.022 0.42166666666666663 7.42e-05 0.0022 4.014 normal 110.05105623565076
0.304 0.022 0.42166666666666663 7.42e-05 0.002 4.014 normal 242.90460673128365
0.304 0.022 0.42166666666666663 7.42e-05 0.0021 4.014 normal 164.0576646371467
0.304 0.022 0.405 7.42e-05 0.0029000000000000002 4.014 normal 131.4719025626739
0.304 0.022 0.405 7.42e-05 0.003 4.014 normal 173.78476163163478
0.304 0.022 0.42166666666666663 7.42e-05 0.00215 4.014 normal 134.39783807408185
0.304 0.022 0.42166666666666663 7.42e-05 0.0024000000000000002 4.014 normal 29.752306106820818
0.304 0.022 0.42166666666666663 7.42e-05 0.0022500000000000003 4.014 normal 87.82886647564236
0.304 0.022 0.42166666666666663 7.42e-05 0.0026 4.014 normal 27.971060635410545
0.304 0.022 0.42166666666666663 7.42e-05 0.0023 4.014 normal 66.31978958369064
0.304 0.022 0.42166666666666663 7.42e-05 0.0025 4.014 normal 14.041708615340552
0.304 0.022 0.42166666666666663 7.42e-05 0.00245 4.014 normal 18.098941802532764
0.304 0.022 0.42166666666666663 7.42e-05 0.00255 4.014 normal 18.161130848816295
0.304 0.022 0.42166666666666663 7.42e-05 0.00235 4.014 normal 46.830909046152826
0.304 0.022 0.42166666666666663 7.42e-05 0.00285 4.014 normal 112.98013880689112
0.304 0.022 0.42166666666666663 7.42e-05 0.003 4.014 normal 176.90292714677804
0.304 0.022 0.42166666666666663 7.42e-05 0.0028 4.014 normal 93.8024588307785
0.304 0.022 0.42166666666666663 7.42e-05 0.0029000000000000002 4.014 normal 133.4798354062976
0.304 0.022 0.42166666666666663 7.42e-05 0.00295 4.014 normal 154.59060052243686
0.304 0.022 0.42166666666666663 7.42e-05 0.0027 4.014 normal 56.90127023854298
0.304 0.022 0.42166666666666663 7.42e-05 0.00265 4.014 normal 41.21031574183414
0.304 0.022 0.42166666666666663 7.42e-05 0.00275 4.014 normal 74.6834457208867
0.304 0.022 0.43833333333333335 7.42e-05 0.002 4.014 normal 241.4504940887044
0.304 0.022 0.43833333333333335 7.42e-05 0.0022 4.014 normal 108.99217195555474
0.304 0.022 0.43833333333333335 7.42e-05 0.0021 4.014 normal 162.2944612426786
0.304 0.022 0.43833333333333335 7.42e-05 0.0022500000000000003 4.014 normal 86.67218465872584
0.304 0.022 0.43833333333333335 7.42e-05 0.0023 4.014 normal 65.0571685886835
0.304 0.022 0.43833333333333335 7.42e-05 0.00235 4.014 normal 45.34391665606086
0.304 0.022 0.43833333333333335 7.42e-05 0.00205 4.014 normal 199.3950245824462
0.304 0.022 0.43833333333333335 7.42e-05 0.00215 4.014 normal 132.92232569291585
0.304 0.022 0.43833333333333335 7.42e-05 0.0026 4.014 normal 28.901347774405856
0.304 0.022 0.43833333333333335 7.42e-05 0.00275 4.014 normal 76.60959817429908
0.304 0.022 0.43833333333333335 7.42e-05 0.0024000000000000002 4.014 normal 28.302196540329422
0.304 0.022 0.43833333333333335 7.42e-05 0.00255 4.014 normal 18.46048070472621
0.304 0.022 0.43833333333333335 7.42e-05 0.0025 4.014 normal 13.63434036862582
0.304 0.022 0.43833333333333335 7.42e-05 0.0027 4.014 normal 58.39150848627696
0.304 0.022 0.43833333333333335 7.42e-05 0.00245 4.014 normal 17.037492154057045
0.304 0.022 0.43833333333333335 7.42e-05 0.00265 4.014 normal 42.403002971728135
0.304 0.022 0.43833333333333335 7.42e-05 0.00295 4.014 normal 159.08552237408998
0.304 0.022 0.43833333333333335 7.42e-05 0.0028 4.014 normal 96.4458148164694
0.304 0.022 0.45499999999999996 7.42e-05 0.002 4.014 normal 241.40814905824598
0.304 0.022 0.45499999999999996 7.42e-05 0.00205 4.014 normal 199.06369468951948
0.304 0.022 0.43833333333333335 7.42e-05 0.003 4.014 normal 181.88766705689682
0.304 0.022 0.45499999999999996 7.42e-05 0.0021 4.014 normal 162.00628263455135
0.304 0.022 0.43833333333333335 7.42e-05 0.0029000000000000002 4.014 normal 137.48043346759383
0.304 0.022 0.43833333333333335 7.42e-05 0.00285 4.014 normal 116.3574268872033
0.304 0.022 0.45499999999999996 7.42e-05 0.0022500000000000003 4.014 normal 86.80976407132482
0.304 0.022 0.45499999999999996 7.42e-05 0.00215 4.014 normal 132.85552092743262
0.304 0.022 0.45499999999999996 7.42e-05 0.0025 4.014 normal 14.391813109003666
0.304 0.022 0.45499999999999996 7.42e-05 0.0022 4.014 normal 109.22347167440097
0.304 0.022 0.45499999999999996 7.42e-05 0.00235 4.014 normal 45.26878966525152
0.304 0.022 0.45499999999999996 7.42e-05 0.00245 4.014 normal 17.323618795218007
0.304 0.022 0.45499999999999996 7.42e-05 0.0024000000000000002 4.014 normal 28.241945177234793
0.304 0.022 0.45499999999999996 7.42e-05 0.0023 4.014 normal 65.1288966113592
0.304 0.022 0.45499999999999996 7.42e-05 0.0026 4.014 normal 30.66948692463949
0.304 0.022 0.45499999999999996 7.42e-05 0.0027 4.014 normal 60.60999343634455
0.304 0.022 0.45499999999999996 7.42e-05 0.00285 4.014 normal 119.97300890980196
0.304 0.022 0.45499999999999996 7.42e-05 0.00255 4.014 normal 19.732386323022588
0.304 0.022 0.45499999999999996 7.42e-05 0.00265 4.014 normal 44.37884662420521
0.304 0.022 0.45499999999999996 7.42e-05 0.0028 4.014 normal 99.52693409907079
0.304 0.022 0.45499999999999996 7.42e-05 0.00275 4.014 normal 79.1231074478463
0.304 0.022 0.45499999999999996 7.42e-05 0.0029000000000000002 4.014 normal 141.57204664289372
0.304 0.022 0.4716666666666667 7.42e-05 0.00205 4.014 normal 198.95339141042714
0.304 0.022 0.45499999999999996 7.42e-05 0.003 4.014 normal 186.80105181565472
0.304 0.022 0.4716666666666667 7.42e-05 0.00215 4.014 normal 132.84330374249848
0.304 0.022 0.45499999999999996 7.42e-05 0.00295 4.014 normal 163.56792629800768
0.304 0.022 0.4716666666666667 7.42e-05 0.0022500000000000003 4.014 normal 86.93038735805246
0.304 0.022 0.4716666666666667 7.42e-05 0.0021 4.014 normal 161.91412179874663
0.304 0.022 0.4716666666666667 7.42e-05 0.002 4.014 normal 241.5229209875584
0.304 0.022 0.4716666666666667 7.42e-05 0.0022 4.014 normal 109.41062258107483
0.304 0.022 0.4716666666666667 7.42e-05 0.0023 4.014 normal 65.2129961391805
0.304 0.022 0.4716666666666667 7.42e-05 0.0024000000000000002 4.014 normal 28.283808637193605
0.304 0.022 0.4716666666666667 7.42e-05 0.0026 4.014 normal 31.913004527028633
0.304 0.022 0.4716666666666667 7.42e-05 0.00265 4.014 normal 45.744879053898146
0.304 0.022 0.4716666666666667 7.42e-05 0.0025 4.014 normal 14.96878416042208
0.304 0.022 0.4716666666666667 7.42e-05 0.00235 4.014 normal 45.26368613666327
0.304 0.022 0.4716666666666667 7.42e-05 0.00245 4.014 normal 17.563173916618876
0.304 0.022 0.4716666666666667 7.42e-05 0.00255 4.014 normal 20.646687783380365
0.304 0.022 0.4716666666666667 7.42e-05 0.00275 4.014 normal 80.85665737602142
0.304 0.022 0.4716666666666667 7.42e-05 0.003 4.014 normal 190.20935126520394
0.304 0.022 0.4883333333333333 7.42e-05 0.002 4.014 normal 240.9988776358395
0.304 0.022 0.4716666666666667 7.42e-05 0.0027 4.014 normal 62.126833702251325
0.304 0.022 0.4716666666666667 7.42e-05 0.00285 4.014 normal 122.44252807508263
0.304 0.022 0.4716666666666667 7.42e-05 0.0029000000000000002 4.014 normal 144.34669030010642
0.304 0.022 0.4716666666666667 7.42e-05 0.00295 4.014 normal 166.61603425580617
0.304 0.022 0.4716666666666667 7.42e-05 0.0028 4.014 normal 101.57204349750647
0.304 0.022 0.4883333333333333 7.42e-05 0.00205 4.014 normal 198.29676782900492
0.304 0.022 0.4883333333333333 7.42e-05 0.0023 4.014 normal 64.47678583473369
0.304 0.022 0.4883333333333333 7.42e-05 0.0022 4.014 normal 108.72298317037122
0.304 0.022 0.4883333333333333 7.42e-05 0.00215 4.014 normal 132.1346492346694
0.304 0.022 0.4883333333333333 7.42e-05 0.0021 4.014 normal 161.23669749729777
0.304 0.022 0.4883333333333333 7.42e-05 0.0022500000000000003 4.014 normal 86.22062998974904
0.304 0.022 0.4883333333333333 7.42e-05 0.0024000000000000002 4.014 normal 27.560297913736584
0.304 0.022 0.4883333333333333 7.42e-05 0.00235 4.014 normal 44.4976455188594
0.304 0.022 0.4883333333333333 7.42e-05 0.00245 4.014 normal 16.920935422683442
0.304 0.022 0.4883333333333333 7.42e-05 0.00255 4.014 normal 20.325744986939547
0.304 0.022 0.4883333333333333 7.42e-05 0.00265 4.014 normal 45.62875378723801
0.304 0.022 0.4883333333333333 7.42e-05 0.0026 4.014 normal 31.738133148937244
0.304 0.022 0.4883333333333333 7.42e-05 0.0027 4.014 normal 62.08766059524907
0.304 0.022 0.4883333333333333 7.42e-05 0.0028 4.014 normal 101.75317004181295
0.304 0.022 0.4883333333333333 7.42e-05 0.00275 4.014 normal 80.8895662915848
0.304 0.022 0.4883333333333333 7.42e-05 0.0025 4.014 normal 14.496080973384423
0.304 0.022 0.505 7.42e-05 0.00215 4.014 normal 130.30519867447344
0.304 0.022 0.4883333333333333 7.42e-05 0.003 4.014 normal 191.1343571658322
0.304 0.022 0.505 7.42e-05 0.002 4.014 normal 239.5115458850187
0.304 0.022 0.4883333333333333 7.42e-05 0.00285 4.014 normal 122.79412826376053
0.304 0.022 0.4883333333333333 7.42e-05 0.00295 4.014 normal 167.36324806037453
0.304 0.022 0.505 7.42e-05 0.0021 4.014 normal 159.5865516036026
0.304 0.022 0.505 7.42e-05 0.00205 4.014 normal 196.71856952069808
0.304 0.022 0.4883333333333333 7.42e-05 0.0029000000000000002 4.014 normal 144.8903739933609
0.304 0.022 0.505 7.42e-05 0.0023 4.014 normal 62.55924882517667
0.304 0.022 0.505 7.42e-05 0.0022500000000000003 4.014 normal 84.32137991984557
0.304 0.022 0.505 7.42e-05 0.00235 4.014 normal 42.59936951837513
0.304 0.022 0.505 7.42e-05 0.00255 4.014 normal 18.385023373065245
0.304 0.022 0.505 7.42e-05 0.0025 4.014 normal 12.470093560653089
0.304 0.022 0.505 7.42e-05 0.0022 4.014 normal 106.80632676368846
0.304 0.022 0.505 7.42e-05 0.0024000000000000002 4.014 normal 25.68797222622928
0.304 0.022 0.505 7.42e-05 0.00245 4.014 normal 15.021277449363101
0.304 0.022 0.505 7.42e-05 0.00295 4.014 normal 165.3275760792483
0.304 0.022 0.505 7.42e-05 0.0029000000000000002 4.014 normal 142.7843907635806
0.304 0.022 0.505 7.42e-05 0.00285 4.014 normal 120.63440951604946
0.304 0.022 0.505 7.42e-05 0.0027 4.014 normal 60.07011167910991
0.304 0.022 0.505 7.42e-05 0.00275 4.014 normal 78.80757068256288
0.304 0.022 0.505 7.42e-05 0.0026 4.014 normal 29.750391442438595
0.304 0.022 0.505 7.42e-05 0.0028 4.014 normal 99.62514302816356
0.304 0.022 0.505 7.42e-05 0.00265 4.014 normal 43.62673374163405
0.304 0.022 0.5216666666666667 7.42e-05 0.00205 4.014 normal 194.43262670294214
0.304 0.022 0.5216666666666667 7.42e-05 0.00215 4.014 normal 127.56171464854681
0.304 0.022 0.5216666666666667 7.42e-05 0.0021 4.014 normal 157.11139109478802
0.304 0.022 0.5216666666666667 7.42e-05 0.002 4.014 normal 237.21850474541432
0.304 0.022 0.5216666666666667 7.42e-05 0.0022 4.014 normal 103.82350726194139
0.304 0.022 0.505 7.42e-05 0.003 4.014 normal 189.14743605621754
0.304 0.022 0.5216666666666667 7.42e-05 0.0022500000000000003 4.014 normal 81.35282973180259
0.304 0.022 0.5216666666666667 7.42e-05 0.0023 4.014 normal 59.58295042707653
0.304 0.022 0.5216666666666667 7.42e-05 0.0027 4.014 normal 56.171335050884686
0.304 0.022 0.5216666666666667 7.42e-05 0.00255 4.014 normal 14.920557548756959
0.304 0.022 0.5216666666666667 7.42e-05 0.00235 4.014 normal 39.68823301815708
0.304 0.022 0.5216666666666667 7.42e-05 0.00245 4.014 normal 11.996524235264754
0.304 0.022 0.5216666666666667 7.42e-05 0.0026 4.014 normal 26.05444280245103
0.304 0.022 0.5216666666666667 7.42e-05 0.0025 4.014 normal 9.244412852687363
0.304 0.022 0.5216666666666667 7.42e-05 0.0024000000000000002 4.014 normal 22.77911950716498
0.304 0.022 0.5216666666666667 7.42e-05 0.00265 4.014 normal 39.84239394694204
0.304 0.022 0.5383333333333333 7.42e-05 0.002 4.014 normal 234.74003087739544
0.304 0.022 0.5216666666666667 7.42e-05 0.0029000000000000002 4.014 normal 138.11431870104346
0.304 0.022 0.5216666666666667 7.42e-05 0.0028 4.014 normal 95.31945302184614
0.304 0.022 0.5383333333333333 7.42e-05 0.00205 4.014 normal 191.9963194802213
0.304 0.022 0.5216666666666667 7.42e-05 0.00275 4.014 normal 74.72509838281333
0.304 0.022 0.5216666666666667 7.42e-05 0.00295 4.014 normal 160.6010481608485
0.304 0.022 0.5216666666666667 7.42e-05 0.003 4.014 normal 184.3417921853375
0.304 0.022 0.5216666666666667 7.42e-05 0.00285 4.014 normal 116.05065806910046
0.304 0.022 0.5383333333333333 7.42e-05 0.0023 4.014 normal 56.142606831101
0.304 0.022 0.5383333333333333 7.42e-05 0.0022500000000000003 4.014 normal 77.93116208338762
0.304 0.022 0.5383333333333333 7.42e-05 0.0021 4.014 normal 154.44391347813902
0.304 0.022 0.5383333333333333 7.42e-05 0.0024000000000000002 4.014 normal 19.446199052921493
0.304 0.022 0.5383333333333333 7.42e-05 0.00215 4.014 normal 124.50846171813441
0.304 0.022 0.5383333333333333 7.42e-05 0.00245 4.014 normal 8.435656675011257
0.304 0.022 0.5383333333333333 7.42e-05 0.0022 4.014 normal 100.42378977821595
0.304 0.022 0.5383333333333333 7.42e-05 0.00235 4.014 normal 36.14969497193493
0.304 0.022 0.5383333333333333 7.42e-05 0.0027 4.014 normal 50.99436100576759
0.304 0.022 0.5383333333333333 7.42e-05 0.00275 4.014 normal 69.2348614565289
0.304 0.022 0.5383333333333333 7.42e-05 0.00265 4.014 normal 34.84050442528947
0.304 0.022 0.5383333333333333 7.42e-05 0.0028 4.014 normal 89.35624610527684
0.304 0.022 0.5383333333333333 7.42e-05 0.0025 4.014 normal 5.284399614823725
0.304 0.022 0.5383333333333333 7.42e-05 0.0026 4.014 normal 21.250390900962124
0.304 0.022 0.5383333333333333 7.42e-05 0.00285 4.014 normal 109.65009821444421
0.304 0.022 0.5383333333333333 7.42e-05 0.00255 4.014 normal 10.528688976306874
0.304 0.022 0.5549999999999999 7.42e-05 0.002 4.014 normal 233.18006002318677
0.304 0.022 0.5549999999999999 7.42e-05 0.00205 4.014 normal 190.51178912877452
0.304 0.022 0.5383333333333333 7.42e-05 0.0029000000000000002 4.014 normal 131.44212527401817
0.304 0.022 0.5549999999999999 7.42e-05 0.0022 4.014 normal 97.65048671487502
0.304 0.022 0.5549999999999999 7.42e-05 0.00215 4.014 normal 122.26314703578349
0.304 0.022 0.5383333333333333 7.42e-05 0.003 4.014 normal 177.3033120937937
0.304 0.022 0.5549999999999999 7.42e-05 0.0021 4.014 normal 152.83075435424377
0.304 0.022 0.5383333333333333 7.42e-05 0.00295 4.014 normal 153.7457502481157
0.304 0.022 0.5549999999999999 7.42e-05 0.00235 4.014 normal 33.539133075604596
0.304 0.022 0.5549999999999999 7.42e-05 0.0022500000000000003 4.014 normal 75.15871597314272
0.304 0.022 0.5549999999999999 7.42e-05 0.0025 4.014 normal 1.6798377703511838
0.304 0.022 0.5549999999999999 7.42e-05 0.0024000000000000002 4.014 normal 16.81231692512478
0.304 0.022 0.5549999999999999 7.42e-05 0.00255 4.014 normal 6.28292428969234
0.304 0.022 0.5549999999999999 7.42e-05 0.0026 4.014 normal 16.429277108719432
0.304 0.022 0.5549999999999999 7.42e-05 0.00245 4.014 normal 5.415094736087244
0.304 0.022 0.5549999999999999 7.42e-05 0.0023 4.014 normal 53.383030491529006
0.304 0.022 0.5549999999999999 7.42e-05 0.00275 4.014 normal 63.43346656292386
0.304 0.022 0.5549999999999999 7.42e-05 0.0029000000000000002 4.014 normal 123.88442895765317
0.304 0.022 0.5549999999999999 7.42e-05 0.00295 4.014 normal 145.86451077796391
0.304 0.022 0.5549999999999999 7.42e-05 0.003 4.014 normal 169.07184446517704
0.304 0.022 0.5549999999999999 7.42e-05 0.0028 4.014 normal 82.85988663893133
0.304 0.022 0.5549999999999999 7.42e-05 0.0027 4.014 normal 45.63623133459126
0.304 0.022 0.5549999999999999 7.42e-05 0.00285 4.014 normal 102.50681138751838
0.304 0.022 0.5549999999999999 7.42e-05 0.00265 4.014 normal 29.474142112553043
0.304 0.022 0.5716666666666667 7.42e-05 0.0022500000000000003 4.014 normal 74.58634435852292
0.304 0.022 0.5716666666666667 7.42e-05 0.002 4.014 normal 234.09014977575
0.304 0.022 0.5716666666666667 7.42e-05 0.0022 4.014 normal 97.04599343919129
0.304 0.022 0.5716666666666667 7.42e-05 0.00235 4.014 normal 33.17658042005686
0.304 0.022 0.5716666666666667 7.42e-05 0.00215 4.014 normal 122.36844603566502
0.304 0.022 0.5716666666666667 7.42e-05 0.0023 4.014 normal 52.83744344816988
0.304 0.022 0.5716666666666667 7.42e-05 0.0021 4.014 normal 153.55903240837296
0.304 0.022 0.5716666666666667 7.42e-05 0.00205 4.014 normal 191.50090673572336
0.304 0.022 0.5716666666666667 7.42e-05 0.0025 4.014 normal 0.0007912388396681654
0.304 0.022 0.5716666666666667 7.42e-05 0.0024000000000000002 4.014 normal 16.401055953868276
0.304 0.022 0.5716666666666667 7.42e-05 0.0026 4.014 normal 13.185700969583626
0.304 0.022 0.5716666666666667 7.42e-05 0.00265 4.014 normal 25.885444889828452
0.304 0.022 0.5716666666666667 7.42e-05 0.00255 4.014 normal 3.8140494878760043
0.304 0.022 0.5716666666666667 7.42e-05 0.00245 4.014 normal 4.4973320940742445
0.304 0.022 0.5716666666666667 7.42e-05 0.00275 4.014 normal 58.858689521528
0.304 0.022 0.5716666666666667 7.42e-05 0.0027 4.014 normal 41.6532444140611
0.304 0.022 0.5716666666666667 7.42e-05 0.00285 4.014 normal 96.18497603808333
0.304 0.022 0.5716666666666667 7.42e-05 0.003 4.014 normal 161.3673546116319
0.304 0.022 0.5716666666666667 7.42e-05 0.0028 4.014 normal 77.427356809096
0.304 0.022 0.5883333333333334 7.42e-05 0.0021 4.014 normal 158.56610811664848
0.304 0.022 0.5883333333333334 7.42e-05 0.002 4.014 normal 239.50218706083425
0.304 0.022 0.5716666666666667 7.42e-05 0.00295 4.014 normal 138.54968781141065
0.304 0.022 0.5883333333333334 7.42e-05 0.00205 4.014 normal 197.0047045252877
0.304 0.022 0.5716666666666667 7.42e-05 0.0029000000000000002 4.014 normal 117.01478363461639
0.304 0.022 0.5883333333333334 7.42e-05 0.0022500000000000003 4.014 normal 78.2823836558455
0.304 0.022 0.5883333333333334 7.42e-05 0.00245 4.014 normal 7.748594106341027
0.304 0.022 0.5883333333333334 7.42e-05 0.00215 4.014 normal 126.83459953088992
0.304 0.022 0.5883333333333334 7.42e-05 0.0025 4.014 normal 2.2822108883562993
0.304 0.022 0.5883333333333334 7.42e-05 0.0023 4.014 normal 56.500557952709954
0.304 0.022 0.5883333333333334 7.42e-05 0.0022 4.014 normal 100.71468482896066
0.304 0.022 0.5883333333333334 7.42e-05 0.0024000000000000002 4.014 normal 20.255127081375772
0.304 0.022 0.5883333333333334 7.42e-05 0.00235 4.014 normal 37.11046687452898
0.304 0.022 0.5883333333333334 7.42e-05 0.00285 4.014 normal 92.8470987033636
0.304 0.022 0.5883333333333334 7.42e-05 0.00275 4.014 normal 57.58750809502381
0.304 0.022 0.5883333333333334 7.42e-05 0.0026 4.014 normal 13.56435420247189
0.304 0.022 0.5883333333333334 7.42e-05 0.0028 4.014 normal 75.1205993464293
0.304 0.022 0.5883333333333334 7.42e-05 0.00265 4.014 normal 25.827408830391885
0.304 0.022 0.5883333333333334 7.42e-05 0.00255 4.014 normal 5.1350390054665045
0.304 0.022 0.5883333333333334 7.42e-05 0.0029000000000000002 4.014 normal 112.90124809769978
0.304 0.022 0.5883333333333334 7.42e-05 0.0027 4.014 normal 41.03814705951135
0.304 0.022 0.605 7.42e-05 0.002 4.014 normal 251.9227054662252
0.304 0.022 0.605 7.42e-05 0.0021 4.014 normal 170.67375753901487
0.304 0.022 0.605 7.42e-05 0.0022 4.014 normal 111.244655267658
0.304 0.022 0.605 7.42e-05 0.0022500000000000003 4.014 normal 88.56874528024795
0.304 0.022 0.605 7.42e-05 0.00205 4.014 normal 209.54690578313128
0.304 0.022 0.5883333333333334 7.42e-05 0.003 4.014 normal 155.89190973221494
0.304 0.022 0.605 7.42e-05 0.00215 4.014 normal 138.10448952069035
0.304 0.022 0.5883333333333334 7.42e-05 0.00295 4.014 normal 133.90953293194386
0.304 0.022 0.605 7.42e-05 0.00235 4.014 normal 47.83956548673567
0.304 0.022 0.605 7.42e-05 0.0023 4.014 normal 66.87908194888763
0.304 0.022 0.605 7.42e-05 0.0026 4.014 normal 20.102352496475405
0.304 0.022 0.605 7.42e-05 0.00255 4.014 normal 12.764675876543702
0.304 0.022 0.605 7.42e-05 0.00245 4.014 normal 17.57353910930267
0.304 0.022 0.605 7.42e-05 0.0025 4.014 normal 11.054560207161964
0.304 0.022 0.605 7.42e-05 0.00265 4.014 normal 31.97280648694007
0.304 0.022 0.605 7.42e-05 0.0024000000000000002 4.014 normal 30.843411777650143
0.304 0.022 0.6216666666666666 7.42e-05 0.002 4.014 normal 274.2912887575116
0.304 0.022 0.605 7.42e-05 0.0028 4.014 normal 78.50003236312452
0.304 0.022 0.605 7.42e-05 0.00285 4.014 normal 94.97941443955007
0.304 0.022 0.605 7.42e-05 0.00275 4.014 normal 62.159585257564366
0.304 0.022 0.605 7.42e-05 0.0027 4.014 normal 46.437489164690916
0.304 0.022 0.605 7.42e-05 0.00295 4.014 normal 134.44895453722364
0.304 0.022 0.605 7.42e-05 0.0029000000000000002 4.014 normal 114.08717341935943
0.304 0.022 0.605 7.42e-05 0.003 4.014 normal 155.83984558545063
0.304 0.022 0.6216666666666666 7.42e-05 0.0023 4.014 normal 86.86596177778124
0.304 0.022 0.6216666666666666 7.42e-05 0.00205 4.014 normal 231.88417685855651
0.304 0.022 0.6216666666666666 7.42e-05 0.0022 4.014 normal 131.30921422487037
0.304 0.022 0.6216666666666666 7.42e-05 0.00235 4.014 normal 68.08774031846953
0.304 0.022 0.6216666666666666 7.42e-05 0.00215 4.014 normal 159.20194485293587
0.304 0.022 0.6216666666666666 7.42e-05 0.0021 4.014 normal 192.64615310250466
0.304 0.022 0.6216666666666666 7.42e-05 0.0024000000000000002 4.014 normal 51.017604998927396
0.304 0.022 0.6216666666666666 7.42e-05 0.0022500000000000003 4.014 normal 108.5232399740585
0.304 0.022 0.6216666666666666 7.42e-05 0.00245 4.014 normal 36.906710509198106
0.304 0.022 0.6216666666666666 7.42e-05 0.0027 4.014 normal 60.81398550180735
0.304 0.022 0.6216666666666666 7.42e-05 0.0025 4.014 normal 29.263162087198367
0.304 0.022 0.6216666666666666 7.42e-05 0.0026 4.014 normal 35.80894925623017
0.304 0.022 0.6216666666666666 7.42e-05 0.0028 4.014 normal 90.5193719023211
0.304 0.022 0.6216666666666666 7.42e-05 0.00255 4.014 normal 29.592398842585233
0.304 0.022 0.6216666666666666 7.42e-05 0.00265 4.014 normal 46.99986014674628
0.304 0.022 0.6216666666666666 7.42e-05 0.00275 4.014 normal 75.5724967699066
0.304 0.022 0.6383333333333333 7.42e-05 0.0021 4.014 normal 227.8452789064163
0.304 0.022 0.6383333333333333 7.42e-05 0.00205 4.014 normal 267.3288072359097
0.304 0.022 0.6383333333333333 7.42e-05 0.002 4.014 normal 309.68061122093496
0.304 0.022 0.6216666666666666 7.42e-05 0.00285 4.014 normal 105.56772991122055
0.304 0.022 0.6216666666666666 7.42e-05 0.00295 4.014 normal 143.0817609732383
0.304 0.022 0.6216666666666666 7.42e-05 0.0029000000000000002 4.014 normal 123.63352930065611
0.304 0.022 0.6216666666666666 7.42e-05 0.003 4.014 normal 163.91522047789573
0.304 0.022 0.6383333333333333 7.42e-05 0.00215 4.014 normal 193.3896226379973
0.304 0.022 0.6383333333333333 7.42e-05 0.0024000000000000002 4.014 normal 84.17253215315168
0.304 0.022 0.6383333333333333 7.42e-05 0.0022 4.014 normal 164.43206694222053
0.304 0.022 0.6383333333333333 7.42e-05 0.00245 4.014 normal 69.07347920973083
0.304 0.022 0.6383333333333333 7.42e-05 0.0022500000000000003 4.014 normal 141.5886537250634
0.304 0.022 0.6383333333333333 7.42e-05 0.0023 4.014 normal 119.87746350573892
0.304 0.022 0.6383333333333333 7.42e-05 0.00235 4.014 normal 101.4224156655913
0.304 0.022 0.6383333333333333 7.42e-05 0.0025 4.014 normal 60.31721027246014
0.304 0.022 0.6383333333333333 7.42e-05 0.00255 4.014 normal 59.09617847242925
0.304 0.022 0.6383333333333333 7.42e-05 0.0027 4.014 normal 87.53182127973581
0.304 0.022 0.6383333333333333 7.42e-05 0.00265 4.014 normal 74.45667065930893
0.304 0.022 0.6383333333333333 7.42e-05 0.00295 4.014 normal 163.53499922698455
0.304 0.022 0.6383333333333333 7.42e-05 0.00285 4.014 normal 128.07102935569083
0.304 0.022 0.6383333333333333 7.42e-05 0.00275 4.014 normal 101.21039208530071
0.304 0.022 0.6383333333333333 7.42e-05 0.0026 4.014 normal 64.12901072183371
0.304 0.022 0.6383333333333333 7.42e-05 0.0029000000000000002 4.014 normal 144.98947256266507
0.304 0.022 0.6383333333333333 7.42e-05 0.0028 4.014 normal 114.62958390018956
0.304 0.022 0.655 7.42e-05 0.002 4.014 normal 361.7688679124508
0.304 0.022 0.655 7.42e-05 0.0021 4.014 normal 279.7100418086594
0.304 0.022 0.655 7.42e-05 0.0023 4.014 normal 169.6235224661777
0.304 0.022 0.655 7.42e-05 0.0022500000000000003 4.014 normal 191.36138956998988
0.304 0.022 0.6383333333333333 7.42e-05 0.003 4.014 normal 183.5564425894044
0.304 0.022 0.655 7.42e-05 0.00205 4.014 normal 320.05183242809926
0.304 0.022 0.655 7.42e-05 0.00215 4.014 normal 244.05770014131932
0.304 0.022 0.655 7.42e-05 0.0022 4.014 normal 214.34545722376077
0.304 0.022 0.655 7.42e-05 0.00265 4.014 normal 118.15026484213806
0.304 0.022 0.655 7.42e-05 0.00235 4.014 normal 151.4931147564227
0.304 0.022 0.655 7.42e-05 0.00255 4.014 normal 104.9422874321169
0.304 0.022 0.655 7.42e-05 0.0025 4.014 normal 108.09793881198534
0.304 0.022 0.655 7.42e-05 0.0027 4.014 normal 130.3609525368168
0.304 0.022 0.655 7.42e-05 0.00245 4.014 normal 117.88440420646083
0.304 0.022 0.655 7.42e-05 0.0024000000000000002 4.014 normal 133.7095036816639
0.304 0.022 0.655 7.42e-05 0.0026 4.014 normal 108.72296605040923
0.304 0.022 0.655 7.42e-05 0.00295 4.014 normal 199.50845452213736
0.304 0.022 0.6716666666666666 7.42e-05 0.002 4.014 normal 434.62423866230256
0.304 0.022 0.655 7.42e-05 0.003 4.014 normal 218.54747141105497
0.304 0.022 0.655 7.42e-05 0.00285 4.014 normal 166.39709858756612
0.304 0.022 0.655 7.42e-05 0.00275 4.014 normal 142.94173098393262
0.304 0.022 0.6716666666666666 7.42e-05 0.00205 4.014 normal 392.93694105837125
0.304 0.022 0.655 7.42e-05 0.0029000000000000002 4.014 normal 181.84920438067354
0.304 0.022 0.655 7.42e-05 0.0028 4.014 normal 154.7289319657779
0.304 0.022 0.6716666666666666 7.42e-05 0.00215 4.014 normal 316.26263471589886
0.304 0.022 0.6716666666666666 7.42e-05 0.0022 4.014 normal 285.0738522173859
0.304 0.022 0.6716666666666666 7.42e-05 0.0021 4.014 normal 353.1472308290261
0.304 0.022 0.6716666666666666 7.42e-05 0.0022500000000000003 4.014 normal 262.009477174517
0.304 0.022 0.6716666666666666 7.42e-05 0.00245 4.014 normal 187.323224641488
0.304 0.022 0.6716666666666666 7.42e-05 0.00235 4.014 normal 222.3776515372627
0.304 0.022 0.6716666666666666 7.42e-05 0.0023 4.014 normal 240.18523245140963
0.304 0.022 0.6716666666666666 7.42e-05 0.0024000000000000002 4.014 normal 204.48881985350232
0.304 0.022 0.6716666666666666 7.42e-05 0.00265 4.014 normal 182.24043496412264
0.304 0.022 0.6716666666666666 7.42e-05 0.00255 4.014 normal 171.5426545998909
0.304 0.022 0.6716666666666666 7.42e-05 0.0026 4.014 normal 173.8299965334971
0.304 0.022 0.6716666666666666 7.42e-05 0.00275 4.014 normal 204.9969409182989
0.304 0.022 0.6716666666666666 7.42e-05 0.0028 4.014 normal 214.92767612483541
0.304 0.022 0.6716666666666666 7.42e-05 0.00285 4.014 normal 224.64312440487973
0.304 0.022 0.6716666666666666 7.42e-05 0.0025 4.014 normal 176.3058255763912
0.304 0.022 0.6716666666666666 7.42e-05 0.0027 4.014 normal 193.51822751009541
0.304 0.022 0.6883333333333332 7.42e-05 0.00205 4.014 normal 492.27793152312387
0.304 0.022 0.6883333333333332 7.42e-05 0.0022 4.014 normal 381.19268151036556
0.304 0.022 0.6883333333333332 7.42e-05 0.002 4.014 normal 532.7758952622378
0.304 0.022 0.6716666666666666 7.42e-05 0.0029000000000000002 4.014 normal 238.7388906532178
0.304 0.022 0.6883333333333332 7.42e-05 0.0021 4.014 normal 451.8066038545593
0.304 0.022 0.6883333333333332 7.42e-05 0.00215 4.014 normal 413.3471006612807
0.304 0.022 0.6716666666666666 7.42e-05 0.00295 4.014 normal 255.20938850404488
0.304 0.022 0.6716666666666666 7.42e-05 0.003 4.014 normal 273.25865074599056
0.304 0.022 0.6883333333333332 7.42e-05 0.0022500000000000003 4.014 normal 357.70616269773313
0.304 0.022 0.6883333333333332 7.42e-05 0.0024000000000000002 4.014 normal 300.37263011786285
0.304 0.022 0.6883333333333332 7.42e-05 0.00245 4.014 normal 282.8604824120939
0.304 0.022 0.6883333333333332 7.42e-05 0.0023 4.014 normal 335.8414644836079
0.304 0.022 0.6883333333333332 7.42e-05 0.00235 4.014 normal 318.5315110885715
0.304 0.022 0.6883333333333332 7.42e-05 0.00255 4.014 normal 263.15474454355984
0.304 0.022 0.6883333333333332 7.42e-05 0.0025 4.014 normal 269.6914452361806
0.304 0.022 0.6883333333333332 7.42e-05 0.0026 4.014 normal 263.9018740752324
0.304 0.022 0.6883333333333332 7.42e-05 0.0028 4.014 normal 299.8496885750347
0.304 0.022 0.6883333333333332 7.42e-05 0.00275 4.014 normal 291.869465861257
0.304 0.022 0.6883333333333332 7.42e-05 0.00285 4.014 normal 307.5040810800692
0.304 0.022 0.6883333333333332 7.42e-05 0.003 4.014 normal 352.29854553804324
0.304 0.022 0.6883333333333332 7.42e-05 0.00265 4.014 normal 271.4234345990228
0.304 0.022 0.6883333333333332 7.42e-05 0.0029000000000000002 4.014 normal 320.12900718705157
0.304 0.022 0.6883333333333332 7.42e-05 0.0027 4.014 normal 281.6274603489048
0.304 0.022 0.6883333333333332 7.42e-05 0.00295 4.014 normal 335.41108045293515
0.304 0.022 0.705 7.42e-05 0.0023 4.014 normal 462.0585643389863
0.304 0.022 0.705 7.42e-05 0.00205 4.014 normal 620.9421539415496
0.304 0.022 0.705 7.42e-05 0.002 4.014 normal 660.8884164008847
0.304 0.022 0.705 7.42e-05 0.0022 4.014 normal 506.98598888872925
0.304 0.022 0.705 7.42e-05 0.0022500000000000003 4.014 normal 483.7767232321278
0.304 0.022 0.705 7.42e-05 0.00235 4.014 normal 444.74135866141427
0.304 0.022 0.705 7.42e-05 0.00215 4.014 normal 540.3683908843327
0.304 0.022 0.705 7.42e-05 0.0021 4.014 normal 579.0427802997259
0.304 0.022 0.705 7.42e-05 0.00275 4.014 normal 408.47041196295794
0.304 0.022 0.705 7.42e-05 0.00255 4.014 normal 384.6991364289485
0.304 0.022 0.705 7.42e-05 0.0025 4.014 normal 393.21176810977175
0.304 0.022 0.705 7.42e-05 0.00245 4.014 normal 407.9983105595647
0.304 0.022 0.705 7.42e-05 0.0024000000000000002 4.014 normal 426.4097291794792
0.304 0.022 0.705 7.42e-05 0.00265 4.014 normal 390.55498086608793
0.304 0.022 0.705 7.42e-05 0.0026 4.014 normal 383.79909015347357
0.304 0.022 0.705 7.42e-05 0.0027 4.014 normal 399.6178295117339
0.304 0.022 0.705 7.42e-05 0.00285 4.014 normal 420.1071436861256
0.304 0.022 0.705 7.42e-05 0.0029000000000000002 4.014 normal 431.0655451652277
0.304 0.022 0.705 7.42e-05 0.00295 4.014 normal 444.99756705001386
0.304 0.022 0.705 7.42e-05 0.003 4.014 normal 461.0767390622343
0.304 0.022 0.705 7.42e-05 0.0028 4.014 normal 414.42138638714744
