Sin2Theta12 Sin2Theta13 Sin2Theta23 Dm221 Dm231 dCP Ordering X2 
0.304 0.022 0.305 7.42e-05 0.0025 0.314 inverted 759.3001060239266
0.304 0.022 0.305 7.42e-05 0.0025 0.942 inverted 758.1240941900214
0.304 0.022 0.305 7.42e-05 0.0025 0.942 normal 753.5882899299997
0.304 0.022 0.305 7.42e-05 0.0025 0.0 inverted 757.8711992749709
0.304 0.022 0.305 7.42e-05 0.0025 0.628 inverted 758.939046644282
0.304 0.022 0.305 7.42e-05 0.0025 1.57 inverted 756.0850548813034
0.304 0.022 0.305 7.42e-05 0.0025 1.256 normal 739.707438701738
0.304 0.022 0.305 7.42e-05 0.0025 1.57 normal 727.1984431768221
0.304 0.022 0.305 7.42e-05 0.0025 2.198 normal 705.9057185086222
0.304 0.022 0.305 7.42e-05 0.0025 0.0 normal 772.0799471458128
0.304 0.022 0.305 7.42e-05 0.0025 1.884 normal 716.6387928854228
0.304 0.022 0.305 7.42e-05 0.0025 2.826 inverted 763.6757347733761
0.304 0.022 0.305 7.42e-05 0.0025 2.512 normal 703.0328054842689
0.304 0.022 0.305 7.42e-05 0.0025 3.14 normal 700.4595177687861
0.304 0.022 0.305 7.42e-05 0.0025 2.198 inverted 757.4246644978707
0.304 0.022 0.305 7.42e-05 0.0025 2.826 normal 699.0928413098552
0.304 0.022 0.305 7.42e-05 0.0025 2.512 inverted 760.32076390587
0.304 0.022 0.305 7.42e-05 0.0025 0.628 normal 764.654819456263
0.304 0.022 0.305 7.42e-05 0.0025 3.454 normal 704.1074810915532
0.304 0.022 0.305 7.42e-05 0.0025 0.314 normal 770.2473707280244
0.304 0.022 0.305 7.42e-05 0.0025 1.256 inverted 755.4546276527412
0.304 0.022 0.305 7.42e-05 0.0025 3.14 inverted 765.8477391659039
0.304 0.022 0.305 7.42e-05 0.0025 1.884 inverted 756.3351168131143
0.304 0.022 0.305 7.42e-05 0.0025 3.454 inverted 764.5916572193197
0.304 0.022 0.305 7.42e-05 0.0025 5.024 inverted 752.7874365002336
0.304 0.022 0.305 7.42e-05 0.0025 4.396 inverted 758.323317299719
0.304 0.022 0.305 7.42e-05 0.0025 4.71 normal 731.0084124204525
0.304 0.022 0.305 7.42e-05 0.0025 4.082 inverted 761.1423182141582
0.304 0.022 0.305 7.42e-05 0.0025 4.71 inverted 754.91383344193
0.304 0.022 0.305 7.42e-05 0.0025 5.338 normal 752.6188125021821
0.304 0.022 0.305 7.42e-05 0.0025 6.28 normal 772.0758104888372
0.304 0.022 0.305 7.42e-05 0.0025 5.024 normal 742.079346472907
0.304 0.022 0.32166666666666666 7.42e-05 0.0025 0.628 inverted 510.55134196218626
0.304 0.022 0.305 7.42e-05 0.0025 3.768 normal 708.4928767244105
0.304 0.022 0.32166666666666666 7.42e-05 0.0025 0.0 normal 519.8655856829732
0.304 0.022 0.305 7.42e-05 0.0025 4.082 normal 714.2774742087878
0.304 0.022 0.305 7.42e-05 0.0025 5.966 normal 769.9677942248487
0.304 0.022 0.305 7.42e-05 0.0025 5.652 normal 762.4653267251997
0.304 0.022 0.32166666666666666 7.42e-05 0.0025 0.0 inverted 510.1212023391837
0.304 0.022 0.305 7.42e-05 0.0025 3.768 inverted 764.1043740240534
0.304 0.022 0.305 7.42e-05 0.0025 4.396 normal 722.5620556779775
0.304 0.022 0.305 7.42e-05 0.0025 5.652 inverted 754.4498539500576
0.304 0.022 0.305 7.42e-05 0.0025 5.966 inverted 755.6225136338121
0.304 0.022 0.305 7.42e-05 0.0025 5.338 inverted 752.4239046715545
0.304 0.022 0.305 7.42e-05 0.0025 6.28 inverted 757.9652777940828
0.304 0.022 0.32166666666666666 7.42e-05 0.0025 0.314 normal 519.0465239671883
0.304 0.022 0.32166666666666666 7.42e-05 0.0025 0.314 inverted 510.5481741055775
0.304 0.022 0.32166666666666666 7.42e-05 0.0025 0.628 normal 514.9304317662328
0.304 0.022 0.32166666666666666 7.42e-05 0.0025 1.884 normal 476.1067124825453
0.304 0.022 0.32166666666666666 7.42e-05 0.0025 1.256 inverted 506.31376564605637
0.304 0.022 0.32166666666666666 7.42e-05 0.0025 0.942 inverted 509.1961640678651
0.304 0.022 0.32166666666666666 7.42e-05 0.0025 0.942 normal 505.9815582996087
0.304 0.022 0.32166666666666666 7.42e-05 0.0025 4.082 normal 473.7176273216857
0.304 0.022 0.32166666666666666 7.42e-05 0.0025 1.256 normal 495.3956674631088
0.304 0.022 0.32166666666666666 7.42e-05 0.0025 2.198 normal 468.60385153599816
0.304 0.022 0.32166666666666666 7.42e-05 0.0025 1.57 normal 485.0297717662565
0.304 0.022 0.32166666666666666 7.42e-05 0.0025 1.57 inverted 506.3794196905858
0.304 0.022 0.32166666666666666 7.42e-05 0.0025 3.454 normal 466.5945867278378
0.304 0.022 0.32166666666666666 7.42e-05 0.0025 3.14 inverted 514.1976762583195
0.304 0.022 0.32166666666666666 7.42e-05 0.0025 1.884 inverted 505.4958813925608
0.304 0.022 0.32166666666666666 7.42e-05 0.0025 3.768 normal 469.6902884503705
0.304 0.022 0.32166666666666666 7.42e-05 0.0025 2.826 normal 463.2262783142702
0.304 0.022 0.32166666666666666 7.42e-05 0.0025 4.396 inverted 508.9628296640648
0.304 0.022 0.32166666666666666 7.42e-05 0.0025 2.512 normal 464.22943957908944
0.304 0.022 0.32166666666666666 7.42e-05 0.0025 3.14 normal 463.53909370515566
0.304 0.022 0.32166666666666666 7.42e-05 0.0025 3.768 inverted 513.3147644027182
0.304 0.022 0.32166666666666666 7.42e-05 0.0025 2.198 inverted 505.9073649541887
0.304 0.022 0.32166666666666666 7.42e-05 0.0025 2.826 inverted 511.94551973673714
0.304 0.022 0.32166666666666666 7.42e-05 0.0025 2.512 inverted 508.6294810135278
0.304 0.022 0.32166666666666666 7.42e-05 0.0025 4.396 normal 479.9431197273952
0.304 0.022 0.32166666666666666 7.42e-05 0.0025 3.454 inverted 513.3194253804738
0.304 0.022 0.32166666666666666 7.42e-05 0.0025 4.082 inverted 511.0362315588131
0.304 0.022 0.32166666666666666 7.42e-05 0.0025 5.652 inverted 506.3729668228115
0.304 0.022 0.32166666666666666 7.42e-05 0.0025 5.338 inverted 504.53916474928604
0.304 0.022 0.32166666666666666 7.42e-05 0.0025 5.652 normal 510.7857984956273
0.304 0.022 0.32166666666666666 7.42e-05 0.0025 5.966 inverted 507.9341642605305
0.304 0.022 0.3383333333333333 7.42e-05 0.0025 0.628 normal 334.5811893154243
0.304 0.022 0.32166666666666666 7.42e-05 0.0025 5.024 normal 494.13893898518387
0.304 0.022 0.32166666666666666 7.42e-05 0.0025 4.71 normal 486.05271637456843
0.304 0.022 0.32166666666666666 7.42e-05 0.0025 5.338 normal 502.5414292976289
0.304 0.022 0.32166666666666666 7.42e-05 0.0025 5.024 inverted 504.7769767422673
0.304 0.022 0.3383333333333333 7.42e-05 0.0025 0.314 normal 337.5453765613485
0.304 0.022 0.32166666666666666 7.42e-05 0.0025 6.28 normal 519.8608152378363
0.304 0.022 0.32166666666666666 7.42e-05 0.0025 6.28 inverted 510.1691766742133
0.304 0.022 0.3383333333333333 7.42e-05 0.0025 0.942 normal 328.01428087477905
0.304 0.022 0.32166666666666666 7.42e-05 0.0025 5.966 normal 517.2336204001963
0.304 0.022 0.3383333333333333 7.42e-05 0.0025 1.57 inverted 330.1807820567276
0.304 0.022 0.32166666666666666 7.42e-05 0.0025 4.71 inverted 506.355770342821
0.304 0.022 0.3383333333333333 7.42e-05 0.0025 0.942 inverted 333.6529867037799
0.304 0.022 0.3383333333333333 7.42e-05 0.0025 1.256 normal 319.5400398382822
0.304 0.022 0.3383333333333333 7.42e-05 0.0025 0.0 normal 337.4502082514714
0.304 0.022 0.3383333333333333 7.42e-05 0.0025 0.0 inverted 335.330709308968
0.304 0.022 0.3383333333333333 7.42e-05 0.0025 0.628 inverted 335.73209234757775
0.304 0.022 0.3383333333333333 7.42e-05 0.0025 1.57 normal 311.1037771425224
0.304 0.022 0.3383333333333333 7.42e-05 0.0025 1.256 inverted 331.15137793054936
0.304 0.022 0.3383333333333333 7.42e-05 0.0025 0.314 inverted 335.7440410215999
0.304 0.022 0.3383333333333333 7.42e-05 0.0025 2.198 normal 297.9706287878324
0.304 0.022 0.3383333333333333 7.42e-05 0.0025 2.512 inverted 330.6177927849489
0.304 0.022 0.3383333333333333 7.42e-05 0.0025 2.826 normal 293.87400311769926
0.304 0.022 0.3383333333333333 7.42e-05 0.0025 1.884 normal 303.7886137063501
0.304 0.022 0.3383333333333333 7.42e-05 0.0025 3.768 normal 298.05753921972854
0.304 0.022 0.3383333333333333 7.42e-05 0.0025 3.454 normal 295.69488406541495
0.304 0.022 0.3383333333333333 7.42e-05 0.0025 2.198 inverted 328.4765945655982
0.304 0.022 0.3383333333333333 7.42e-05 0.0025 4.082 inverted 334.9973831357401
0.304 0.022 0.3383333333333333 7.42e-05 0.0025 2.826 inverted 332.73162782136046
0.304 0.022 0.3383333333333333 7.42e-05 0.0025 3.14 normal 293.64917463383875
0.304 0.022 0.3383333333333333 7.42e-05 0.0025 4.396 normal 304.98706469898764
0.304 0.022 0.3383333333333333 7.42e-05 0.0025 4.71 inverted 331.07594855567095
0.304 0.022 0.3383333333333333 7.42e-05 0.0025 3.14 inverted 335.7020802722565
0.304 0.022 0.3383333333333333 7.42e-05 0.0025 5.024 normal 315.5208828345821
0.304 0.022 0.3383333333333333 7.42e-05 0.0025 4.71 normal 309.36507636145257
0.304 0.022 0.3383333333333333 7.42e-05 0.0025 1.884 inverted 329.3603914071867
0.304 0.022 0.3383333333333333 7.42e-05 0.0025 4.082 normal 300.7508308979493
0.304 0.022 0.3383333333333333 7.42e-05 0.0025 5.338 inverted 329.9717509717231
0.304 0.022 0.3383333333333333 7.42e-05 0.0025 3.768 inverted 335.9714524438956
0.304 0.022 0.3383333333333333 7.42e-05 0.0025 4.396 inverted 333.0044110045922
0.304 0.022 0.3383333333333333 7.42e-05 0.0025 2.512 normal 295.1143659005041
0.304 0.022 0.3383333333333333 7.42e-05 0.0025 3.454 inverted 335.1578707235984
0.304 0.022 0.3383333333333333 7.42e-05 0.0025 5.338 normal 321.9388925221989
0.304 0.022 0.3383333333333333 7.42e-05 0.0025 5.024 inverted 329.99569726627726
0.304 0.022 0.3383333333333333 7.42e-05 0.0025 5.966 normal 334.38949705512925
0.304 0.022 0.355 7.42e-05 0.0025 0.314 normal 212.68818843370877
0.304 0.022 0.355 7.42e-05 0.0025 0.314 inverted 220.54685262472287
0.304 0.022 0.355 7.42e-05 0.0025 1.256 normal 199.3223756407814
0.304 0.022 0.3383333333333333 7.42e-05 0.0025 5.966 inverted 333.5005335586967
0.304 0.022 0.355 7.42e-05 0.0025 2.198 normal 181.5052248959452
0.304 0.022 0.355 7.42e-05 0.0025 1.57 normal 192.47791623835997
0.304 0.022 0.355 7.42e-05 0.0025 0.942 inverted 217.76408875831223
0.304 0.022 0.355 7.42e-05 0.0025 0.628 inverted 219.75321613230247
0.304 0.022 0.355 7.42e-05 0.0025 1.57 inverted 213.36309100205185
0.304 0.022 0.355 7.42e-05 0.0025 0.0 normal 211.82241960757304
0.304 0.022 0.355 7.42e-05 0.0025 0.628 normal 210.81075965379208
0.304 0.022 0.3383333333333333 7.42e-05 0.0025 6.28 normal 337.42853753160216
0.304 0.022 0.355 7.42e-05 0.0025 1.256 inverted 215.27460351174201
0.304 0.022 0.3383333333333333 7.42e-05 0.0025 5.652 inverted 331.80354049207756
0.304 0.022 0.3383333333333333 7.42e-05 0.0025 6.28 inverted 335.3932558643499
0.304 0.022 0.355 7.42e-05 0.0025 0.0 inverted 219.8857701548134
0.304 0.022 0.355 7.42e-05 0.0025 1.884 normal 186.70746226951738
0.304 0.022 0.355 7.42e-05 0.0025 2.198 inverted 211.03867291537088
0.304 0.022 0.355 7.42e-05 0.0025 1.884 inverted 212.02108729637044
0.304 0.022 0.355 7.42e-05 0.0025 0.942 normal 205.95387781167284
0.304 0.022 0.3383333333333333 7.42e-05 0.0025 5.652 normal 328.7590660059974
0.304 0.022 0.355 7.42e-05 0.0025 2.512 normal 178.86447401430217
0.304 0.022 0.355 7.42e-05 0.0025 2.512 inverted 212.38450074304276
0.304 0.022 0.355 7.42e-05 0.0025 3.454 inverted 216.94890668345738
0.304 0.022 0.355 7.42e-05 0.0025 4.71 normal 187.89519677482966
0.304 0.022 0.355 7.42e-05 0.0025 2.826 inverted 214.0977243117904
0.304 0.022 0.355 7.42e-05 0.0025 4.396 normal 185.05122481393573
0.304 0.022 0.355 7.42e-05 0.0025 3.14 inverted 216.57949387140854
0.304 0.022 0.355 7.42e-05 0.0025 3.768 normal 180.60178060240412
0.304 0.022 0.355 7.42e-05 0.0025 5.024 normal 192.427228861273
0.304 0.022 0.355 7.42e-05 0.0025 3.14 normal 177.66300190592833
0.304 0.022 0.355 7.42e-05 0.0025 6.28 inverted 219.91003794945732
0.304 0.022 0.355 7.42e-05 0.0025 5.652 normal 203.34683313539406
0.304 0.022 0.355 7.42e-05 0.0025 5.338 normal 197.61854701227196
0.304 0.022 0.355 7.42e-05 0.0025 5.024 inverted 214.40520295191232
0.304 0.022 0.355 7.42e-05 0.0025 3.454 normal 179.01105914060213
0.304 0.022 0.355 7.42e-05 0.0025 2.826 normal 177.85104179469744
0.304 0.022 0.355 7.42e-05 0.0025 4.082 inverted 217.68069551925274
0.304 0.022 0.355 7.42e-05 0.0025 5.966 inverted 218.1812972410074
0.304 0.022 0.355 7.42e-05 0.0025 3.768 inverted 217.96576948829966
0.304 0.022 0.355 7.42e-05 0.0025 6.28 normal 211.79677545643105
0.304 0.022 0.355 7.42e-05 0.0025 4.396 inverted 216.4326027674279
0.304 0.022 0.355 7.42e-05 0.0025 5.966 normal 208.4726553134557
0.304 0.022 0.355 7.42e-05 0.0025 5.338 inverted 214.73757608008685
0.304 0.022 0.355 7.42e-05 0.0025 4.082 normal 182.2043620161837
0.304 0.022 0.355 7.42e-05 0.0025 5.652 inverted 216.3867999648884
0.304 0.022 0.355 7.42e-05 0.0025 4.71 inverted 215.04226438597692
0.304 0.022 0.37166666666666665 7.42e-05 0.0025 0.942 normal 128.10931808388835
0.304 0.022 0.37166666666666665 7.42e-05 0.0025 0.0 normal 131.05409567927117
0.304 0.022 0.37166666666666665 7.42e-05 0.0025 1.57 inverted 143.1072302597102
0.304 0.022 0.37166666666666665 7.42e-05 0.0025 2.198 inverted 140.53648060123234
0.304 0.022 0.37166666666666665 7.42e-05 0.0025 0.628 inverted 150.38079334044792
0.304 0.022 0.37166666666666665 7.42e-05 0.0025 0.314 normal 132.54263670542787
0.304 0.022 0.37166666666666665 7.42e-05 0.0025 3.454 inverted 145.37727462939287
0.304 0.022 0.37166666666666665 7.42e-05 0.0025 2.198 normal 107.68023992198981
0.304 0.022 0.37166666666666665 7.42e-05 0.0025 2.826 inverted 142.1828157537444
0.304 0.022 0.37166666666666665 7.42e-05 0.0025 1.57 normal 117.11290045093331
0.304 0.022 0.37166666666666665 7.42e-05 0.0025 0.628 normal 131.35840771780073
0.304 0.022 0.37166666666666665 7.42e-05 0.0025 3.14 normal 103.81206735267624
0.304 0.022 0.37166666666666665 7.42e-05 0.0025 2.512 normal 105.11699006355794
0.304 0.022 0.37166666666666665 7.42e-05 0.0025 0.314 inverted 151.20368705734182
0.304 0.022 0.37166666666666665 7.42e-05 0.0025 1.884 normal 112.08467811834645
0.304 0.022 0.37166666666666665 7.42e-05 0.0025 0.0 inverted 150.7038795022429
0.304 0.022 0.37166666666666665 7.42e-05 0.0025 1.256 normal 122.83892596817904
0.304 0.022 0.37166666666666665 7.42e-05 0.0025 1.256 inverted 145.6293166929116
0.304 0.022 0.37166666666666665 7.42e-05 0.0025 2.826 normal 104.08753964005875
0.304 0.022 0.37166666666666665 7.42e-05 0.0025 1.884 inverted 141.25808140553823
0.304 0.022 0.37166666666666665 7.42e-05 0.0025 3.454 normal 104.56376116374948
0.304 0.022 0.37166666666666665 7.42e-05 0.0025 0.942 inverted 148.37260116626965
0.304 0.022 0.37166666666666665 7.42e-05 0.0025 2.512 inverted 140.7651698442542
0.304 0.022 0.37166666666666665 7.42e-05 0.0025 3.14 inverted 144.2562801266971
0.304 0.022 0.37166666666666665 7.42e-05 0.0025 4.082 inverted 146.67511953961568
0.304 0.022 0.37166666666666665 7.42e-05 0.0025 3.768 inverted 146.5350314289769
0.304 0.022 0.37166666666666665 7.42e-05 0.0025 6.28 normal 131.02854003686824
0.304 0.022 0.37166666666666665 7.42e-05 0.0025 4.71 normal 110.04079270930266
0.304 0.022 0.37166666666666665 7.42e-05 0.0025 4.082 normal 106.49449231268859
0.304 0.022 0.37166666666666665 7.42e-05 0.0025 4.71 inverted 145.4815566313136
0.304 0.022 0.37166666666666665 7.42e-05 0.0025 5.024 inverted 145.22605121964585
0.304 0.022 0.37166666666666665 7.42e-05 0.0025 3.768 normal 105.51332174425318
0.304 0.022 0.37166666666666665 7.42e-05 0.0025 5.338 inverted 145.73321630761183
0.304 0.022 0.37166666666666665 7.42e-05 0.0025 5.338 normal 117.51955621246623
0.304 0.022 0.37166666666666665 7.42e-05 0.0025 5.966 normal 127.38442607414832
0.304 0.022 0.37166666666666665 7.42e-05 0.0025 5.024 normal 113.21771247004187
0.304 0.022 0.37166666666666665 7.42e-05 0.0025 6.28 inverted 150.70127058507563
0.304 0.022 0.37166666666666665 7.42e-05 0.0025 4.396 normal 108.21473277445587
0.304 0.022 0.3883333333333333 7.42e-05 0.0025 0.628 normal 86.14175558876029
0.304 0.022 0.3883333333333333 7.42e-05 0.0025 0.314 normal 86.27670428160499
0.304 0.022 0.37166666666666665 7.42e-05 0.0025 5.966 inverted 149.19798096340614
0.304 0.022 0.37166666666666665 7.42e-05 0.0025 4.396 inverted 146.09596815164505
0.304 0.022 0.3883333333333333 7.42e-05 0.0025 0.0 normal 84.37175891825162
0.304 0.022 0.37166666666666665 7.42e-05 0.0025 5.652 inverted 147.37060555127698
0.304 0.022 0.37166666666666665 7.42e-05 0.0025 5.652 normal 122.55129189613822
0.304 0.022 0.3883333333333333 7.42e-05 0.0025 0.0 inverted 116.10925768561953
0.304 0.022 0.3883333333333333 7.42e-05 0.0025 0.628 inverted 115.80927692191558
0.304 0.022 0.3883333333333333 7.42e-05 0.0025 0.314 inverted 116.51780637591398
0.304 0.022 0.3883333333333333 7.42e-05 0.0025 0.942 normal 83.54161656011784
0.304 0.022 0.3883333333333333 7.42e-05 0.0025 2.512 inverted 104.10614107552558
0.304 0.022 0.3883333333333333 7.42e-05 0.0025 4.082 normal 63.20150266965843
0.304 0.022 0.3883333333333333 7.42e-05 0.0025 3.14 normal 61.44437834078593
0.304 0.022 0.3883333333333333 7.42e-05 0.0025 1.256 normal 79.36495844618823
0.304 0.022 0.3883333333333333 7.42e-05 0.0025 1.884 normal 69.62791564589178
0.304 0.022 0.3883333333333333 7.42e-05 0.0025 1.884 inverted 105.4030151039927
0.304 0.022 0.3883333333333333 7.42e-05 0.0025 3.454 normal 61.730972888208356
0.304 0.022 0.3883333333333333 7.42e-05 0.0025 1.57 normal 74.3609849721171
0.304 0.022 0.3883333333333333 7.42e-05 0.0025 1.57 inverted 107.80431305064373
0.304 0.022 0.3883333333333333 7.42e-05 0.0025 1.256 inverted 110.74328618748676
0.304 0.022 0.3883333333333333 7.42e-05 0.0025 3.454 inverted 108.58842748258931
0.304 0.022 0.3883333333333333 7.42e-05 0.0025 3.14 inverted 107.00395581747755
0.304 0.022 0.3883333333333333 7.42e-05 0.0025 2.826 normal 61.830142420990654
0.304 0.022 0.3883333333333333 7.42e-05 0.0025 4.396 inverted 110.42634671150138
0.304 0.022 0.3883333333333333 7.42e-05 0.0025 2.826 inverted 105.1941242354993
0.304 0.022 0.3883333333333333 7.42e-05 0.0025 2.512 normal 63.03131084818131
0.304 0.022 0.3883333333333333 7.42e-05 0.0025 0.942 inverted 113.64705512937991
0.304 0.022 0.3883333333333333 7.42e-05 0.0025 3.768 normal 62.26358616683457
0.304 0.022 0.3883333333333333 7.42e-05 0.0025 4.396 normal 63.81716285559364
0.304 0.022 0.3883333333333333 7.42e-05 0.0025 4.082 inverted 110.49787834995833
0.304 0.022 0.3883333333333333 7.42e-05 0.0025 3.768 inverted 109.89359696784534
0.304 0.022 0.3883333333333333 7.42e-05 0.0025 2.198 inverted 104.09500363280529
0.304 0.022 0.3883333333333333 7.42e-05 0.0025 2.198 normal 65.5498784562262
0.304 0.022 0.3883333333333333 7.42e-05 0.0025 5.652 normal 75.5992414728316
0.304 0.022 0.3883333333333333 7.42e-05 0.0025 6.28 inverted 116.07911369659098
0.304 0.022 0.405 7.42e-05 0.0025 0.314 normal 64.37649467898376
0.304 0.022 0.3883333333333333 7.42e-05 0.0025 5.024 normal 67.42277362737744
0.304 0.022 0.3883333333333333 7.42e-05 0.0025 5.338 normal 71.10847033373706
0.304 0.022 0.405 7.42e-05 0.0025 0.0 inverted 105.80973949344899
0.304 0.022 0.3883333333333333 7.42e-05 0.0025 5.024 inverted 110.55239176687532
0.304 0.022 0.3883333333333333 7.42e-05 0.0025 5.966 normal 80.3544721739758
0.304 0.022 0.405 7.42e-05 0.0025 0.0 normal 62.10485038231043
0.304 0.022 0.405 7.42e-05 0.0025 0.628 inverted 105.41784369591585
0.304 0.022 0.3883333333333333 7.42e-05 0.0025 4.71 inverted 110.3693948861026
0.304 0.022 0.3883333333333333 7.42e-05 0.0025 6.28 normal 84.34027994220538
0.304 0.022 0.405 7.42e-05 0.0025 0.314 inverted 106.4124336906852
0.304 0.022 0.3883333333333333 7.42e-05 0.0025 5.338 inverted 111.3225861160431
0.304 0.022 0.3883333333333333 7.42e-05 0.0025 4.71 normal 65.04877042208986
0.304 0.022 0.405 7.42e-05 0.0025 0.942 inverted 103.33338182156032
0.304 0.022 0.405 7.42e-05 0.0025 0.628 normal 65.16581884099773
0.304 0.022 0.405 7.42e-05 0.0025 1.57 inverted 96.79070984903916
0.304 0.022 0.405 7.42e-05 0.0025 0.942 normal 62.80525789396821
0.304 0.022 0.3883333333333333 7.42e-05 0.0025 5.966 inverted 114.65620144086475
0.304 0.022 0.3883333333333333 7.42e-05 0.0025 5.652 inverted 112.83868453175236
0.304 0.022 0.405 7.42e-05 0.0025 1.256 normal 59.381732230968595
0.304 0.022 0.405 7.42e-05 0.0025 1.256 inverted 100.23696544351776
0.304 0.022 0.405 7.42e-05 0.0025 1.57 normal 54.75487133689334
0.304 0.022 0.405 7.42e-05 0.0025 3.454 normal 41.29019219961013
0.304 0.022 0.405 7.42e-05 0.0025 2.198 inverted 92.19063908238672
0.304 0.022 0.405 7.42e-05 0.0025 4.396 normal 42.4364702933695
0.304 0.022 0.405 7.42e-05 0.0025 2.198 normal 46.10932269355907
0.304 0.022 0.405 7.42e-05 0.0025 5.024 normal 45.52461425063845
0.304 0.022 0.405 7.42e-05 0.0025 2.826 inverted 92.79989753789307
0.304 0.022 0.405 7.42e-05 0.0025 3.14 normal 41.39108591116822
0.304 0.022 0.405 7.42e-05 0.0025 5.338 inverted 100.8727085826234
0.304 0.022 0.405 7.42e-05 0.0025 4.71 inverted 99.47999052396783
0.304 0.022 0.405 7.42e-05 0.0025 2.512 inverted 92.0297181900822
0.304 0.022 0.405 7.42e-05 0.0025 5.024 inverted 100.04247899286116
0.304 0.022 0.405 7.42e-05 0.0025 2.512 normal 43.549362393438564
0.304 0.022 0.405 7.42e-05 0.0025 1.884 normal 50.21999972076199
0.304 0.022 0.405 7.42e-05 0.0025 3.14 inverted 94.25886858717514
0.304 0.022 0.405 7.42e-05 0.0025 5.338 normal 48.57856530159089
0.304 0.022 0.405 7.42e-05 0.0025 1.884 inverted 94.13418479326634
0.304 0.022 0.405 7.42e-05 0.0025 4.082 normal 42.170730652990834
0.304 0.022 0.405 7.42e-05 0.0025 2.826 normal 42.00456306020949
0.304 0.022 0.405 7.42e-05 0.0025 4.396 inverted 99.07922441174131
0.304 0.022 0.405 7.42e-05 0.0025 4.082 inverted 98.76477089374426
0.304 0.022 0.405 7.42e-05 0.0025 3.454 inverted 96.28930364445459
0.304 0.022 0.405 7.42e-05 0.0025 4.71 normal 43.460479811778896
0.304 0.022 0.405 7.42e-05 0.0025 3.768 normal 41.531847411443614
0.304 0.022 0.405 7.42e-05 0.0025 3.768 inverted 97.75609332160413
0.304 0.022 0.405 7.42e-05 0.0025 6.28 normal 62.075517369451894
0.304 0.022 0.42166666666666663 7.42e-05 0.0025 0.628 normal 59.48721521013333
0.304 0.022 0.42166666666666663 7.42e-05 0.0025 0.314 normal 58.49475158465717
0.304 0.022 0.405 7.42e-05 0.0025 5.966 inverted 104.40806220507818
0.304 0.022 0.405 7.42e-05 0.0025 5.652 inverted 102.66063204102211
0.304 0.022 0.42166666666666663 7.42e-05 0.0025 0.314 inverted 111.20691732923379
0.304 0.022 0.42166666666666663 7.42e-05 0.0025 0.0 normal 55.887597666598325
0.304 0.022 0.42166666666666663 7.42e-05 0.0025 2.198 normal 41.11013978308724
0.304 0.022 0.42166666666666663 7.42e-05 0.0025 1.57 inverted 101.24155001503509
0.304 0.022 0.42166666666666663 7.42e-05 0.0025 1.884 inverted 98.3496740096733
0.304 0.022 0.42166666666666663 7.42e-05 0.0025 1.256 normal 54.722083641457864
0.304 0.022 0.405 7.42e-05 0.0025 5.966 normal 57.7038591050635
0.304 0.022 0.42166666666666663 7.42e-05 0.0025 1.884 normal 45.76104986198996
0.304 0.022 0.42166666666666663 7.42e-05 0.0025 1.256 inverted 105.1115464219147
0.304 0.022 0.42166666666666663 7.42e-05 0.0025 0.0 inverted 110.82264302456025
0.304 0.022 0.42166666666666663 7.42e-05 0.0025 0.628 inverted 110.41558035765985
0.304 0.022 0.405 7.42e-05 0.0025 5.652 normal 52.92545051553939
0.304 0.022 0.42166666666666663 7.42e-05 0.0025 2.512 inverted 95.48226922551613
0.304 0.022 0.42166666666666663 7.42e-05 0.0025 1.57 normal 50.0875576281019
0.304 0.022 0.42166666666666663 7.42e-05 0.0025 2.512 normal 38.527989280225185
0.304 0.022 0.405 7.42e-05 0.0025 6.28 inverted 105.74996139225092
0.304 0.022 0.42166666666666663 7.42e-05 0.0025 0.942 normal 57.58686519072985
0.304 0.022 0.42166666666666663 7.42e-05 0.0025 2.198 inverted 95.93247326343695
0.304 0.022 0.42166666666666663 7.42e-05 0.0025 0.942 inverted 108.35506012661668
0.304 0.022 0.42166666666666663 7.42e-05 0.0025 4.082 normal 35.7442760623796
0.304 0.022 0.42166666666666663 7.42e-05 0.0025 2.826 inverted 95.96572336027417
0.304 0.022 0.42166666666666663 7.42e-05 0.0025 3.454 inverted 99.41450630433751
0.304 0.022 0.42166666666666663 7.42e-05 0.0025 4.396 normal 36.084421527893106
0.304 0.022 0.42166666666666663 7.42e-05 0.0025 3.14 inverted 97.14452670370989
0.304 0.022 0.42166666666666663 7.42e-05 0.0025 6.28 inverted 110.73683268056338
0.304 0.022 0.42166666666666663 7.42e-05 0.0025 5.338 inverted 105.57398838103396
0.304 0.022 0.42166666666666663 7.42e-05 0.0025 5.966 inverted 109.4105499295002
0.304 0.022 0.42166666666666663 7.42e-05 0.0025 5.966 normal 51.15661626440705
0.304 0.022 0.42166666666666663 7.42e-05 0.0025 5.338 normal 41.85539811049965
0.304 0.022 0.42166666666666663 7.42e-05 0.0025 5.024 inverted 104.67656119886864
0.304 0.022 0.42166666666666663 7.42e-05 0.0025 3.454 normal 35.1257574404164
0.304 0.022 0.42166666666666663 7.42e-05 0.0025 3.768 inverted 100.99762469602432
0.304 0.022 0.42166666666666663 7.42e-05 0.0025 5.024 normal 38.76134047178365
0.304 0.022 0.42166666666666663 7.42e-05 0.0025 2.826 normal 36.52052522221143
0.304 0.022 0.42166666666666663 7.42e-05 0.0025 4.396 inverted 103.00868930185138
0.304 0.022 0.42166666666666663 7.42e-05 0.0025 6.28 normal 55.857940740623356
0.304 0.022 0.42166666666666663 7.42e-05 0.0025 3.768 normal 35.35768882275165
0.304 0.022 0.42166666666666663 7.42e-05 0.0025 4.71 normal 37.22384444493233
0.304 0.022 0.42166666666666663 7.42e-05 0.0025 5.652 inverted 107.73326604772673
0.304 0.022 0.42166666666666663 7.42e-05 0.0025 4.71 inverted 103.83311064778174
0.304 0.022 0.42166666666666663 7.42e-05 0.0025 4.082 inverted 102.4609093941651
0.304 0.022 0.42166666666666663 7.42e-05 0.0025 3.14 normal 35.62868445102677
0.304 0.022 0.42166666666666663 7.42e-05 0.0025 5.652 normal 46.303022113719194
0.304 0.022 0.43833333333333335 7.42e-05 0.0025 0.942 normal 60.9273103289068
0.304 0.022 0.43833333333333335 7.42e-05 0.0025 1.57 normal 53.561490760900504
0.304 0.022 0.43833333333333335 7.42e-05 0.0025 1.884 normal 48.98635890847087
0.304 0.022 0.43833333333333335 7.42e-05 0.0025 2.826 normal 38.663615555085585
0.304 0.022 0.43833333333333335 7.42e-05 0.0025 1.256 inverted 117.82934348428758
0.304 0.022 0.43833333333333335 7.42e-05 0.0025 0.628 inverted 123.50624463973706
0.304 0.022 0.43833333333333335 7.42e-05 0.0025 0.628 normal 62.719478250756886
0.304 0.022 0.43833333333333335 7.42e-05 0.0025 3.454 normal 36.75167533347078
0.304 0.022 0.43833333333333335 7.42e-05 0.0025 3.14 inverted 108.04114993674551
0.304 0.022 0.43833333333333335 7.42e-05 0.0025 2.826 inverted 107.14019487186648
0.304 0.022 0.43833333333333335 7.42e-05 0.0025 2.512 normal 40.844864939016375
0.304 0.022 0.43833333333333335 7.42e-05 0.0025 0.314 normal 61.686683519915825
0.304 0.022 0.43833333333333335 7.42e-05 0.0025 2.198 normal 43.87382031578817
0.304 0.022 0.43833333333333335 7.42e-05 0.0025 3.454 inverted 110.49164285823441
0.304 0.022 0.43833333333333335 7.42e-05 0.0025 1.256 normal 58.28043055051021
0.304 0.022 0.43833333333333335 7.42e-05 0.0025 3.14 normal 37.51379430413041
0.304 0.022 0.43833333333333335 7.42e-05 0.0025 2.198 inverted 107.68914008375292
0.304 0.022 0.43833333333333335 7.42e-05 0.0025 0.942 inverted 121.22060342897889
0.304 0.022 0.43833333333333335 7.42e-05 0.0025 1.884 inverted 109.9814290517898
0.304 0.022 0.43833333333333335 7.42e-05 0.0025 0.0 normal 58.67477863788715
0.304 0.022 0.43833333333333335 7.42e-05 0.0025 0.314 inverted 123.97611493837223
0.304 0.022 0.43833333333333335 7.42e-05 0.0025 0.0 inverted 123.75520115733242
0.304 0.022 0.43833333333333335 7.42e-05 0.0025 2.512 inverted 106.89853017189213
0.304 0.022 0.43833333333333335 7.42e-05 0.0025 1.57 inverted 113.5786116945994
0.304 0.022 0.43833333333333335 7.42e-05 0.0025 5.338 inverted 118.11301963980188
0.304 0.022 0.45499999999999996 7.42e-05 0.0025 0.0 inverted 137.8915588444914
0.304 0.022 0.43833333333333335 7.42e-05 0.0025 6.28 inverted 123.65918189548043
0.304 0.022 0.43833333333333335 7.42e-05 0.0025 4.082 inverted 113.98459422581423
0.304 0.022 0.43833333333333335 7.42e-05 0.0025 5.652 inverted 120.50235293932839
0.304 0.022 0.43833333333333335 7.42e-05 0.0025 4.71 normal 39.33966131916048
0.304 0.022 0.45499999999999996 7.42e-05 0.0025 0.314 inverted 138.30935211101476
0.304 0.022 0.45499999999999996 7.42e-05 0.0025 0.314 normal 67.86603648848867
0.304 0.022 0.45499999999999996 7.42e-05 0.0025 0.0 normal 64.76741654934132
0.304 0.022 0.43833333333333335 7.42e-05 0.0025 3.768 normal 37.05863358664855
0.304 0.022 0.43833333333333335 7.42e-05 0.0025 5.024 normal 40.8796958454241
0.304 0.022 0.43833333333333335 7.42e-05 0.0025 6.28 normal 58.64063568652156
0.304 0.022 0.43833333333333335 7.42e-05 0.0025 4.082 normal 37.42995073816874
0.304 0.022 0.45499999999999996 7.42e-05 0.0025 0.628 normal 69.06329339904295
0.304 0.022 0.43833333333333335 7.42e-05 0.0025 5.024 inverted 116.9017878007688
0.304 0.022 0.43833333333333335 7.42e-05 0.0025 4.396 inverted 114.77709519022935
0.304 0.022 0.43833333333333335 7.42e-05 0.0025 4.396 normal 37.96876848757684
0.304 0.022 0.43833333333333335 7.42e-05 0.0025 5.338 normal 44.136096506673766
0.304 0.022 0.45499999999999996 7.42e-05 0.0025 0.628 inverted 138.16553602525283
0.304 0.022 0.43833333333333335 7.42e-05 0.0025 5.652 normal 48.74573789145222
0.304 0.022 0.43833333333333335 7.42e-05 0.0025 4.71 inverted 115.87411164830964
0.304 0.022 0.43833333333333335 7.42e-05 0.0025 5.966 inverted 122.1377144005964
0.304 0.022 0.43833333333333335 7.42e-05 0.0025 3.768 inverted 112.11607261464727
0.304 0.022 0.43833333333333335 7.42e-05 0.0025 5.966 normal 53.612870124809085
0.304 0.022 0.45499999999999996 7.42e-05 0.0025 0.942 inverted 135.74202675852285
0.304 0.022 0.45499999999999996 7.42e-05 0.0025 2.512 normal 45.70197387735195
0.304 0.022 0.45499999999999996 7.42e-05 0.0025 2.198 inverted 121.41602711506496
0.304 0.022 0.45499999999999996 7.42e-05 0.0025 3.14 inverted 120.83507423281178
0.304 0.022 0.45499999999999996 7.42e-05 0.0025 1.884 inverted 123.82635578177145
0.304 0.022 0.45499999999999996 7.42e-05 0.0025 4.396 normal 42.621375920638194
0.304 0.022 0.45499999999999996 7.42e-05 0.0025 2.826 inverted 120.14322757510156
0.304 0.022 0.45499999999999996 7.42e-05 0.0025 3.454 inverted 123.3649274311933
0.304 0.022 0.45499999999999996 7.42e-05 0.0025 3.768 normal 41.23397110985582
0.304 0.022 0.45499999999999996 7.42e-05 0.0025 1.57 normal 60.684812814837436
0.304 0.022 0.45499999999999996 7.42e-05 0.0025 1.57 inverted 127.67884949342661
0.304 0.022 0.45499999999999996 7.42e-05 0.0025 1.256 normal 64.54195601258257
0.304 0.022 0.45499999999999996 7.42e-05 0.0025 1.256 inverted 132.21881568138463
0.304 0.022 0.45499999999999996 7.42e-05 0.0025 4.396 inverted 128.12178483588778
0.304 0.022 0.45499999999999996 7.42e-05 0.0025 1.884 normal 54.671591802528845
0.304 0.022 0.45499999999999996 7.42e-05 0.0025 3.14 normal 41.7426715304281
0.304 0.022 0.45499999999999996 7.42e-05 0.0025 4.082 normal 41.79966333991871
0.304 0.022 0.45499999999999996 7.42e-05 0.0025 0.942 normal 67.22579077028625
0.304 0.022 0.45499999999999996 7.42e-05 0.0025 3.454 normal 40.82364181024272
0.304 0.022 0.45499999999999996 7.42e-05 0.0025 2.198 normal 49.04326247178266
0.304 0.022 0.45499999999999996 7.42e-05 0.0025 2.512 inverted 120.157012799733
0.304 0.022 0.45499999999999996 7.42e-05 0.0025 4.082 inverted 127.19497696666058
0.304 0.022 0.45499999999999996 7.42e-05 0.0025 2.826 normal 43.12596901356231
0.304 0.022 0.45499999999999996 7.42e-05 0.0025 3.768 inverted 124.90939387167657
0.304 0.022 0.4716666666666667 7.42e-05 0.0025 1.256 normal 69.39711345697437
0.304 0.022 0.45499999999999996 7.42e-05 0.0025 5.024 normal 45.962958619559146
0.304 0.022 0.45499999999999996 7.42e-05 0.0025 4.71 normal 44.37237410201962
0.304 0.022 0.45499999999999996 7.42e-05 0.0025 4.71 inverted 129.38567674396276
0.304 0.022 0.45499999999999996 7.42e-05 0.0025 5.024 inverted 130.6434772874046
0.304 0.022 0.45499999999999996 7.42e-05 0.0025 5.966 normal 59.60367317421686
0.304 0.022 0.4716666666666667 7.42e-05 0.0025 0.628 inverted 150.2650923841474
0.304 0.022 0.45499999999999996 7.42e-05 0.0025 5.652 normal 54.46070478664036
0.304 0.022 0.4716666666666667 7.42e-05 0.0025 0.942 normal 72.48713131568701
0.304 0.022 0.45499999999999996 7.42e-05 0.0025 6.28 normal 64.72449903058445
0.304 0.022 0.45499999999999996 7.42e-05 0.0025 5.652 inverted 134.7194524524827
0.304 0.022 0.4716666666666667 7.42e-05 0.0025 0.942 inverted 147.89319524001377
0.304 0.022 0.4716666666666667 7.42e-05 0.0025 0.0 inverted 149.20723875551064
0.304 0.022 0.4716666666666667 7.42e-05 0.0025 0.314 inverted 149.55362721359873
0.304 0.022 0.4716666666666667 7.42e-05 0.0025 0.314 normal 72.99670145946034
0.304 0.022 0.4716666666666667 7.42e-05 0.0025 1.57 inverted 138.96095927531505
0.304 0.022 0.45499999999999996 7.42e-05 0.0025 6.28 inverted 137.79505826019798
0.304 0.022 0.45499999999999996 7.42e-05 0.0025 5.338 inverted 132.12645473482914
0.304 0.022 0.4716666666666667 7.42e-05 0.0025 1.57 normal 65.3220257009766
0.304 0.022 0.4716666666666667 7.42e-05 0.0025 1.256 inverted 143.70433913156404
0.304 0.022 0.45499999999999996 7.42e-05 0.0025 5.966 inverted 136.36408381982287
0.304 0.022 0.4716666666666667 7.42e-05 0.0025 0.628 normal 74.22706163657068
0.304 0.022 0.45499999999999996 7.42e-05 0.0025 5.338 normal 49.76740586047609
0.304 0.022 0.4716666666666667 7.42e-05 0.0025 0.0 normal 69.86171563138198
0.304 0.022 0.4716666666666667 7.42e-05 0.0025 2.198 inverted 132.04384702708154
0.304 0.022 0.4716666666666667 7.42e-05 0.0025 3.14 normal 44.53268003193719
0.304 0.022 0.4716666666666667 7.42e-05 0.0025 2.198 normal 52.67970345517385
0.304 0.022 0.4716666666666667 7.42e-05 0.0025 4.396 normal 46.034952687877706
0.304 0.022 0.4716666666666667 7.42e-05 0.0025 4.71 normal 48.056921003444764
0.304 0.022 0.4716666666666667 7.42e-05 0.0025 3.454 normal 43.560751844294984
0.304 0.022 0.4716666666666667 7.42e-05 0.0025 2.826 normal 46.05538910945431
0.304 0.022 0.4716666666666667 7.42e-05 0.0025 1.884 inverted 134.83912856865226
0.304 0.022 0.4716666666666667 7.42e-05 0.0025 4.082 normal 44.85589746161668
0.304 0.022 0.4716666666666667 7.42e-05 0.0025 4.71 inverted 140.09366866736616
0.304 0.022 0.4716666666666667 7.42e-05 0.0025 4.082 inverted 137.33825750442728
0.304 0.022 0.4716666666666667 7.42e-05 0.0025 2.826 inverted 130.35332153935593
0.304 0.022 0.4716666666666667 7.42e-05 0.0025 5.338 inverted 143.0073674088889
0.304 0.022 0.4716666666666667 7.42e-05 0.0025 1.884 normal 58.775653101612185
0.304 0.022 0.4716666666666667 7.42e-05 0.0025 3.768 normal 44.007833529868485
0.304 0.022 0.4716666666666667 7.42e-05 0.0025 3.14 inverted 130.85537629177193
0.304 0.022 0.4716666666666667 7.42e-05 0.0025 5.338 normal 53.84964647856653
0.304 0.022 0.4716666666666667 7.42e-05 0.0025 3.454 inverted 133.3775852437663
0.304 0.022 0.4716666666666667 7.42e-05 0.0025 4.396 inverted 138.49498666791203
0.304 0.022 0.4716666666666667 7.42e-05 0.0025 5.024 normal 50.04199688632364
0.304 0.022 0.4716666666666667 7.42e-05 0.0025 5.024 inverted 141.33286249130134
0.304 0.022 0.4716666666666667 7.42e-05 0.0025 3.768 inverted 134.98867818449588
0.304 0.022 0.4716666666666667 7.42e-05 0.0025 2.512 inverted 130.64218241364128
0.304 0.022 0.4716666666666667 7.42e-05 0.0025 2.512 normal 49.10059195446065
0.304 0.022 0.4883333333333333 7.42e-05 0.0025 0.628 inverted 155.65318100110693
0.304 0.022 0.4883333333333333 7.42e-05 0.0025 0.0 inverted 154.41407502706008
0.304 0.022 0.4883333333333333 7.42e-05 0.0025 1.256 inverted 149.12883851586008
0.304 0.022 0.4883333333333333 7.42e-05 0.0025 0.314 normal 74.21511794453664
0.304 0.022 0.4883333333333333 7.42e-05 0.0025 0.314 inverted 154.82200599574395
0.304 0.022 0.4883333333333333 7.42e-05 0.0025 1.256 normal 70.1455781105511
0.304 0.022 0.4883333333333333 7.42e-05 0.0025 2.198 normal 52.36343482122361
0.304 0.022 0.4883333333333333 7.42e-05 0.0025 0.628 normal 75.41246212900329
0.304 0.022 0.4883333333333333 7.42e-05 0.0025 2.512 normal 48.32538174501316
0.304 0.022 0.4883333333333333 7.42e-05 0.0025 1.57 normal 65.70221524794852
0.304 0.022 0.4883333333333333 7.42e-05 0.0025 0.942 normal 73.54108473655215
0.304 0.022 0.4716666666666667 7.42e-05 0.0025 5.652 normal 59.16155513887655
0.304 0.022 0.4883333333333333 7.42e-05 0.0025 0.942 inverted 153.4983839999082
0.304 0.022 0.4883333333333333 7.42e-05 0.0025 2.512 inverted 135.24570121806306
0.304 0.022 0.4716666666666667 7.42e-05 0.0025 5.652 inverted 145.74603486130056
0.304 0.022 0.4716666666666667 7.42e-05 0.0025 6.28 normal 69.80204542522708
0.304 0.022 0.4883333333333333 7.42e-05 0.0025 1.884 inverted 139.99911559950357
0.304 0.022 0.4716666666666667 7.42e-05 0.0025 5.966 normal 64.75630246047584
0.304 0.022 0.4883333333333333 7.42e-05 0.0025 1.57 inverted 144.2398691716164
0.304 0.022 0.4883333333333333 7.42e-05 0.0025 0.0 normal 71.07771834893352
0.304 0.022 0.4716666666666667 7.42e-05 0.0025 6.28 inverted 149.10943201165156
0.304 0.022 0.4883333333333333 7.42e-05 0.0025 1.884 normal 58.764584703074675
0.304 0.022 0.4883333333333333 7.42e-05 0.0025 2.198 inverted 136.79383997599882
0.304 0.022 0.4716666666666667 7.42e-05 0.0025 5.966 inverted 147.51738442180422
0.304 0.022 0.4883333333333333 7.42e-05 0.0025 4.396 normal 45.66991708275644
0.304 0.022 0.4883333333333333 7.42e-05 0.0025 5.338 normal 54.540277680639015
0.304 0.022 0.4883333333333333 7.42e-05 0.0025 2.826 normal 45.420203763458524
0.304 0.022 0.4883333333333333 7.42e-05 0.0025 4.082 normal 44.078022759518234
0.304 0.022 0.4883333333333333 7.42e-05 0.0025 6.28 inverted 154.30365167572978
0.304 0.022 0.4883333333333333 7.42e-05 0.0025 3.14 normal 43.48739318468434
0.304 0.022 0.4883333333333333 7.42e-05 0.0025 3.454 inverted 137.41437851858407
0.304 0.022 0.4883333333333333 7.42e-05 0.0025 6.28 normal 71.04093595910392
0.304 0.022 0.4883333333333333 7.42e-05 0.0025 3.14 inverted 134.93048477086487
0.304 0.022 0.4883333333333333 7.42e-05 0.0025 3.768 inverted 138.94045792387067
0.304 0.022 0.4883333333333333 7.42e-05 0.0025 3.454 normal 42.55171297757712
0.304 0.022 0.4883333333333333 7.42e-05 0.0025 5.338 inverted 147.5710723352143
0.304 0.022 0.4883333333333333 7.42e-05 0.0025 5.652 normal 60.034669924042
0.304 0.022 0.4883333333333333 7.42e-05 0.0025 4.082 inverted 141.34348754508477
0.304 0.022 0.4883333333333333 7.42e-05 0.0025 3.768 normal 42.92290032862379
0.304 0.022 0.4883333333333333 7.42e-05 0.0025 5.652 inverted 150.55152870818466
0.304 0.022 0.4883333333333333 7.42e-05 0.0025 4.71 normal 48.07019267463776
0.304 0.022 0.4883333333333333 7.42e-05 0.0025 2.826 inverted 134.6907382621559
0.304 0.022 0.4883333333333333 7.42e-05 0.0025 4.396 inverted 142.58575673983827
0.304 0.022 0.4883333333333333 7.42e-05 0.0025 5.024 inverted 145.70820824889105
0.304 0.022 0.4883333333333333 7.42e-05 0.0025 5.966 inverted 152.46770701432945
0.304 0.022 0.4883333333333333 7.42e-05 0.0025 5.024 normal 50.43398569424918
0.304 0.022 0.4883333333333333 7.42e-05 0.0025 4.71 inverted 144.33643987978255
0.304 0.022 0.4883333333333333 7.42e-05 0.0025 5.966 normal 65.99929207374157
0.304 0.022 0.505 7.42e-05 0.0025 0.0 inverted 151.942300471839
0.304 0.022 0.505 7.42e-05 0.0025 1.57 normal 60.753654195191196
0.304 0.022 0.505 7.42e-05 0.0025 0.314 normal 70.11022049556415
0.304 0.022 0.505 7.42e-05 0.0025 0.628 inverted 153.0434566483596
0.304 0.022 0.505 7.42e-05 0.0025 1.256 normal 65.50405772148778
0.304 0.022 0.505 7.42e-05 0.0025 2.198 inverted 134.2022304211985
0.304 0.022 0.505 7.42e-05 0.0025 0.628 normal 71.23958888541819
0.304 0.022 0.505 7.42e-05 0.0025 0.942 inverted 151.4993074735616
0.304 0.022 0.505 7.42e-05 0.0025 0.0 normal 67.01488727691226
0.304 0.022 0.505 7.42e-05 0.0025 1.884 inverted 137.65318765403063
0.304 0.022 0.505 7.42e-05 0.0025 3.14 inverted 131.5330249942481
0.304 0.022 0.505 7.42e-05 0.0025 1.256 inverted 146.97687928104045
0.304 0.022 0.505 7.42e-05 0.0025 3.454 inverted 133.94581080915907
0.304 0.022 0.505 7.42e-05 0.0025 2.826 inverted 131.5397866936803
0.304 0.022 0.505 7.42e-05 0.0025 0.942 normal 69.17423599823933
0.304 0.022 0.505 7.42e-05 0.0025 3.14 normal 37.72226251962995
0.304 0.022 0.505 7.42e-05 0.0025 2.198 normal 47.46558782439954
0.304 0.022 0.505 7.42e-05 0.0025 2.826 normal 39.527400373598454
0.304 0.022 0.505 7.42e-05 0.0025 0.314 inverted 152.5176053154613
0.304 0.022 0.505 7.42e-05 0.0025 2.512 inverted 132.4358942452945
0.304 0.022 0.505 7.42e-05 0.0025 2.512 normal 42.61046389643365
0.304 0.022 0.505 7.42e-05 0.0025 1.884 normal 53.53247417677467
0.304 0.022 0.505 7.42e-05 0.0025 3.454 normal 36.85016286452427
0.304 0.022 0.505 7.42e-05 0.0025 1.57 inverted 141.91638339513474
0.304 0.022 0.505 7.42e-05 0.0025 4.082 normal 38.296421189229335
0.304 0.022 0.5216666666666667 7.42e-05 0.0025 0.0 inverted 141.8361038989299
0.304 0.022 0.505 7.42e-05 0.0025 3.768 normal 37.26485289606378
0.304 0.022 0.505 7.42e-05 0.0025 5.966 normal 61.838053460134596
0.304 0.022 0.5216666666666667 7.42e-05 0.0025 0.0 normal 57.725628040103416
0.304 0.022 0.505 7.42e-05 0.0025 4.71 normal 43.07708888536812
0.304 0.022 0.505 7.42e-05 0.0025 5.024 normal 45.76677146350696
0.304 0.022 0.505 7.42e-05 0.0025 5.652 normal 55.757692952784154
0.304 0.022 0.5216666666666667 7.42e-05 0.0025 0.314 normal 60.787504945346875
0.304 0.022 0.505 7.42e-05 0.0025 6.28 normal 66.96870521811806
0.304 0.022 0.505 7.42e-05 0.0025 4.396 inverted 138.9888185242374
0.304 0.022 0.505 7.42e-05 0.0025 5.338 normal 50.063088303365255
0.304 0.022 0.505 7.42e-05 0.0025 4.082 inverted 137.68262896934067
0.304 0.022 0.5216666666666667 7.42e-05 0.0025 0.628 normal 61.81094124289422
0.304 0.022 0.505 7.42e-05 0.0025 5.338 inverted 144.45917532549433
0.304 0.022 0.505 7.42e-05 0.0025 6.28 inverted 151.82393140395513
0.304 0.022 0.505 7.42e-05 0.0025 4.71 inverted 140.79632965810578
0.304 0.022 0.5216666666666667 7.42e-05 0.0025 0.628 inverted 143.19487053418302
0.304 0.022 0.505 7.42e-05 0.0025 5.024 inverted 142.24869780644315
0.304 0.022 0.505 7.42e-05 0.0025 5.652 inverted 147.5909164115362
0.304 0.022 0.505 7.42e-05 0.0025 5.966 inverted 149.51684835267878
0.304 0.022 0.505 7.42e-05 0.0025 4.396 normal 40.41507183063201
0.304 0.022 0.5216666666666667 7.42e-05 0.0025 0.314 inverted 142.61690248591563
0.304 0.022 0.505 7.42e-05 0.0025 3.768 inverted 135.35726793078575
0.304 0.022 0.5216666666666667 7.42e-05 0.0025 1.884 normal 43.42606451041764
0.304 0.022 0.5216666666666667 7.42e-05 0.0025 1.256 inverted 137.24759306340027
0.304 0.022 0.5216666666666667 7.42e-05 0.0025 0.942 inverted 141.816185868921
0.304 0.022 0.5216666666666667 7.42e-05 0.0025 1.57 inverted 132.27588925571777
0.304 0.022 0.5216666666666667 7.42e-05 0.0025 2.198 inverted 124.25130545603506
0.304 0.022 0.5216666666666667 7.42e-05 0.0025 1.884 inverted 128.38195556946528
0.304 0.022 0.5216666666666667 7.42e-05 0.0025 4.396 normal 30.599950623335765
0.304 0.022 0.5216666666666667 7.42e-05 0.0025 3.768 inverted 124.20724213159636
0.304 0.022 0.5216666666666667 7.42e-05 0.0025 2.826 inverted 121.0976091218251
0.304 0.022 0.5216666666666667 7.42e-05 0.0025 2.512 normal 32.5182841093127
0.304 0.022 0.5216666666666667 7.42e-05 0.0025 1.57 normal 50.745142227492444
0.304 0.022 0.5216666666666667 7.42e-05 0.0025 4.082 normal 28.54543264377837
0.304 0.022 0.5216666666666667 7.42e-05 0.0025 0.942 normal 59.62091007569394
0.304 0.022 0.5216666666666667 7.42e-05 0.0025 3.14 inverted 120.776806846854
0.304 0.022 0.5216666666666667 7.42e-05 0.0025 4.396 inverted 127.72003541466272
0.304 0.022 0.5216666666666667 7.42e-05 0.0025 2.198 normal 37.12213706259194
0.304 0.022 0.5216666666666667 7.42e-05 0.0025 3.14 normal 27.785704914462116
0.304 0.022 0.5216666666666667 7.42e-05 0.0025 4.082 inverted 126.35282694239821
0.304 0.022 0.5216666666666667 7.42e-05 0.0025 3.454 normal 27.03121532668008
0.304 0.022 0.5216666666666667 7.42e-05 0.0025 2.512 inverted 122.19547316510145
0.304 0.022 0.5216666666666667 7.42e-05 0.0025 1.256 normal 55.779625044368075
0.304 0.022 0.5216666666666667 7.42e-05 0.0025 3.768 normal 27.350333418589383
0.304 0.022 0.5216666666666667 7.42e-05 0.0025 3.454 inverted 123.00925365847691
0.304 0.022 0.5216666666666667 7.42e-05 0.0025 2.826 normal 29.41049023139374
0.304 0.022 0.5216666666666667 7.42e-05 0.0025 4.71 inverted 129.53642119669433
0.304 0.022 0.5216666666666667 7.42e-05 0.0025 5.652 normal 46.454717340326226
0.304 0.022 0.5216666666666667 7.42e-05 0.0025 5.966 inverted 139.11319391003104
0.304 0.022 0.5383333333333333 7.42e-05 0.0025 1.57 normal 37.4716625672484
0.304 0.022 0.5216666666666667 7.42e-05 0.0025 5.024 inverted 131.08931183189114
0.304 0.022 0.5216666666666667 7.42e-05 0.0025 6.28 inverted 141.72110469850105
0.304 0.022 0.5383333333333333 7.42e-05 0.0025 0.942 normal 47.17256537831196
0.304 0.022 0.5216666666666667 7.42e-05 0.0025 5.338 inverted 133.66447137654924
0.304 0.022 0.5216666666666667 7.42e-05 0.0025 5.024 normal 36.22515888230067
0.304 0.022 0.5216666666666667 7.42e-05 0.0025 4.71 normal 33.38426412363837
0.304 0.022 0.5216666666666667 7.42e-05 0.0025 5.338 normal 40.6718878850047
0.304 0.022 0.5383333333333333 7.42e-05 0.0025 0.628 normal 48.720555605080115
0.304 0.022 0.5383333333333333 7.42e-05 0.0025 0.628 inverted 127.42523533949345
0.304 0.022 0.5216666666666667 7.42e-05 0.0025 6.28 normal 57.67607358846996
0.304 0.022 0.5383333333333333 7.42e-05 0.0025 1.256 inverted 121.55824861910341
0.304 0.022 0.5383333333333333 7.42e-05 0.0025 0.314 normal 47.409785363015075
0.304 0.022 0.5383333333333333 7.42e-05 0.0025 1.57 inverted 116.7506938455963
0.304 0.022 0.5216666666666667 7.42e-05 0.0025 5.652 inverted 136.92251572864805
0.304 0.022 0.5383333333333333 7.42e-05 0.0025 0.942 inverted 126.12248778892277
0.304 0.022 0.5383333333333333 7.42e-05 0.0025 1.256 normal 42.728680690051895
0.304 0.022 0.5383333333333333 7.42e-05 0.0025 0.314 inverted 126.75367274371285
0.304 0.022 0.5216666666666667 7.42e-05 0.0025 5.966 normal 52.52868167291096
0.304 0.022 0.5383333333333333 7.42e-05 0.0025 0.0 inverted 125.66304684133836
0.304 0.022 0.5383333333333333 7.42e-05 0.0025 0.0 normal 44.79557584500183
0.304 0.022 0.5383333333333333 7.42e-05 0.0025 2.512 inverted 106.22477475146104
0.304 0.022 0.5383333333333333 7.42e-05 0.0025 2.198 inverted 108.51391307427436
0.304 0.022 0.5383333333333333 7.42e-05 0.0025 3.454 normal 15.153552077145823
0.304 0.022 0.5383333333333333 7.42e-05 0.0025 5.338 inverted 116.774596967607
0.304 0.022 0.5383333333333333 7.42e-05 0.0025 4.71 inverted 112.26023521508337
0.304 0.022 0.5383333333333333 7.42e-05 0.0025 2.826 normal 17.173399653878786
0.304 0.022 0.5383333333333333 7.42e-05 0.0025 2.512 normal 20.08868329999652
0.304 0.022 0.5383333333333333 7.42e-05 0.0025 3.768 inverted 107.12088044956865
0.304 0.022 0.5383333333333333 7.42e-05 0.0025 1.884 normal 30.315447081331072
0.304 0.022 0.5383333333333333 7.42e-05 0.0025 3.454 inverted 106.14294411995996
0.304 0.022 0.5383333333333333 7.42e-05 0.0025 5.024 normal 23.611829938098612
0.304 0.022 0.5383333333333333 7.42e-05 0.0025 3.768 normal 15.390737859546263
0.304 0.022 0.5383333333333333 7.42e-05 0.0025 5.024 inverted 113.86156939377342
0.304 0.022 0.5383333333333333 7.42e-05 0.0025 1.884 inverted 112.51119988723167
0.304 0.022 0.5383333333333333 7.42e-05 0.0025 3.14 inverted 104.33975744208213
0.304 0.022 0.5383333333333333 7.42e-05 0.0025 3.14 normal 15.736528068461745
0.304 0.022 0.5383333333333333 7.42e-05 0.0025 4.082 inverted 109.03486481250484
0.304 0.022 0.5383333333333333 7.42e-05 0.0025 4.396 normal 18.271404767211685
0.304 0.022 0.5383333333333333 7.42e-05 0.0025 2.198 normal 24.522187767499137
0.304 0.022 0.5383333333333333 7.42e-05 0.0025 4.396 inverted 110.32510974139893
0.304 0.022 0.5383333333333333 7.42e-05 0.0025 4.71 normal 20.789749819838278
0.304 0.022 0.5383333333333333 7.42e-05 0.0025 2.826 inverted 104.84328437711882
0.304 0.022 0.5383333333333333 7.42e-05 0.0025 5.338 normal 28.00842185938926
0.304 0.022 0.5383333333333333 7.42e-05 0.0025 4.082 normal 16.410319627114145
0.304 0.022 0.5383333333333333 7.42e-05 0.0025 6.28 normal 44.73643258993455
0.304 0.022 0.5549999999999999 7.42e-05 0.0025 1.884 normal 17.949140807045953
0.304 0.022 0.5383333333333333 7.42e-05 0.0025 5.652 inverted 120.16297466994114
0.304 0.022 0.5549999999999999 7.42e-05 0.0025 0.942 inverted 107.59062204152595
0.304 0.022 0.5549999999999999 7.42e-05 0.0025 2.512 normal 8.791613994647168
0.304 0.022 0.5383333333333333 7.42e-05 0.0025 5.966 inverted 122.70955256117213
0.304 0.022 0.5549999999999999 7.42e-05 0.0025 2.512 inverted 87.48674509333276
0.304 0.022 0.5549999999999999 7.42e-05 0.0025 2.198 normal 12.704593785168981
0.304 0.022 0.5549999999999999 7.42e-05 0.0025 1.256 inverted 103.16268762206965
0.304 0.022 0.5549999999999999 7.42e-05 0.0025 1.57 normal 24.309655293723505
0.304 0.022 0.5549999999999999 7.42e-05 0.0025 0.942 normal 33.46921633423055
0.304 0.022 0.5383333333333333 7.42e-05 0.0025 5.652 normal 33.697832737382974
0.304 0.022 0.5549999999999999 7.42e-05 0.0025 0.314 inverted 108.12509708369808
0.304 0.022 0.5549999999999999 7.42e-05 0.0025 1.256 normal 29.39860606397877
0.304 0.022 0.5549999999999999 7.42e-05 0.0025 0.628 normal 34.751999241543864
0.304 0.022 0.5549999999999999 7.42e-05 0.0025 0.314 normal 34.13405848954273
0.304 0.022 0.5383333333333333 7.42e-05 0.0025 5.966 normal 39.61828524518235
0.304 0.022 0.5549999999999999 7.42e-05 0.0025 2.198 inverted 90.107026874702
0.304 0.022 0.5549999999999999 7.42e-05 0.0025 0.0 normal 31.20344375642422
0.304 0.022 0.5549999999999999 7.42e-05 0.0025 1.884 inverted 94.06677368547855
0.304 0.022 0.5383333333333333 7.42e-05 0.0025 6.28 inverted 125.55180996826907
0.304 0.022 0.5549999999999999 7.42e-05 0.0025 0.628 inverted 108.88901614705784
0.304 0.022 0.5549999999999999 7.42e-05 0.0025 1.57 inverted 98.51311110436427
0.304 0.022 0.5549999999999999 7.42e-05 0.0025 0.0 inverted 106.96930596157786
0.304 0.022 0.5549999999999999 7.42e-05 0.0025 3.14 inverted 85.22263026496347
0.304 0.022 0.5549999999999999 7.42e-05 0.0025 3.768 normal 4.686674434729884
0.304 0.022 0.5549999999999999 7.42e-05 0.0025 5.966 normal 26.211657736899184
0.304 0.022 0.5549999999999999 7.42e-05 0.0025 4.082 normal 5.290076163933793
0.304 0.022 0.5549999999999999 7.42e-05 0.0025 4.082 inverted 88.88288835315103
0.304 0.022 0.5549999999999999 7.42e-05 0.0025 2.826 normal 6.308076227668659
0.304 0.022 0.5549999999999999 7.42e-05 0.0025 3.768 inverted 87.3285289594073
0.304 0.022 0.5549999999999999 7.42e-05 0.0025 5.024 normal 11.161652012403659
0.304 0.022 0.5549999999999999 7.42e-05 0.0025 3.454 normal 4.575014096449547
0.304 0.022 0.5549999999999999 7.42e-05 0.0025 5.338 normal 15.230815610770989
0.304 0.022 0.5549999999999999 7.42e-05 0.0025 6.28 inverted 106.87778607408548
0.304 0.022 0.5549999999999999 7.42e-05 0.0025 5.966 inverted 103.49643201512428
0.304 0.022 0.5549999999999999 7.42e-05 0.0025 5.652 normal 20.575662129685792
0.304 0.022 0.5549999999999999 7.42e-05 0.0025 5.024 inverted 93.78822530853337
0.304 0.022 0.5549999999999999 7.42e-05 0.0025 2.826 inverted 85.8997089561172
0.304 0.022 0.5549999999999999 7.42e-05 0.0025 4.396 normal 6.482814695933471
0.304 0.022 0.5549999999999999 7.42e-05 0.0025 3.454 inverted 86.53793414927367
0.304 0.022 0.5549999999999999 7.42e-05 0.0025 3.14 normal 5.076358105632608
0.304 0.022 0.5549999999999999 7.42e-05 0.0025 5.652 inverted 100.48836580073744
0.304 0.022 0.5549999999999999 7.42e-05 0.0025 4.396 inverted 90.1194321950782
0.304 0.022 0.5549999999999999 7.42e-05 0.0025 4.71 inverted 91.97193121110622
0.304 0.022 0.5549999999999999 7.42e-05 0.0025 5.338 inverted 96.9138640866991
0.304 0.022 0.5549999999999999 7.42e-05 0.0025 4.71 normal 8.577829108714688
0.304 0.022 0.5549999999999999 7.42e-05 0.0025 6.28 normal 31.152710718225403
0.304 0.022 0.5716666666666667 7.42e-05 0.0025 1.57 normal 15.845325912454493
0.304 0.022 0.5716666666666667 7.42e-05 0.0025 1.256 normal 20.328149441510007
0.304 0.022 0.5716666666666667 7.42e-05 0.0025 0.942 inverted 90.85474133262342
0.304 0.022 0.5716666666666667 7.42e-05 0.0025 0.0 normal 21.391085216360565
0.304 0.022 0.5716666666666667 7.42e-05 0.0025 3.14 normal 0.6623165172319962
0.304 0.022 0.5716666666666667 7.42e-05 0.0025 1.256 inverted 86.78498287538223
0.304 0.022 0.5716666666666667 7.42e-05 0.0025 2.198 inverted 73.65731739633638
0.304 0.022 0.5716666666666667 7.42e-05 0.0025 0.0 inverted 90.11860441159119
0.304 0.022 0.5716666666666667 7.42e-05 0.0025 2.512 inverted 70.76828177066184
0.304 0.022 0.5716666666666667 7.42e-05 0.0025 2.512 normal 3.4629175331778406
0.304 0.022 0.5716666666666667 7.42e-05 0.0025 0.942 normal 23.811901522059546
0.304 0.022 0.5716666666666667 7.42e-05 0.0025 2.198 normal 6.519199405257251
0.304 0.022 0.5716666666666667 7.42e-05 0.0025 3.454 normal 0.2679955718338592
0.304 0.022 0.5716666666666667 7.42e-05 0.0025 0.628 normal 25.028767836847972
0.304 0.022 0.5716666666666667 7.42e-05 0.0025 3.14 inverted 68.21700074364017
0.304 0.022 0.5716666666666667 7.42e-05 0.0025 0.314 inverted 91.61469341318104
0.304 0.022 0.5716666666666667 7.42e-05 0.0025 1.57 inverted 82.3071614973103
0.304 0.022 0.5716666666666667 7.42e-05 0.0025 0.314 normal 24.538442443705282
0.304 0.022 0.5716666666666667 7.42e-05 0.0025 1.884 normal 10.730859122546134
0.304 0.022 0.5716666666666667 7.42e-05 0.0025 0.628 inverted 92.29341690825599
0.304 0.022 0.5716666666666667 7.42e-05 0.0025 3.454 inverted 68.79992756927358
0.304 0.022 0.5716666666666667 7.42e-05 0.0025 2.826 normal 1.611802765946531
0.304 0.022 0.5716666666666667 7.42e-05 0.0025 1.884 inverted 77.84605306984476
0.304 0.022 0.5716666666666667 7.42e-05 0.0025 2.826 inverted 68.99326223289258
0.304 0.022 0.5716666666666667 7.42e-05 0.0025 3.768 normal 0.08566952917672498
0.304 0.022 0.5716666666666667 7.42e-05 0.0025 5.966 normal 16.73462305995301
0.304 0.022 0.5716666666666667 7.42e-05 0.0025 4.396 inverted 71.7342252740648
0.304 0.022 0.5883333333333334 7.42e-05 0.0025 0.0 normal 21.30297475060995
0.304 0.022 0.5716666666666667 7.42e-05 0.0025 4.71 inverted 73.44089551529878
0.304 0.022 0.5716666666666667 7.42e-05 0.0025 5.338 normal 6.910068329415718
0.304 0.022 0.5716666666666667 7.42e-05 0.0025 5.652 normal 11.59944501492941
0.304 0.022 0.5883333333333334 7.42e-05 0.0025 0.314 inverted 83.38034497011225
0.304 0.022 0.5716666666666667 7.42e-05 0.0025 6.28 normal 21.34152195022387
0.304 0.022 0.5716666666666667 7.42e-05 0.0025 5.338 inverted 78.696291593307
0.304 0.022 0.5716666666666667 7.42e-05 0.0025 6.28 inverted 90.07796607166945
0.304 0.022 0.5883333333333334 7.42e-05 0.0025 0.628 inverted 83.79743883978671
0.304 0.022 0.5883333333333334 7.42e-05 0.0025 0.0 inverted 81.17162252228756
0.304 0.022 0.5716666666666667 7.42e-05 0.0025 3.768 inverted 69.51758661070396
0.304 0.022 0.5716666666666667 7.42e-05 0.0025 4.082 normal 0.02959950070096448
0.304 0.022 0.5716666666666667 7.42e-05 0.0025 4.396 normal 0.38058454050153245
0.304 0.022 0.5716666666666667 7.42e-05 0.0025 5.024 inverted 75.57554427871231
0.304 0.022 0.5716666666666667 7.42e-05 0.0025 4.082 inverted 70.62756239811101
0.304 0.022 0.5716666666666667 7.42e-05 0.0025 5.652 inverted 82.63458072074341
0.304 0.022 0.5883333333333334 7.42e-05 0.0025 0.628 normal 25.233414650741633
0.304 0.022 0.5716666666666667 7.42e-05 0.0025 5.966 inverted 86.18912837235493
0.304 0.022 0.5716666666666667 7.42e-05 0.0025 5.024 normal 3.4793353631421238
0.304 0.022 0.5883333333333334 7.42e-05 0.0025 0.314 normal 24.185735899897722
0.304 0.022 0.5716666666666667 7.42e-05 0.0025 4.71 normal 1.4935989590018763
0.304 0.022 0.5883333333333334 7.42e-05 0.0025 3.768 inverted 59.970202249910365
0.304 0.022 0.5883333333333334 7.42e-05 0.0025 1.57 normal 18.192374848448857
0.304 0.022 0.5883333333333334 7.42e-05 0.0025 1.884 normal 15.029944610567853
0.304 0.022 0.5883333333333334 7.42e-05 0.0025 2.826 normal 9.39647756514864
0.304 0.022 0.5883333333333334 7.42e-05 0.0025 0.942 normal 24.22664649605095
0.304 0.022 0.5883333333333334 7.42e-05 0.0025 3.768 normal 7.7583315907279
0.304 0.022 0.5883333333333334 7.42e-05 0.0025 1.256 normal 21.66323209627289
0.304 0.022 0.5883333333333334 7.42e-05 0.0025 2.826 inverted 60.30504043920274
0.304 0.022 0.5883333333333334 7.42e-05 0.0025 0.942 inverted 82.27890075128198
0.304 0.022 0.5883333333333334 7.42e-05 0.0025 1.256 inverted 78.79436504796246
0.304 0.022 0.5883333333333334 7.42e-05 0.0025 2.512 inverted 62.224841605637415
0.304 0.022 0.5883333333333334 7.42e-05 0.0025 2.512 normal 10.335988751114082
0.304 0.022 0.5883333333333334 7.42e-05 0.0025 1.884 inverted 69.68703258970977
0.304 0.022 0.5883333333333334 7.42e-05 0.0025 3.14 normal 8.854405304914607
0.304 0.022 0.5883333333333334 7.42e-05 0.0025 3.454 normal 8.599357670719883
0.304 0.022 0.5883333333333334 7.42e-05 0.0025 3.14 inverted 59.52390017386737
0.304 0.022 0.5883333333333334 7.42e-05 0.0025 2.198 normal 12.17054908354342
0.304 0.022 0.5883333333333334 7.42e-05 0.0025 1.57 inverted 74.3003407529646
0.304 0.022 0.5883333333333334 7.42e-05 0.0025 4.396 normal 5.944804419690146
0.304 0.022 0.5883333333333334 7.42e-05 0.0025 2.198 inverted 65.41857978089443
0.304 0.022 0.5883333333333334 7.42e-05 0.0025 4.396 inverted 61.408902074518636
0.304 0.022 0.5883333333333334 7.42e-05 0.0025 3.454 inverted 59.33396176354035
0.304 0.022 0.5883333333333334 7.42e-05 0.0025 4.082 normal 6.872372058572907
0.304 0.022 0.5883333333333334 7.42e-05 0.0025 4.082 inverted 60.49197381250296
0.304 0.022 0.5883333333333334 7.42e-05 0.0025 5.024 inverted 65.38505126253125
0.304 0.022 0.5883333333333334 7.42e-05 0.0025 5.652 inverted 72.87697248087224
0.304 0.022 0.5883333333333334 7.42e-05 0.0025 4.71 inverted 62.92311214875643
0.304 0.022 0.5883333333333334 7.42e-05 0.0025 5.024 normal 6.61148242091215
0.304 0.022 0.605 7.42e-05 0.0025 0.0 normal 38.213914887246744
0.304 0.022 0.605 7.42e-05 0.0025 1.57 normal 38.988895117890344
0.304 0.022 0.5883333333333334 7.42e-05 0.0025 5.652 normal 12.753115154164433
0.304 0.022 0.605 7.42e-05 0.0025 1.57 inverted 82.1993939666699
0.304 0.022 0.5883333333333334 7.42e-05 0.0025 5.338 normal 9.060101733500781
0.304 0.022 0.605 7.42e-05 0.0025 0.314 normal 41.208856488547994
0.304 0.022 0.605 7.42e-05 0.0025 0.628 inverted 91.16139647483568
0.304 0.022 0.5883333333333334 7.42e-05 0.0025 6.28 inverted 81.13679140698864
0.304 0.022 0.605 7.42e-05 0.0025 0.314 inverted 90.88562525899884
0.304 0.022 0.605 7.42e-05 0.0025 0.942 normal 41.89515766562729
0.304 0.022 0.5883333333333334 7.42e-05 0.0025 4.71 normal 5.851216987716548
0.304 0.022 0.5883333333333334 7.42e-05 0.0025 5.338 inverted 68.78485474553501
0.304 0.022 0.5883333333333334 7.42e-05 0.0025 5.966 inverted 77.09324625783957
0.304 0.022 0.605 7.42e-05 0.0025 1.256 normal 40.936141851725026
0.304 0.022 0.5883333333333334 7.42e-05 0.0025 5.966 normal 17.07618485198107
0.304 0.022 0.605 7.42e-05 0.0025 0.0 inverted 88.07103644358158
0.304 0.022 0.5883333333333334 7.42e-05 0.0025 6.28 normal 21.25881334369158
0.304 0.022 0.605 7.42e-05 0.0025 0.628 normal 42.59169397053343
0.304 0.022 0.605 7.42e-05 0.0025 1.256 inverted 86.73916424905073
0.304 0.022 0.605 7.42e-05 0.0025 0.942 inverted 89.59155466598742
0.304 0.022 0.605 7.42e-05 0.0025 2.198 inverted 73.31709935584959
0.304 0.022 0.605 7.42e-05 0.0025 5.338 normal 29.096792675962018
0.304 0.022 0.605 7.42e-05 0.0025 5.024 normal 28.06813429502743
0.304 0.022 0.605 7.42e-05 0.0025 2.826 inverted 67.48378515342313
0.304 0.022 0.605 7.42e-05 0.0025 3.768 inverted 65.9956138364948
0.304 0.022 0.605 7.42e-05 0.0025 3.14 normal 37.35080906859717
0.304 0.022 0.605 7.42e-05 0.0025 3.454 normal 37.35615914822661
0.304 0.022 0.605 7.42e-05 0.0025 5.024 inverted 70.83474474700134
0.304 0.022 0.605 7.42e-05 0.0025 1.884 inverted 77.17892483990903
0.304 0.022 0.605 7.42e-05 0.0025 4.396 inverted 66.84800157432639
0.304 0.022 0.605 7.42e-05 0.0025 2.198 normal 37.15396333793551
0.304 0.022 0.605 7.42e-05 0.0025 5.338 inverted 74.56020129370481
0.304 0.022 0.605 7.42e-05 0.0025 1.884 normal 38.282304968512726
0.304 0.022 0.605 7.42e-05 0.0025 4.082 inverted 66.21541289444946
0.304 0.022 0.605 7.42e-05 0.0025 4.396 normal 30.772104504494237
0.304 0.022 0.605 7.42e-05 0.0025 2.512 inverted 69.63054352916079
0.304 0.022 0.605 7.42e-05 0.0025 4.71 inverted 68.14998765725139
0.304 0.022 0.605 7.42e-05 0.0025 2.512 normal 37.087196149637684
0.304 0.022 0.605 7.42e-05 0.0025 2.826 normal 37.280951719764644
0.304 0.022 0.605 7.42e-05 0.0025 3.454 inverted 65.78671369567458
0.304 0.022 0.605 7.42e-05 0.0025 4.71 normal 28.957327554662207
0.304 0.022 0.605 7.42e-05 0.0025 3.768 normal 35.84111241358109
0.304 0.022 0.605 7.42e-05 0.0025 3.14 inverted 66.65245707738954
0.304 0.022 0.605 7.42e-05 0.0025 4.082 normal 33.533363340909006
0.304 0.022 0.605 7.42e-05 0.0025 5.966 normal 34.55700932617988
0.304 0.022 0.605 7.42e-05 0.0025 5.966 inverted 83.93297899807185
0.304 0.022 0.605 7.42e-05 0.0025 6.28 inverted 88.02815723058181
0.304 0.022 0.6216666666666666 7.42e-05 0.0025 1.884 normal 89.50001273898118
0.304 0.022 0.6216666666666666 7.42e-05 0.0025 1.256 normal 87.0429150473519
0.304 0.022 0.6216666666666666 7.42e-05 0.0025 2.512 normal 92.72425477410961
0.304 0.022 0.6216666666666666 7.42e-05 0.0025 1.256 inverted 119.6722730703902
0.304 0.022 0.6216666666666666 7.42e-05 0.0025 1.57 inverted 115.16192149661727
0.304 0.022 0.6216666666666666 7.42e-05 0.0025 2.512 inverted 102.13595627656166
0.304 0.022 0.6216666666666666 7.42e-05 0.0025 0.0 inverted 120.27501164038246
0.304 0.022 0.6216666666666666 7.42e-05 0.0025 0.314 inverted 123.43499981324692
0.304 0.022 0.6216666666666666 7.42e-05 0.0025 1.884 inverted 109.7183737721578
0.304 0.022 0.6216666666666666 7.42e-05 0.0025 2.198 inverted 106.24934949701712
0.304 0.022 0.6216666666666666 7.42e-05 0.0025 0.628 normal 85.80848010388392
0.304 0.022 0.6216666666666666 7.42e-05 0.0025 1.57 normal 87.13830156076895
0.304 0.022 0.605 7.42e-05 0.0025 5.652 normal 31.160650509866844
0.304 0.022 0.605 7.42e-05 0.0025 6.28 normal 38.18156453485438
0.304 0.022 0.6216666666666666 7.42e-05 0.0025 0.0 normal 80.74159803109458
0.304 0.022 0.605 7.42e-05 0.0025 5.652 inverted 78.85705954387909
0.304 0.022 0.6216666666666666 7.42e-05 0.0025 0.628 inverted 123.49802674211703
0.304 0.022 0.6216666666666666 7.42e-05 0.0025 0.942 inverted 122.15774899617278
0.304 0.022 0.6216666666666666 7.42e-05 0.0025 0.942 normal 85.94294604317666
0.304 0.022 0.6216666666666666 7.42e-05 0.0025 0.314 normal 83.62634695811369
0.304 0.022 0.6216666666666666 7.42e-05 0.0025 2.198 normal 90.69597678868415
0.304 0.022 0.6216666666666666 7.42e-05 0.0025 3.454 normal 95.29008663254399
0.304 0.022 0.6216666666666666 7.42e-05 0.0025 6.28 normal 80.73030127984727
0.304 0.022 0.6216666666666666 7.42e-05 0.0025 5.338 normal 75.50744574265325
0.304 0.022 0.6216666666666666 7.42e-05 0.0025 3.14 inverted 98.9711632876531
0.304 0.022 0.6216666666666666 7.42e-05 0.0025 6.28 inverted 120.24659696862271
0.304 0.022 0.6216666666666666 7.42e-05 0.0025 2.826 inverted 99.56369658206674
0.304 0.022 0.6216666666666666 7.42e-05 0.0025 5.024 normal 76.30847847984012
0.304 0.022 0.6216666666666666 7.42e-05 0.0025 2.826 normal 94.33420631504654
0.304 0.022 0.6216666666666666 7.42e-05 0.0025 5.966 normal 77.8705432915477
0.304 0.022 0.6216666666666666 7.42e-05 0.0025 5.024 inverted 101.10738353449779
0.304 0.022 0.6216666666666666 7.42e-05 0.0025 4.71 normal 79.56594503275518
0.304 0.022 0.6216666666666666 7.42e-05 0.0025 3.768 normal 92.61668507820376
0.304 0.022 0.6216666666666666 7.42e-05 0.0025 4.396 normal 83.63945260612586
0.304 0.022 0.6216666666666666 7.42e-05 0.0025 3.14 normal 95.2662264717733
0.304 0.022 0.6216666666666666 7.42e-05 0.0025 5.338 inverted 105.35007506032491
0.304 0.022 0.6216666666666666 7.42e-05 0.0025 4.082 inverted 96.92396962739029
0.304 0.022 0.6216666666666666 7.42e-05 0.0025 5.652 normal 75.94681212479783
0.304 0.022 0.6216666666666666 7.42e-05 0.0025 5.652 inverted 109.87965789608322
0.304 0.022 0.6216666666666666 7.42e-05 0.0025 3.454 inverted 97.85967166059694
0.304 0.022 0.6216666666666666 7.42e-05 0.0025 4.396 inverted 97.22738734305689
0.304 0.022 0.6216666666666666 7.42e-05 0.0025 3.768 inverted 97.3932748045943
0.304 0.022 0.6216666666666666 7.42e-05 0.0025 4.71 inverted 98.25684502158283
0.304 0.022 0.6216666666666666 7.42e-05 0.0025 4.082 normal 88.84288957015558
0.304 0.022 0.6216666666666666 7.42e-05 0.0025 5.966 inverted 115.779008838704
0.304 0.022 0.6383333333333333 7.42e-05 0.0025 0.0 inverted 187.60681704037802
0.304 0.022 0.6383333333333333 7.42e-05 0.0025 0.0 normal 158.87094207553758
0.304 0.022 0.6383333333333333 7.42e-05 0.0025 0.314 normal 161.46451349124231
0.304 0.022 0.6383333333333333 7.42e-05 0.0025 1.256 inverted 188.1763396566043
0.304 0.022 0.6383333333333333 7.42e-05 0.0025 1.884 normal 178.8088188673453
0.304 0.022 0.6383333333333333 7.42e-05 0.0025 1.57 normal 172.91327622606627
0.304 0.022 0.6383333333333333 7.42e-05 0.0025 3.454 inverted 165.14942359291734
0.304 0.022 0.6383333333333333 7.42e-05 0.0025 2.198 inverted 174.77425974059898
0.304 0.022 0.6383333333333333 7.42e-05 0.0025 1.884 inverted 178.19889343239998
0.304 0.022 0.6383333333333333 7.42e-05 0.0025 0.942 inverted 190.42360915706976
0.304 0.022 0.6383333333333333 7.42e-05 0.0025 0.628 inverted 191.7224965675098
0.304 0.022 0.6383333333333333 7.42e-05 0.0025 2.826 normal 190.78753612168052
0.304 0.022 0.6383333333333333 7.42e-05 0.0025 3.14 normal 192.7130967502592
0.304 0.022 0.6383333333333333 7.42e-05 0.0025 2.826 inverted 167.3742567738734
0.304 0.022 0.6383333333333333 7.42e-05 0.0025 3.14 inverted 166.8509576266835
0.304 0.022 0.6383333333333333 7.42e-05 0.0025 0.942 normal 166.42012765957375
0.304 0.022 0.6383333333333333 7.42e-05 0.0025 2.198 normal 182.87149482771005
0.304 0.022 0.6383333333333333 7.42e-05 0.0025 0.628 normal 166.20748036521917
0.304 0.022 0.6383333333333333 7.42e-05 0.0025 1.57 inverted 183.56396329952193
0.304 0.022 0.6383333333333333 7.42e-05 0.0025 3.454 normal 192.82259332762663
0.304 0.022 0.6383333333333333 7.42e-05 0.0025 0.314 inverted 190.37661433054342
0.304 0.022 0.6383333333333333 7.42e-05 0.0025 2.512 normal 187.25080825627026
0.304 0.022 0.6383333333333333 7.42e-05 0.0025 1.256 normal 171.08424349090808
0.304 0.022 0.6383333333333333 7.42e-05 0.0025 2.512 inverted 170.40395877411757
0.304 0.022 0.6383333333333333 7.42e-05 0.0025 4.082 inverted 163.07490930592812
0.304 0.022 0.6383333333333333 7.42e-05 0.0025 3.768 inverted 163.7008649284043
0.304 0.022 0.6383333333333333 7.42e-05 0.0025 4.082 normal 182.98831100997543
0.304 0.022 0.6383333333333333 7.42e-05 0.0025 5.966 inverted 183.1266195035187
0.304 0.022 0.6383333333333333 7.42e-05 0.0025 4.71 inverted 163.78460980300147
0.304 0.022 0.6383333333333333 7.42e-05 0.0025 3.768 normal 188.99755548604386
0.304 0.022 0.6383333333333333 7.42e-05 0.0025 5.024 inverted 166.67978392653524
0.304 0.022 0.6383333333333333 7.42e-05 0.0025 5.024 normal 161.86356251714787
0.304 0.022 0.655 7.42e-05 0.0025 0.0 normal 284.0280247533068
0.304 0.022 0.655 7.42e-05 0.0025 0.628 inverted 306.4651726873546
0.304 0.022 0.6383333333333333 7.42e-05 0.0025 5.338 inverted 171.54407901269548
0.304 0.022 0.6383333333333333 7.42e-05 0.0025 4.396 normal 175.0885769499369
0.304 0.022 0.655 7.42e-05 0.0025 0.314 normal 286.5779101458929
0.304 0.022 0.6383333333333333 7.42e-05 0.0025 6.28 inverted 188.27051343396954
0.304 0.022 0.6383333333333333 7.42e-05 0.0025 5.338 normal 158.55658544540313
0.304 0.022 0.655 7.42e-05 0.0025 0.628 normal 290.74118085554363
0.304 0.022 0.6383333333333333 7.42e-05 0.0025 6.28 normal 158.8493243889322
0.304 0.022 0.655 7.42e-05 0.0025 0.0 inverted 302.8255308788263
0.304 0.022 0.6383333333333333 7.42e-05 0.0025 5.966 normal 157.14417751326536
0.304 0.022 0.655 7.42e-05 0.0025 0.314 inverted 304.9609291643329
0.304 0.022 0.6383333333333333 7.42e-05 0.0025 4.71 normal 168.23651220449474
0.304 0.022 0.6383333333333333 7.42e-05 0.0025 5.652 normal 156.96303547177325
0.304 0.022 0.6383333333333333 7.42e-05 0.0025 5.652 inverted 176.4434813904186
0.304 0.022 0.6383333333333333 7.42e-05 0.0025 4.396 inverted 163.031835865972
0.304 0.022 0.655 7.42e-05 0.0025 0.942 normal 295.1137987827162
0.304 0.022 0.655 7.42e-05 0.0025 1.884 normal 317.24669925072925
0.304 0.022 0.655 7.42e-05 0.0025 1.884 inverted 293.803329634129
0.304 0.022 0.655 7.42e-05 0.0025 2.198 inverted 288.56353354804395
0.304 0.022 0.655 7.42e-05 0.0025 3.768 inverted 277.56934142461034
0.304 0.022 0.655 7.42e-05 0.0025 3.454 inverted 279.7313296558665
0.304 0.022 0.655 7.42e-05 0.0025 4.396 normal 316.2914067347072
0.304 0.022 0.655 7.42e-05 0.0025 1.57 normal 307.52015495431687
0.304 0.022 0.655 7.42e-05 0.0025 4.396 inverted 276.0958685828302
0.304 0.022 0.655 7.42e-05 0.0025 3.14 normal 341.07079544451454
0.304 0.022 0.655 7.42e-05 0.0025 0.942 inverted 306.0775874672499
0.304 0.022 0.655 7.42e-05 0.0025 1.256 inverted 304.09455540652795
0.304 0.022 0.655 7.42e-05 0.0025 1.256 normal 302.79248901598
0.304 0.022 0.655 7.42e-05 0.0025 4.082 normal 328.79165560206127
0.304 0.022 0.655 7.42e-05 0.0025 3.454 normal 340.8801483157623
0.304 0.022 0.655 7.42e-05 0.0025 2.512 inverted 286.39014292029975
0.304 0.022 0.655 7.42e-05 0.0025 2.198 normal 324.59791921625975
0.304 0.022 0.655 7.42e-05 0.0025 2.826 inverted 282.6375039784171
0.304 0.022 0.655 7.42e-05 0.0025 3.768 normal 337.2856090935354
0.304 0.022 0.655 7.42e-05 0.0025 2.826 normal 338.0729415085334
0.304 0.022 0.655 7.42e-05 0.0025 3.14 inverted 282.06032699369683
0.304 0.022 0.655 7.42e-05 0.0025 2.512 normal 332.39292221719563
0.304 0.022 0.655 7.42e-05 0.0025 4.082 inverted 276.36238240526916
0.304 0.022 0.655 7.42e-05 0.0025 1.57 inverted 299.4231098336891
0.304 0.022 0.655 7.42e-05 0.0025 5.652 inverted 290.43251975428626
0.304 0.022 0.6716666666666666 7.42e-05 0.0025 1.256 normal 493.2805290506349
0.304 0.022 0.6716666666666666 7.42e-05 0.0025 0.942 normal 483.7618561602399
0.304 0.022 0.6716666666666666 7.42e-05 0.0025 0.314 normal 474.38333730987637
0.304 0.022 0.655 7.42e-05 0.0025 5.966 inverted 297.6908643595555
0.304 0.022 0.6716666666666666 7.42e-05 0.0025 0.628 inverted 481.84755025456946
0.304 0.022 0.655 7.42e-05 0.0025 5.966 normal 283.4775573045009
0.304 0.022 0.655 7.42e-05 0.0025 5.652 normal 283.82916032418166
0.304 0.022 0.6716666666666666 7.42e-05 0.0025 0.628 normal 476.5828747279342
0.304 0.022 0.6716666666666666 7.42e-05 0.0025 1.57 inverted 475.61351167775877
0.304 0.022 0.655 7.42e-05 0.0025 5.024 normal 296.67518522325855
0.304 0.022 0.655 7.42e-05 0.0025 5.338 inverted 284.83857793587526
0.304 0.022 0.655 7.42e-05 0.0025 4.71 normal 305.9798606116156
0.304 0.022 0.655 7.42e-05 0.0025 4.71 inverted 276.62918386658606
0.304 0.022 0.655 7.42e-05 0.0025 6.28 normal 284.01848281004357
0.304 0.022 0.6716666666666666 7.42e-05 0.0025 0.942 inverted 481.9881077401975
0.304 0.022 0.6716666666666666 7.42e-05 0.0025 0.314 inverted 480.82987660230805
0.304 0.022 0.6716666666666666 7.42e-05 0.0025 1.57 normal 503.42878635435585
0.304 0.022 0.655 7.42e-05 0.0025 5.024 inverted 279.5472410265287
0.304 0.022 0.6716666666666666 7.42e-05 0.0025 0.0 normal 468.810335010766
0.304 0.022 0.655 7.42e-05 0.0025 5.338 normal 289.70896740519504
0.304 0.022 0.6716666666666666 7.42e-05 0.0025 0.0 inverted 478.2965224939148
0.304 0.022 0.655 7.42e-05 0.0025 6.28 inverted 302.79417696477265
0.304 0.022 0.6716666666666666 7.42e-05 0.0025 1.256 inverted 480.5023606609328
0.304 0.022 0.6716666666666666 7.42e-05 0.0025 1.884 inverted 469.93548014577357
0.304 0.022 0.6716666666666666 7.42e-05 0.0025 3.454 normal 552.9662708299408
0.304 0.022 0.6716666666666666 7.42e-05 0.0025 2.198 normal 529.2645352347663
0.304 0.022 0.6716666666666666 7.42e-05 0.0025 1.884 normal 517.7450485654932
0.304 0.022 0.6716666666666666 7.42e-05 0.0025 3.14 inverted 457.51980449138665
0.304 0.022 0.6716666666666666 7.42e-05 0.0025 4.082 normal 537.010935808905
0.304 0.022 0.6716666666666666 7.42e-05 0.0025 2.512 inverted 463.2010355421413
0.304 0.022 0.6716666666666666 7.42e-05 0.0025 5.338 inverted 458.7021923108241
0.304 0.022 0.6716666666666666 7.42e-05 0.0025 3.14 normal 552.6514447553554
0.304 0.022 0.6716666666666666 7.42e-05 0.0025 2.512 normal 540.4917635781683
0.304 0.022 0.6716666666666666 7.42e-05 0.0025 3.454 inverted 455.4383117033236
0.304 0.022 0.6716666666666666 7.42e-05 0.0025 3.768 inverted 452.060042275222
0.304 0.022 0.6716666666666666 7.42e-05 0.0025 2.198 inverted 464.81937962372905
0.304 0.022 0.6716666666666666 7.42e-05 0.0025 4.71 normal 505.4565254927769
0.304 0.022 0.6716666666666666 7.42e-05 0.0025 5.024 inverted 452.8094127008078
0.304 0.022 0.6716666666666666 7.42e-05 0.0025 5.024 normal 493.41242906168645
0.304 0.022 0.6716666666666666 7.42e-05 0.0025 5.338 normal 481.45779786717725
0.304 0.022 0.6716666666666666 7.42e-05 0.0025 4.082 inverted 450.137971204698
0.304 0.022 0.6716666666666666 7.42e-05 0.0025 4.396 inverted 449.33232815579527
0.304 0.022 0.6716666666666666 7.42e-05 0.0025 4.71 inverted 449.73242343138276
0.304 0.022 0.6716666666666666 7.42e-05 0.0025 2.826 normal 550.2121567814131
0.304 0.022 0.6716666666666666 7.42e-05 0.0025 4.396 normal 519.6999562226387
0.304 0.022 0.6716666666666666 7.42e-05 0.0025 2.826 inverted 458.2973646378421
0.304 0.022 0.6716666666666666 7.42e-05 0.0025 3.768 normal 548.0183205054332
0.304 0.022 0.6716666666666666 7.42e-05 0.0025 5.966 inverted 472.50151358654665
0.304 0.022 0.6883333333333332 7.42e-05 0.0025 1.57 inverted 726.418752286294
0.304 0.022 0.6883333333333332 7.42e-05 0.0025 0.0 inverted 728.4267086161299
0.304 0.022 0.6883333333333332 7.42e-05 0.0025 1.256 inverted 731.6591865018488
0.304 0.022 0.6716666666666666 7.42e-05 0.0025 5.652 normal 472.2767872908854
0.304 0.022 0.6716666666666666 7.42e-05 0.0025 5.966 normal 469.57262512838423
0.304 0.022 0.6883333333333332 7.42e-05 0.0025 0.314 normal 732.6553432622161
0.304 0.022 0.6716666666666666 7.42e-05 0.0025 6.28 normal 468.78732083157377
0.304 0.022 0.6883333333333332 7.42e-05 0.0025 1.57 normal 774.2487324528652
0.304 0.022 0.6883333333333332 7.42e-05 0.0025 0.628 normal 737.0114025516349
0.304 0.022 0.6883333333333332 7.42e-05 0.0025 2.512 normal 825.596686248971
0.304 0.022 0.6883333333333332 7.42e-05 0.0025 2.198 inverted 715.8525332900267
0.304 0.022 0.6883333333333332 7.42e-05 0.0025 2.512 inverted 715.4248193994032
0.304 0.022 0.6883333333333332 7.42e-05 0.0025 0.628 inverted 732.0372570062583
0.304 0.022 0.6716666666666666 7.42e-05 0.0025 6.28 inverted 478.22786343609806
0.304 0.022 0.6883333333333332 7.42e-05 0.0025 0.314 inverted 731.2530815871643
0.304 0.022 0.6883333333333332 7.42e-05 0.0025 0.942 normal 746.6546088138933
0.304 0.022 0.6883333333333332 7.42e-05 0.0025 1.256 normal 759.4878914806561
0.304 0.022 0.6883333333333332 7.42e-05 0.0025 0.942 inverted 733.5712784402766
0.304 0.022 0.6883333333333332 7.42e-05 0.0025 2.198 normal 810.4583829119414
0.304 0.022 0.6883333333333332 7.42e-05 0.0025 1.884 normal 794.392769854242
0.304 0.022 0.6883333333333332 7.42e-05 0.0025 0.0 normal 726.8441665862293
0.304 0.022 0.6716666666666666 7.42e-05 0.0025 5.652 inverted 464.86792839535565
0.304 0.022 0.6883333333333332 7.42e-05 0.0025 1.884 inverted 720.7458175907998
0.304 0.022 0.6883333333333332 7.42e-05 0.0025 3.14 inverted 708.0374793832692
0.304 0.022 0.6883333333333332 7.42e-05 0.0025 4.082 normal 821.2352621230776
0.304 0.022 0.6883333333333332 7.42e-05 0.0025 3.768 inverted 701.162442213327
0.304 0.022 0.6883333333333332 7.42e-05 0.0025 5.338 inverted 707.0937208088645
0.304 0.022 0.6883333333333332 7.42e-05 0.0025 5.652 inverted 714.2100201488099
0.304 0.022 0.6883333333333332 7.42e-05 0.0025 5.024 normal 760.8858414373258
0.304 0.022 0.6883333333333332 7.42e-05 0.0025 3.454 inverted 705.4544720598395
0.304 0.022 0.6883333333333332 7.42e-05 0.0025 4.396 normal 798.9574212917099
0.304 0.022 0.6883333333333332 7.42e-05 0.0025 3.768 normal 835.8022695639994
0.304 0.022 0.6883333333333332 7.42e-05 0.0025 3.454 normal 841.6571706119441
0.304 0.022 0.6883333333333332 7.42e-05 0.0025 6.28 inverted 728.395419164452
0.304 0.022 0.6883333333333332 7.42e-05 0.0025 2.826 inverted 711.0754111273807
0.304 0.022 0.6883333333333332 7.42e-05 0.0025 2.826 normal 838.5469697801154
0.304 0.022 0.6883333333333332 7.42e-05 0.0025 5.338 normal 747.6486970777886
0.304 0.022 0.6883333333333332 7.42e-05 0.0025 5.652 normal 735.0565335696772
0.304 0.022 0.6883333333333332 7.42e-05 0.0025 4.396 inverted 696.9224814116429
0.304 0.022 0.6883333333333332 7.42e-05 0.0025 4.082 inverted 698.5070987434559
0.304 0.022 0.6883333333333332 7.42e-05 0.0025 5.966 normal 729.0836329777669
0.304 0.022 0.6883333333333332 7.42e-05 0.0025 4.71 inverted 697.2362307099011
0.304 0.022 0.6883333333333332 7.42e-05 0.0025 5.024 inverted 700.486508602676
0.304 0.022 0.6883333333333332 7.42e-05 0.0025 3.14 normal 842.005808808555
0.304 0.022 0.6883333333333332 7.42e-05 0.0025 4.71 normal 780.1249844238187
0.304 0.022 0.6883333333333332 7.42e-05 0.0025 6.28 normal 726.8189987566868
0.304 0.022 0.6883333333333332 7.42e-05 0.0025 5.966 inverted 722.1785458878223
0.304 0.022 0.705 7.42e-05 0.0025 0.314 inverted 1071.912027124126
0.304 0.022 0.705 7.42e-05 0.0025 0.0 normal 1072.9322274699728
0.304 0.022 0.705 7.42e-05 0.0025 2.198 normal 1180.1855035631665
0.304 0.022 0.705 7.42e-05 0.0025 0.942 normal 1098.1159960671782
0.304 0.022 0.705 7.42e-05 0.0025 1.256 normal 1115.3559069115286
0.304 0.022 0.705 7.42e-05 0.0025 1.57 inverted 1067.6647255943615
0.304 0.022 0.705 7.42e-05 0.0025 0.942 inverted 1074.8459982547322
0.304 0.022 0.705 7.42e-05 0.0025 0.0 inverted 1068.2400768290786
0.304 0.022 0.705 7.42e-05 0.0025 3.454 normal 1223.6372255945953
0.304 0.022 0.705 7.42e-05 0.0025 2.826 inverted 1051.544825103288
0.304 0.022 0.705 7.42e-05 0.0025 2.512 normal 1202.6735574022566
0.304 0.022 0.705 7.42e-05 0.0025 2.512 inverted 1055.6813289503586
0.304 0.022 0.705 7.42e-05 0.0025 0.628 normal 1086.4999630388202
0.304 0.022 0.705 7.42e-05 0.0025 3.14 inverted 1048.90770518971
0.304 0.022 0.705 7.42e-05 0.0025 0.314 normal 1079.8210706872578
0.304 0.022 0.705 7.42e-05 0.0025 2.198 inverted 1057.1723882786728
0.304 0.022 0.705 7.42e-05 0.0025 1.256 inverted 1072.947192766556
0.304 0.022 0.705 7.42e-05 0.0025 2.826 normal 1219.1129739645696
0.304 0.022 0.705 7.42e-05 0.0025 0.628 inverted 1072.6312874534956
0.304 0.022 0.705 7.42e-05 0.0025 3.14 normal 1223.9734549590257
0.304 0.022 0.705 7.42e-05 0.0025 1.57 normal 1135.5246368881053
0.304 0.022 0.705 7.42e-05 0.0025 1.884 inverted 1062.1179992131697
0.304 0.022 0.705 7.42e-05 0.0025 1.884 normal 1161.5843291709252
0.304 0.022 0.705 7.42e-05 0.0025 3.454 inverted 1044.2521437722858
0.304 0.022 0.705 7.42e-05 0.0025 4.082 inverted 1037.1160713327195
0.304 0.022 0.705 7.42e-05 0.0025 4.71 normal 1143.8745323743842
0.304 0.022 0.705 7.42e-05 0.0025 3.768 normal 1214.5214756803746
0.304 0.022 0.705 7.42e-05 0.0025 4.71 inverted 1035.0021386493502
0.304 0.022 0.705 7.42e-05 0.0025 4.396 normal 1169.0830573024425
0.304 0.022 0.705 7.42e-05 0.0025 3.768 inverted 1040.2882396036987
0.304 0.022 0.705 7.42e-05 0.0025 5.024 normal 1120.1878340371234
0.304 0.022 0.705 7.42e-05 0.0025 5.652 inverted 1053.1445497109212
0.304 0.022 0.705 7.42e-05 0.0025 5.966 normal 1076.7796260129426
0.304 0.022 0.705 7.42e-05 0.0025 4.082 normal 1195.6011000692097
0.304 0.022 0.705 7.42e-05 0.0025 5.338 inverted 1046.0902478790422
0.304 0.022 0.705 7.42e-05 0.0025 5.652 normal 1085.7443930588697
0.304 0.022 0.705 7.42e-05 0.0025 4.396 inverted 1035.2452411393408
0.304 0.022 0.705 7.42e-05 0.0025 5.966 inverted 1061.432673565976
0.304 0.022 0.705 7.42e-05 0.0025 6.28 normal 1072.8960888276592
0.304 0.022 0.705 7.42e-05 0.0025 6.28 inverted 1068.156613299543
0.304 0.022 0.705 7.42e-05 0.0025 5.024 inverted 1038.504420185594
0.304 0.022 0.705 7.42e-05 0.0025 5.338 normal 1102.5174141679327
