Sin2Theta12 Sin2Theta13 Sin2Theta23 Dm221 Dm231 dCP Ordering FluxNormalization_Below1GeV FluxNormalization_Above1GeV X2 
0.304 0.022 0.305 7.42e-05 0.0021 4.014 normal 1.0 0.9815472739582596 205.5647526132486
0.304 0.022 0.305 7.42e-05 0.0022500000000000003 4.014 normal 1.0 0.9828437515216643 141.4317714571219
0.304 0.022 0.305 7.42e-05 0.00205 4.014 normal 0.9999999999846162 0.9811763622325078 234.6351972252416
0.304 0.022 0.305 7.42e-05 0.00235 4.014 normal 1.0 0.9827970941759935 113.45520495029116
0.304 0.022 0.305 7.42e-05 0.0023 4.014 normal 1.0 0.9828067780962478 126.83579854397577
0.304 0.022 0.305 7.42e-05 0.00215 4.014 normal 1.0 0.9821600861023724 179.9992233206769
0.304 0.022 0.305 7.42e-05 0.0022 4.014 normal 1.0 0.9826457220374869 159.00341051732872
0.304 0.022 0.305 7.42e-05 0.002 4.014 normal 1.0 0.9810405989044104 266.75844990170543
0.304 0.022 0.305 7.42e-05 0.00255 4.014 normal 1.0 0.9841655372327053 86.68520239774827
0.304 0.022 0.305 7.42e-05 0.0025 4.014 normal 1.0 0.983733029504018 85.14790705918556
0.304 0.022 0.305 7.42e-05 0.00275 4.014 normal 1.0 0.9846614720309227 132.57825596730902
0.304 0.022 0.305 7.42e-05 0.00265 4.014 normal 1.0 0.9844484521081022 105.53840690562778
0.304 0.022 0.305 7.42e-05 0.0027 4.014 normal 1.0 0.9844813476742825 118.856590798485
0.304 0.022 0.305 7.42e-05 0.0024000000000000002 4.014 normal 1.0 0.982932611414521 100.6556033296226
0.304 0.022 0.305 7.42e-05 0.0026 4.014 normal 1.0 0.9843965326886827 94.05213053860048
0.304 0.022 0.305 7.42e-05 0.00245 4.014 normal 1.0 0.9832701310661003 90.3549334124408
0.304 0.022 0.305 7.42e-05 0.00295 4.014 normal 1.0 0.9855535769640921 193.4789825508689
0.304 0.022 0.32166666666666666 7.42e-05 0.0021 4.014 normal 1.0 0.9851479408322863 182.75609951542674
0.304 0.022 0.305 7.42e-05 0.0029000000000000002 4.014 normal 1.0 0.9853935091381103 176.14282164182416
0.304 0.022 0.32166666666666666 7.42e-05 0.002 4.014 normal 1.0 0.984597184302011 246.60579710442576
0.304 0.022 0.305 7.42e-05 0.00285 4.014 normal 1.0 0.9851801552854582 160.36873893534676
0.304 0.022 0.32166666666666666 7.42e-05 0.00205 4.014 normal 1.0 0.984744859049712 213.0076360514908
0.304 0.022 0.305 7.42e-05 0.003 4.014 normal 1.0 0.9856453845852537 212.42094932500945
0.304 0.022 0.305 7.42e-05 0.0028 4.014 normal 1.0 0.9849328072479689 146.4503359396399
0.304 0.022 0.32166666666666666 7.42e-05 0.0023 4.014 normal 1.0 0.9864849194931071 101.17185103567225
0.304 0.022 0.32166666666666666 7.42e-05 0.0025 4.014 normal 1.0 0.9874594889096072 57.671534172204844
0.304 0.022 0.32166666666666666 7.42e-05 0.0022500000000000003 4.014 normal 1.0 0.9864973287646724 116.9254048509388
0.304 0.022 0.32166666666666666 7.42e-05 0.00245 4.014 normal 1.0 0.9869687728431558 62.80420871268547
0.304 0.022 0.32166666666666666 7.42e-05 0.0022 4.014 normal 1.0 0.9862933963745042 135.23756329277927
0.304 0.022 0.32166666666666666 7.42e-05 0.0024000000000000002 4.014 normal 1.0 0.9866304857172082 73.2910807101739
0.304 0.022 0.32166666666666666 7.42e-05 0.00235 4.014 normal 1.0 0.9864834052055316 86.78902294407334
0.304 0.022 0.32166666666666666 7.42e-05 0.00215 4.014 normal 0.999999999984318 0.9857724043826342 156.76466019232552
0.304 0.022 0.32166666666666666 7.42e-05 0.0027 4.014 normal 1.0 0.9882654284154504 92.06395782201024
0.304 0.022 0.32166666666666666 7.42e-05 0.0029000000000000002 4.014 normal 1.0 0.9892290280757601 151.45655106777804
0.304 0.022 0.32166666666666666 7.42e-05 0.00255 4.014 normal 1.0 0.9879184413021865 59.37695933415072
0.304 0.022 0.32166666666666666 7.42e-05 0.00265 4.014 normal 1.0 0.988223066891439 78.56060733670613
0.304 0.022 0.32166666666666666 7.42e-05 0.00275 4.014 normal 0.9999999999952595 0.9884598644972209 106.38547066040178
0.304 0.022 0.32166666666666666 7.42e-05 0.00285 4.014 normal 1.0 0.988994238326196 135.28178659473195
0.304 0.022 0.32166666666666666 7.42e-05 0.0028 4.014 normal 1.0 0.9887301285150188 120.60445281593493
0.304 0.022 0.32166666666666666 7.42e-05 0.0026 4.014 normal 1.0 0.988163032867192 66.9278438963949
0.304 0.022 0.3383333333333333 7.42e-05 0.002 4.014 normal 1.0 0.98781635636181 232.93115859861493
0.304 0.022 0.3383333333333333 7.42e-05 0.0022 4.014 normal 1.0 0.989593035607628 118.44006991233142
0.304 0.022 0.3383333333333333 7.42e-05 0.0021 4.014 normal 1.0 0.9883795243355555 166.96438255650804
0.304 0.022 0.3383333333333333 7.42e-05 0.00205 4.014 normal 1.0 0.9879816852893208 197.96105866652172
0.304 0.022 0.3383333333333333 7.42e-05 0.0022500000000000003 4.014 normal 0.9999999999937202 0.9898017778117608 99.40917891313848
0.304 0.022 0.32166666666666666 7.42e-05 0.00295 4.014 normal 1.0 0.9894049573259186 169.27420249107905
0.304 0.022 0.32166666666666666 7.42e-05 0.003 4.014 normal 1.0 0.9895026579201213 188.43166652885787
0.304 0.022 0.3383333333333333 7.42e-05 0.00215 4.014 normal 1.0 0.9890513934450577 140.27010563377567
0.304 0.022 0.3383333333333333 7.42e-05 0.0024000000000000002 4.014 normal 0.9999999999968591 0.9899615013638922 53.20376064136299
0.304 0.022 0.3383333333333333 7.42e-05 0.0023 4.014 normal 1.0 0.9898092718400086 82.66678980293293
0.304 0.022 0.3383333333333333 7.42e-05 0.0025 4.014 normal 1.0 0.9908334764749566 37.51746750844932
0.304 0.022 0.3383333333333333 7.42e-05 0.00255 4.014 normal 1.0 0.991318006328968 39.41762620858105
0.304 0.022 0.3383333333333333 7.42e-05 0.00245 4.014 normal 1.0 0.9903256352105798 42.49740703828823
0.304 0.022 0.3383333333333333 7.42e-05 0.00235 4.014 normal 1.0 0.9898147266248738 67.3741184382436
0.304 0.022 0.3383333333333333 7.42e-05 0.0026 4.014 normal 1.0 0.9915710714958004 47.13667035663531
0.304 0.022 0.3383333333333333 7.42e-05 0.00265 4.014 normal 1.0 0.9916435891688724 58.916624544454265
0.304 0.022 0.3383333333333333 7.42e-05 0.0028 4.014 normal 1.0 0.9921869588726255 102.18954231494683
0.304 0.022 0.3383333333333333 7.42e-05 0.00275 4.014 normal 1.0 0.9919002165527977 87.4214015719593
0.304 0.022 0.3383333333333333 7.42e-05 0.00295 4.014 normal 1.0 0.9928983030247509 152.20036701982067
0.304 0.022 0.3383333333333333 7.42e-05 0.003 4.014 normal 1.0 0.9930043071623 171.5994481273038
0.304 0.022 0.3383333333333333 7.42e-05 0.00285 4.014 normal 0.9999999999936751 0.9924729362706156 117.45174963159823
0.304 0.022 0.355 7.42e-05 0.002 4.014 normal 1.0 0.9906895527556597 224.58156644030757
0.304 0.022 0.3383333333333333 7.42e-05 0.0027 4.014 normal 1.0 0.9916995578477539 72.61469313354256
0.304 0.022 0.3383333333333333 7.42e-05 0.0029000000000000002 4.014 normal 1.0 0.992718728605577 134.18131894413946
0.304 0.022 0.355 7.42e-05 0.0022 4.014 normal 1.0 0.992532964372832 107.32787748933576
0.304 0.022 0.355 7.42e-05 0.00215 4.014 normal 0.99999999999194 0.9919870198811033 129.39963984449753
0.304 0.022 0.355 7.42e-05 0.00235 4.014 normal 0.9999999999976648 0.9927951059743975 53.85556654263089
0.304 0.022 0.355 7.42e-05 0.0024000000000000002 4.014 normal 1.0 0.9929547328655475 39.11451577591597
0.304 0.022 0.355 7.42e-05 0.00205 4.014 normal 1.0 0.9908721997720712 188.37200843598066
0.304 0.022 0.355 7.42e-05 0.0023 4.014 normal 0.9999999999936704 0.9927851974616708 69.92175908115011
0.304 0.022 0.355 7.42e-05 0.0022500000000000003 4.014 normal 1.0 0.9927571286122695 87.63875928386692
0.304 0.022 0.355 7.42e-05 0.0021 4.014 normal 0.9999999999839297 0.9912971755933038 156.3615181553433
0.304 0.022 0.355 7.42e-05 0.0026 4.014 normal 1.0 0.9946244284323202 33.36192200536974
0.304 0.022 0.355 7.42e-05 0.0028 4.014 normal 1.0 0.9952826345797819 89.7875211131771
0.304 0.022 0.355 7.42e-05 0.0025 4.014 normal 1.0 0.9938624624125301 23.46017703267418
0.304 0.022 0.355 7.42e-05 0.00275 4.014 normal 1.0 0.9949867470385458 74.49305272436312
0.304 0.022 0.355 7.42e-05 0.00255 4.014 normal 1.0 0.9943465980632437 25.479873186876205
0.304 0.022 0.355 7.42e-05 0.0027 4.014 normal 1.0 0.9947711158001481 59.23161847982894
0.304 0.022 0.355 7.42e-05 0.00245 4.014 normal 1.0 0.9933284391958991 28.20935477473032
0.304 0.022 0.355 7.42e-05 0.00265 4.014 normal 1.0 0.9947048437479361 45.232069380133055
0.304 0.022 0.37166666666666665 7.42e-05 0.00205 4.014 normal 1.0 0.9933970594199539 182.97243453672425
0.304 0.022 0.355 7.42e-05 0.00295 4.014 normal 1.0 0.996031391280015 141.10802550821157
0.304 0.022 0.37166666666666665 7.42e-05 0.00215 4.014 normal 1.0 0.9945635827919143 122.96545494727114
0.304 0.022 0.355 7.42e-05 0.003 4.014 normal 1.0 0.9961357973902788 160.56012603045988
0.304 0.022 0.355 7.42e-05 0.00285 4.014 normal 1.0 0.9955894258856972 105.59399682675598
0.304 0.022 0.37166666666666665 7.42e-05 0.002 4.014 normal 0.9999999812161422 0.9932149362348469 220.2824393092228
0.304 0.022 0.37166666666666665 7.42e-05 0.0021 4.014 normal 1.0 0.9938539573454981 150.2231962252141
0.304 0.022 0.355 7.42e-05 0.0029000000000000002 4.014 normal 1.0 0.9958382464820724 122.69182114367828
0.304 0.022 0.37166666666666665 7.42e-05 0.00235 4.014 normal 0.9999999999904068 0.9954186104270588 45.0872000758628
0.304 0.022 0.37166666666666665 7.42e-05 0.00255 4.014 normal 1.0 0.9970354186125914 16.431451832882924
0.304 0.022 0.37166666666666665 7.42e-05 0.0023 4.014 normal 1.0 0.9953999815770161 61.87207949989461
0.304 0.022 0.37166666666666665 7.42e-05 0.00245 4.014 normal 1.0 0.9959754501562821 18.733153410322146
0.304 0.022 0.37166666666666665 7.42e-05 0.0024000000000000002 4.014 normal 0.9999999999947473 0.9955793459159795 29.804551569763987
0.304 0.022 0.37166666666666665 7.42e-05 0.0022 4.014 normal 1.0 0.9951351681976962 100.5945756398816
0.304 0.022 0.37166666666666665 7.42e-05 0.0022500000000000003 4.014 normal 0.9999999961201189 0.9953559025694633 80.39908846250593
0.304 0.022 0.37166666666666665 7.42e-05 0.0025 4.014 normal 0.9999999999986258 0.9965411141024496 14.2255665389132
0.304 0.022 0.37166666666666665 7.42e-05 0.00295 4.014 normal 0.9999999999908873 0.9987850391987363 134.63276606129241
0.304 0.022 0.37166666666666665 7.42e-05 0.0029000000000000002 4.014 normal 1.0 0.9985970039994281 115.84130329013259
0.304 0.022 0.37166666666666665 7.42e-05 0.0027 4.014 normal 1.0 0.9974817419431542 50.63853602507414
0.304 0.022 0.37166666666666665 7.42e-05 0.0028 4.014 normal 1.0 0.9980181656571104 82.07816182803342
0.304 0.022 0.37166666666666665 7.42e-05 0.00275 4.014 normal 0.9999999999954211 0.9977112314452294 66.28947107203298
0.304 0.022 0.37166666666666665 7.42e-05 0.0026 4.014 normal 0.9999999999979339 0.99732225366573 24.44238382117037
0.304 0.022 0.37166666666666665 7.42e-05 0.00265 4.014 normal 1.0 0.9974097266464289 36.4449498235998
0.304 0.022 0.37166666666666665 7.42e-05 0.00285 4.014 normal 0.9999999999954335 0.998338759859687 98.40360915075998
0.304 0.022 0.37166666666666665 7.42e-05 0.003 4.014 normal 1.0 0.9989045708797228 154.16761681991318
0.304 0.022 0.3883333333333333 7.42e-05 0.00215 4.014 normal 1.0 0.9967893814441402 119.78697381203685
0.304 0.022 0.3883333333333333 7.42e-05 0.002 4.014 normal 1.0 0.9953909507219343 218.93212681470033
0.304 0.022 0.3883333333333333 7.42e-05 0.0022500000000000003 4.014 normal 0.9999999999935878 0.997607320389127 76.53724183604902
0.304 0.022 0.3883333333333333 7.42e-05 0.00205 4.014 normal 1.0 0.9955887372110225 180.71573491821022
0.304 0.022 0.3883333333333333 7.42e-05 0.0022 4.014 normal 1.0 0.9973790524673278 97.12090944390688
0.304 0.022 0.3883333333333333 7.42e-05 0.0021 4.014 normal 1.0 0.9960761389650055 147.15398392098746
0.304 0.022 0.3883333333333333 7.42e-05 0.0023 4.014 normal 1.0 0.9976598628744051 57.25226705143512
0.304 0.022 0.3883333333333333 7.42e-05 0.0027 4.014 normal 1.0 0.9997569146806162 45.69117803058752
0.304 0.022 0.3883333333333333 7.42e-05 0.00265 4.014 normal 1.0 0.9996542623966523 31.33393630030031
0.304 0.022 0.3883333333333333 7.42e-05 0.0025 4.014 normal 1.0 0.9988476442860992 8.690114038879113
0.304 0.022 0.3883333333333333 7.42e-05 0.00245 4.014 normal 0.9999999998699782 0.9982657556735146 12.946067463242892
0.304 0.022 0.3883333333333333 7.42e-05 0.0026 4.014 normal 1.0 0.9996570659865222 19.21274795943113
0.304 0.022 0.3883333333333333 7.42e-05 0.00255 4.014 normal 0.9999999999983884 0.9993592953470275 11.058448075005728
0.304 0.022 0.3883333333333333 7.42e-05 0.00235 4.014 normal 0.9999999999967933 0.9976988687559908 39.82196706429017
0.304 0.022 0.3883333333333333 7.42e-05 0.0024000000000000002 4.014 normal 0.9999999999983961 0.9978638085198549 24.143776434036265
0.304 0.022 0.3883333333333333 7.42e-05 0.0028 4.014 normal 1.0 1.0004177788908666 77.92205880557833
0.304 0.022 0.3883333333333333 7.42e-05 0.00275 4.014 normal 1.0 1.0000690541715578 61.665501731529346
0.304 0.022 0.3883333333333333 7.42e-05 0.00295 4.014 normal 1.0 1.0011776038207445 131.5947617027886
0.304 0.022 0.3883333333333333 7.42e-05 0.00285 4.014 normal 1.0 1.0007149231092318 94.70380141113476
0.304 0.022 0.3883333333333333 7.42e-05 0.003 4.014 normal 1.0 1.001308761389008 151.4764105767865
0.304 0.022 0.3883333333333333 7.42e-05 0.0029000000000000002 4.014 normal 1.0 1.000979990567339 112.6055112256915
0.304 0.022 0.405 7.42e-05 0.002 4.014 normal 1.0 0.9972202180019093 219.5023733399884
0.304 0.022 0.405 7.42e-05 0.00205 4.014 normal 1.0 0.9974257933445918 180.47522057901003
0.304 0.022 0.405 7.42e-05 0.0022500000000000003 4.014 normal 1.0 0.9992928795430541 75.02799973364122
0.304 0.022 0.405 7.42e-05 0.00245 4.014 normal 1.0 1.000203801221106 9.855671410578164
0.304 0.022 0.405 7.42e-05 0.00235 4.014 normal 1.0 0.999444268712262 37.19624519867825
0.304 0.022 0.405 7.42e-05 0.0024000000000000002 4.014 normal 1.0 0.9996874613946347 21.133528520226786
0.304 0.022 0.405 7.42e-05 0.0023 4.014 normal 1.0 0.9993790312681968 55.16282450469253
0.304 0.022 0.405 7.42e-05 0.0022 4.014 normal 1.0 0.9992650177662988 95.9523086806483
0.304 0.022 0.405 7.42e-05 0.00215 4.014 normal 1.0 0.9986644132207092 118.81735870764767
0.304 0.022 0.405 7.42e-05 0.0021 4.014 normal 1.0 0.9979300079963975 146.3872368563185
0.304 0.022 0.405 7.42e-05 0.00265 4.014 normal 1.0 1.001737389100336 28.85606163114042
0.304 0.022 0.405 7.42e-05 0.00285 4.014 normal 0.9999999999930791 1.002724277517631 93.47922927382687
0.304 0.022 0.405 7.42e-05 0.0026 4.014 normal 1.0 1.0016304050827523 16.665703588995292
0.304 0.022 0.405 7.42e-05 0.00275 4.014 normal 1.0 1.0020502037647658 59.6236134834472
0.304 0.022 0.405 7.42e-05 0.0025 4.014 normal 0.9999999999991924 1.0007907938012652 5.798129092457774
0.304 0.022 0.405 7.42e-05 0.00255 4.014 normal 0.9999999999983835 1.0013271925082712 8.416289587458829
0.304 0.022 0.405 7.42e-05 0.0027 4.014 normal 1.0 1.0018116666098076 43.39218895676029
0.304 0.022 0.405 7.42e-05 0.0028 4.014 normal 1.0 1.0023882149515317 76.30708610390793
0.304 0.022 0.42166666666666663 7.42e-05 0.00215 4.014 normal 1.0 1.000190956499527 119.20154588193124
0.304 0.022 0.42166666666666663 7.42e-05 0.0021 4.014 normal 1.0 0.9991897403618916 146.93258889840317
0.304 0.022 0.405 7.42e-05 0.003 4.014 normal 1.0 1.0033422339527391 151.32585029534775
0.304 0.022 0.405 7.42e-05 0.00295 4.014 normal 1.0 1.003201871199634 130.9237675197455
0.304 0.022 0.42166666666666663 7.42e-05 0.0022 4.014 normal 1.0 1.0007896916847665 96.20918202938103
0.304 0.022 0.42166666666666663 7.42e-05 0.002 4.014 normal 1.0 0.9986902732688939 221.17993902452952
0.304 0.022 0.42166666666666663 7.42e-05 0.00205 4.014 normal 1.0 0.9989181461737839 181.43493975630477
0.304 0.022 0.405 7.42e-05 0.0029000000000000002 4.014 normal 1.0 1.0029957985618998 111.76776015622981
0.304 0.022 0.42166666666666663 7.42e-05 0.0024000000000000002 4.014 normal 0.9999999999984936 1.0013343273684017 19.861113284920364
0.304 0.022 0.42166666666666663 7.42e-05 0.00235 4.014 normal 1.0 1.0011615201594275 36.2370160194009
0.304 0.022 0.42166666666666663 7.42e-05 0.0026 4.014 normal 0.999999999402748 1.003237699620614 15.873742981208085
0.304 0.022 0.42166666666666663 7.42e-05 0.0023 4.014 normal 1.0 1.00110582564614 54.640725919259985
0.304 0.022 0.42166666666666663 7.42e-05 0.0022500000000000003 4.014 normal 1.0 1.001036909015637 74.9764570463228
0.304 0.022 0.42166666666666663 7.42e-05 0.00245 4.014 normal 0.9999999999983824 1.001759165530178 8.545316169079387
0.304 0.022 0.42166666666666663 7.42e-05 0.0025 4.014 normal 0.9999999998950632 1.0023578693608082 4.66972484635807
0.304 0.022 0.42166666666666663 7.42e-05 0.00255 4.014 normal 0.999999999938109 1.0029203744882984 7.480826489964744
0.304 0.022 0.42166666666666663 7.42e-05 0.0029000000000000002 4.014 normal 0.9999999999939376 1.0046389490922456 112.40071279759069
0.304 0.022 0.42166666666666663 7.42e-05 0.00295 4.014 normal 1.0 1.0048452858818444 131.7067300773256
0.304 0.022 0.42166666666666663 7.42e-05 0.00275 4.014 normal 1.0 1.0036685708583208 59.23508332636136
0.304 0.022 0.42166666666666663 7.42e-05 0.003 4.014 normal 1.0 1.0049988709846323 152.25198205395392
0.304 0.022 0.42166666666666663 7.42e-05 0.00265 4.014 normal 0.9999999988984639 1.003345704108682 28.120531045756604
0.304 0.022 0.42166666666666663 7.42e-05 0.0028 4.014 normal 1.0 1.0040232524541037 76.31149534676622
0.304 0.022 0.42166666666666663 7.42e-05 0.00285 4.014 normal 1.0 1.0043622659525917 93.81446534477189
0.304 0.022 0.42166666666666663 7.42e-05 0.0027 4.014 normal 1.0 1.0034246014854473 42.79645873414742
0.304 0.022 0.43833333333333335 7.42e-05 0.0021 4.014 normal 1.0 1.0006153197348298 148.01117424482814
0.304 0.022 0.43833333333333335 7.42e-05 0.002 4.014 normal 1.0 0.9997382458496963 223.15293188001476
0.304 0.022 0.43833333333333335 7.42e-05 0.00205 4.014 normal 1.0 1.0000499728423182 182.85417197405076
0.304 0.022 0.43833333333333335 7.42e-05 0.0022500000000000003 4.014 normal 1.0 1.0022112669661372 75.67225682553395
0.304 0.022 0.43833333333333335 7.42e-05 0.0022 4.014 normal 1.0 1.0019504170934757 97.15351120114087
0.304 0.022 0.43833333333333335 7.42e-05 0.0023 4.014 normal 1.0 1.002288906490129 54.95524873155319
0.304 0.022 0.43833333333333335 7.42e-05 0.00215 4.014 normal 1.0 1.0013342010972144 120.19177437663399
0.304 0.022 0.43833333333333335 7.42e-05 0.00235 4.014 normal 1.0 1.002353325026162 36.20744993206427
0.304 0.022 0.43833333333333335 7.42e-05 0.00275 4.014 normal 1.0 1.004919882378579 59.770601930787336
0.304 0.022 0.43833333333333335 7.42e-05 0.0024000000000000002 4.014 normal 1.0 1.0025304258668561 19.603275668974984
0.304 0.022 0.43833333333333335 7.42e-05 0.0027 4.014 normal 1.0 1.0046707155415324 43.13831454026903
0.304 0.022 0.43833333333333335 7.42e-05 0.00265 4.014 normal 1.0 1.0045842225793802 28.361657962342274
0.304 0.022 0.43833333333333335 7.42e-05 0.00255 4.014 normal 0.9999999999987551 1.0041447217598833 7.565153602351403
0.304 0.022 0.43833333333333335 7.42e-05 0.0026 4.014 normal 0.9999999999992427 1.0044716397636293 16.058379118286915
0.304 0.022 0.43833333333333335 7.42e-05 0.0025 4.014 normal 0.9999999997343129 1.0035743094386145 4.5452501548823045
0.304 0.022 0.43833333333333335 7.42e-05 0.00245 4.014 normal 0.999999999998432 1.0029683987799873 8.273901595212735
0.304 0.022 0.45499999999999996 7.42e-05 0.00205 4.014 normal 1.0 1.0008824168159074 184.1453022558697
0.304 0.022 0.45499999999999996 7.42e-05 0.002 4.014 normal 1.0 1.0006273703224065 224.85605618346375
0.304 0.022 0.43833333333333335 7.42e-05 0.0029000000000000002 4.014 normal 1.0 1.0059073786646557 113.72968678411765
0.304 0.022 0.43833333333333335 7.42e-05 0.00285 4.014 normal 1.0 1.0056266575165491 94.90540871258135
0.304 0.022 0.43833333333333335 7.42e-05 0.00295 4.014 normal 1.0 1.0061215966940216 133.1818728654366
0.304 0.022 0.45499999999999996 7.42e-05 0.0021 4.014 normal 1.0 1.0013608242947778 149.06884494963214
0.304 0.022 0.43833333333333335 7.42e-05 0.003 4.014 normal 1.0 1.0062815084725911 153.8822605256937
0.304 0.022 0.43833333333333335 7.42e-05 0.0028 4.014 normal 1.0 1.0052784481564467 77.13262730230362
0.304 0.022 0.45499999999999996 7.42e-05 0.0023 4.014 normal 1.0 1.0031074304118617 55.49524095184339
0.304 0.022 0.45499999999999996 7.42e-05 0.0022 4.014 normal 0.9999999990005234 1.0027601133634003 98.15391555263385
0.304 0.022 0.45499999999999996 7.42e-05 0.0022500000000000003 4.014 normal 1.0 1.0030229565172586 76.48133520433531
0.304 0.022 0.45499999999999996 7.42e-05 0.0024000000000000002 4.014 normal 0.9999999989567409 1.0033558323254654 19.72984909310975
0.304 0.022 0.45499999999999996 7.42e-05 0.00215 4.014 normal 1.0 1.0021290441187871 121.21282509269574
0.304 0.022 0.45499999999999996 7.42e-05 0.00235 4.014 normal 1.0 1.0031754061689588 36.51521704576362
0.304 0.022 0.45499999999999996 7.42e-05 0.0025 4.014 normal 0.9999999999983467 1.004420380221073 4.830130604399231
0.304 0.022 0.45499999999999996 7.42e-05 0.00245 4.014 normal 1.0 1.0038089206965375 8.451135299008683
0.304 0.022 0.45499999999999996 7.42e-05 0.0027 4.014 normal 1.0 1.005550026130523 43.790972267036246
0.304 0.022 0.45499999999999996 7.42e-05 0.0029000000000000002 4.014 normal 1.0 1.0067992644801826 115.11962036844498
0.304 0.022 0.45499999999999996 7.42e-05 0.00275 4.014 normal 0.9999999999969629 1.0057972859298885 60.55111037876995
0.304 0.022 0.45499999999999996 7.42e-05 0.00285 4.014 normal 1.0 1.0065157219546088 96.1226266605456
0.304 0.022 0.45499999999999996 7.42e-05 0.0028 4.014 normal 1.0 1.0061647667431333 78.1499541488459
0.304 0.022 0.45499999999999996 7.42e-05 0.00255 4.014 normal 0.9999999999983451 1.0049939309882674 7.997585351480776
0.304 0.022 0.45499999999999996 7.42e-05 0.00265 4.014 normal 1.0 1.0054509324718712 28.93840794411142
0.304 0.022 0.45499999999999996 7.42e-05 0.0026 4.014 normal 1.0 1.0053341380918772 16.589973980020392
0.304 0.022 0.4716666666666667 7.42e-05 0.002 4.014 normal 1.0 1.0010700654887597 225.8656513123071
0.304 0.022 0.4716666666666667 7.42e-05 0.00215 4.014 normal 1.0 1.0025669773217887 121.76739239972672
0.304 0.022 0.4716666666666667 7.42e-05 0.00205 4.014 normal 1.0 1.00124105792072 184.86934607170096
0.304 0.022 0.4716666666666667 7.42e-05 0.0022500000000000003 4.014 normal 1.0 1.003470340756325 76.9523841555234
0.304 0.022 0.4716666666666667 7.42e-05 0.0021 4.014 normal 1.0 1.0017904061740555 149.6627993362891
0.304 0.022 0.45499999999999996 7.42e-05 0.00295 4.014 normal 1.0 1.00701597524903 134.7025615321778
0.304 0.022 0.45499999999999996 7.42e-05 0.003 4.014 normal 1.0 1.0071859953008921 155.56295383915997
0.304 0.022 0.4716666666666667 7.42e-05 0.0022 4.014 normal 1.0 1.0032054289736552 98.72862226964432
0.304 0.022 0.4716666666666667 7.42e-05 0.0024000000000000002 4.014 normal 1.0 1.0038220429741636 19.818417790346473
0.304 0.022 0.4716666666666667 7.42e-05 0.00235 4.014 normal 1.0 1.003635024766391 36.685262277153775
0.304 0.022 0.4716666666666667 7.42e-05 0.0023 4.014 normal 1.0 1.0035599767258725 55.80354013063666
0.304 0.022 0.4716666666666667 7.42e-05 0.00255 4.014 normal 1.0 1.0054733668221174 8.34316433615165
0.304 0.022 0.4716666666666667 7.42e-05 0.0026 4.014 normal 1.0 1.0058248085136265 17.000110447712444
0.304 0.022 0.4716666666666667 7.42e-05 0.0025 4.014 normal 0.9999999993582606 1.0048993612503745 5.0536750311023155
0.304 0.022 0.4716666666666667 7.42e-05 0.00245 4.014 normal 0.9999999999983763 1.0042787894374594 8.564638972882545
0.304 0.022 0.4716666666666667 7.42e-05 0.00265 4.014 normal 0.9999999999984815 1.0059449553714783 29.372747034499714
0.304 0.022 0.4716666666666667 7.42e-05 0.00285 4.014 normal 1.0 1.0070295864284184 96.99467238753043
0.304 0.022 0.4883333333333333 7.42e-05 0.002 4.014 normal 1.0 1.001053876507776 225.9073436882032
0.304 0.022 0.4716666666666667 7.42e-05 0.00275 4.014 normal 1.0 1.0062998496301867 61.12462151011483
0.304 0.022 0.4716666666666667 7.42e-05 0.0029000000000000002 4.014 normal 1.0 1.0073148117160118 116.09496110414963
0.304 0.022 0.4716666666666667 7.42e-05 0.00295 4.014 normal 1.0 1.0075346052643888 135.767966454736
0.304 0.022 0.4716666666666667 7.42e-05 0.0028 4.014 normal 1.0 1.0066736577015212 78.82462698053462
0.304 0.022 0.4716666666666667 7.42e-05 0.0027 4.014 normal 1.0 1.006045151668412 44.276702212950134
0.304 0.022 0.4716666666666667 7.42e-05 0.003 4.014 normal 1.0 1.0077158982948067 156.78686640555196
0.304 0.022 0.4883333333333333 7.42e-05 0.00215 4.014 normal 1.0 1.0026402002527226 121.6315449995702
0.304 0.022 0.4883333333333333 7.42e-05 0.0022500000000000003 4.014 normal 1.0 1.0035538668827086 76.8104573998725
0.304 0.022 0.4883333333333333 7.42e-05 0.0023 4.014 normal 0.9999999999965357 1.0036484556484977 55.595156219144975
0.304 0.022 0.4883333333333333 7.42e-05 0.0024000000000000002 4.014 normal 1.0 1.0039286786999042 19.555420479614437
0.304 0.022 0.4883333333333333 7.42e-05 0.00205 4.014 normal 1.0 1.0013022764776527 184.79222574338843
0.304 0.022 0.4883333333333333 7.42e-05 0.00235 4.014 normal 1.0 1.0037304729561827 36.43400210740291
0.304 0.022 0.4883333333333333 7.42e-05 0.0021 4.014 normal 1.0 1.0018569017819938 149.53936085174965
0.304 0.022 0.4883333333333333 7.42e-05 0.0022 4.014 normal 1.0 1.0032879907630388 98.59483290431983
0.304 0.022 0.4883333333333333 7.42e-05 0.0027 4.014 normal 1.0 1.0061717640781755 44.285297254889166
0.304 0.022 0.4883333333333333 7.42e-05 0.0028 4.014 normal 1.0 1.006808115458369 78.91723148678864
0.304 0.022 0.4883333333333333 7.42e-05 0.00275 4.014 normal 1.0 1.006428579394638 61.15733442047379
0.304 0.022 0.4883333333333333 7.42e-05 0.00255 4.014 normal 0.9999999999992412 1.0055844333720443 8.288789643945433
0.304 0.022 0.4883333333333333 7.42e-05 0.0026 4.014 normal 0.9999999999984815 1.0059430060875147 16.97961272102722
0.304 0.022 0.4883333333333333 7.42e-05 0.0025 4.014 normal 0.9999999999992126 1.005010724557301 4.9173192162968276
0.304 0.022 0.4883333333333333 7.42e-05 0.00245 4.014 normal 0.9999999999991844 1.0043800775435086 8.338404119330301
0.304 0.022 0.4883333333333333 7.42e-05 0.00265 4.014 normal 1.0 1.0060683105972248 29.360745519008994
0.304 0.022 0.505 7.42e-05 0.002 4.014 normal 1.0 1.0008108634460418 224.88447375108163
0.304 0.022 0.4883333333333333 7.42e-05 0.00285 4.014 normal 1.0 1.0071658524440432 97.16999589564345
0.304 0.022 0.4883333333333333 7.42e-05 0.0029000000000000002 4.014 normal 1.0 1.0074543883621034 116.342370859667
0.304 0.022 0.505 7.42e-05 0.00205 4.014 normal 1.0 1.0010097287979238 183.75984180822232
0.304 0.022 0.4883333333333333 7.42e-05 0.00295 4.014 normal 1.0 1.0076789161299584 136.10966327022024
0.304 0.022 0.505 7.42e-05 0.0021 4.014 normal 1.0 1.0015680309591561 148.53798534837873
0.304 0.022 0.505 7.42e-05 0.00215 4.014 normal 1.0 1.002357676570824 120.61717825953689
0.304 0.022 0.4883333333333333 7.42e-05 0.003 4.014 normal 1.0 1.0078664662501635 157.20527006759772
0.304 0.022 0.505 7.42e-05 0.00235 4.014 normal 1.0 1.0034622836654754 35.638956319382686
0.304 0.022 0.505 7.42e-05 0.0023 4.014 normal 1.0 1.0033739782137163 54.745611309789325
0.304 0.022 0.505 7.42e-05 0.0022 4.014 normal 1.0 1.0030069700591497 97.63330305807906
0.304 0.022 0.505 7.42e-05 0.0024000000000000002 4.014 normal 0.9999999999984873 1.003664895543709 18.822406392989222
0.304 0.022 0.505 7.42e-05 0.0022500000000000003 4.014 normal 1.0 1.003276257107754 75.9354287267796
0.304 0.022 0.505 7.42e-05 0.00255 4.014 normal 0.9999999998145336 1.0053281144339763 7.697819325253963
0.304 0.022 0.505 7.42e-05 0.00245 4.014 normal 0.9999999999992141 1.004115461819127 7.65153188422539
0.304 0.022 0.505 7.42e-05 0.0025 4.014 normal 0.9999999999484985 1.0047312991786133 4.216478888402097
0.304 0.022 0.505 7.42e-05 0.0027 4.014 normal 1.0 1.0059252379606887 43.67246962429841
0.304 0.022 0.505 7.42e-05 0.00285 4.014 normal 1.0 1.006927137533629 96.50650417791894
0.304 0.022 0.505 7.42e-05 0.00275 4.014 normal 1.0 1.006182457009167 60.50005243023986
0.304 0.022 0.505 7.42e-05 0.00295 4.014 normal 1.0 1.007445059479655 135.52921161408017
0.304 0.022 0.505 7.42e-05 0.0028 4.014 normal 1.0 1.0065673534402828 78.25059869538808
0.304 0.022 0.505 7.42e-05 0.0029000000000000002 4.014 normal 1.0 1.0072181134527396 115.70808339241826
0.304 0.022 0.505 7.42e-05 0.00265 4.014 normal 1.0 1.00581959171408 28.77006123166597
0.304 0.022 0.505 7.42e-05 0.0026 4.014 normal 1.0 1.0056900887421272 16.390679049392947
0.304 0.022 0.5216666666666667 7.42e-05 0.00205 4.014 normal 1.0 1.0003843020519367 181.90634511699443
0.304 0.022 0.5216666666666667 7.42e-05 0.002 4.014 normal 1.0 1.000110080488638 222.86203116952893
0.304 0.022 0.5216666666666667 7.42e-05 0.0022500000000000003 4.014 normal 0.9999999999939598 1.0026365360224105 74.36981398733096
0.304 0.022 0.5216666666666667 7.42e-05 0.0022 4.014 normal 1.0 1.0023657947132947 95.92360665225621
0.304 0.022 0.5216666666666667 7.42e-05 0.0021 4.014 normal 1.0 1.0009222984002935 146.72742340318092
0.304 0.022 0.5216666666666667 7.42e-05 0.0023 4.014 normal 1.0 1.0027381112318776 53.30150468015538
0.304 0.022 0.5216666666666667 7.42e-05 0.00215 4.014 normal 1.0 1.0017128118932268 118.85058957959336
0.304 0.022 0.505 7.42e-05 0.003 4.014 normal 1.0 1.0076346532569402 156.6758738801079
0.304 0.022 0.5216666666666667 7.42e-05 0.0024000000000000002 4.014 normal 1.0 1.0030310970023228 17.658740539799172
0.304 0.022 0.5216666666666667 7.42e-05 0.0027 4.014 normal 1.0 1.0053063930933426 42.46473408941681
0.304 0.022 0.5216666666666667 7.42e-05 0.00235 4.014 normal 0.9999999987427575 1.002830686774811 34.344595841511975
0.304 0.022 0.5216666666666667 7.42e-05 0.0025 4.014 normal 0.9999999997696943 1.0041068753393545 3.1318313654118244
0.304 0.022 0.5216666666666667 7.42e-05 0.00265 4.014 normal 0.9999999999968489 1.0051982949486673 27.626549383055284
0.304 0.022 0.5216666666666667 7.42e-05 0.00255 4.014 normal 0.9999999999992132 1.0047031639421802 6.598428850825017
0.304 0.022 0.5216666666666667 7.42e-05 0.00245 4.014 normal 0.9999999999992152 1.0034877829554045 6.547490617437391
0.304 0.022 0.5216666666666667 7.42e-05 0.0026 4.014 normal 0.9999999999966898 1.0050661342024674 15.264553121914686
0.304 0.022 0.5383333333333333 7.42e-05 0.002 4.014 normal 1.0 0.9987194802325898 220.1130543492421
0.304 0.022 0.5383333333333333 7.42e-05 0.00205 4.014 normal 1.0 0.9990860544488542 179.41376663744612
0.304 0.022 0.5216666666666667 7.42e-05 0.00285 4.014 normal 1.0 1.0063125600594283 95.03494766283869
0.304 0.022 0.5216666666666667 7.42e-05 0.0029000000000000002 4.014 normal 1.0 1.0066067985286733 114.21646654321363
0.304 0.022 0.5216666666666667 7.42e-05 0.0028 4.014 normal 1.0 1.0059539353276734 76.88139869526141
0.304 0.022 0.5216666666666667 7.42e-05 0.003 4.014 normal 1.0 1.0070247935303367 155.21475763240937
0.304 0.022 0.5216666666666667 7.42e-05 0.00295 4.014 normal 0.999999994073944 1.0068341036160635 134.05587504209694
0.304 0.022 0.5216666666666667 7.42e-05 0.00275 4.014 normal 1.0 1.0055647642600478 59.18753838352626
0.304 0.022 0.5383333333333333 7.42e-05 0.00215 4.014 normal 0.9999999988250997 1.000760426621348 116.55004180101498
0.304 0.022 0.5383333333333333 7.42e-05 0.0021 4.014 normal 1.0 0.9998857001984996 144.3568739037179
0.304 0.022 0.5383333333333333 7.42e-05 0.00235 4.014 normal 1.0 1.001815245243778 32.5622900489267
0.304 0.022 0.5383333333333333 7.42e-05 0.0023 4.014 normal 1.0 1.0017428679243634 51.46746460555488
0.304 0.022 0.5383333333333333 7.42e-05 0.0022 4.014 normal 1.0 1.0013604497696813 93.73316869412746
0.304 0.022 0.5383333333333333 7.42e-05 0.0024000000000000002 4.014 normal 0.9999999999982716 1.0020344865095403 16.270495030408277
0.304 0.022 0.5383333333333333 7.42e-05 0.0022500000000000003 4.014 normal 1.0 1.0016349453784077 72.33974119108478
0.304 0.022 0.5383333333333333 7.42e-05 0.00245 4.014 normal 0.99999999997343 1.002496259836511 5.230976660047555
0.304 0.022 0.5383333333333333 7.42e-05 0.00265 4.014 normal 0.9999999999984859 1.0042059308188627 26.109681190153022
0.304 0.022 0.5383333333333333 7.42e-05 0.00285 4.014 normal 1.0 1.005324176295135 92.9619819890505
0.304 0.022 0.5383333333333333 7.42e-05 0.0027 4.014 normal 1.0 1.0043167295032993 40.86575977147893
0.304 0.022 0.5383333333333333 7.42e-05 0.0028 4.014 normal 1.0 1.0049655639240789 74.94423360311202
0.304 0.022 0.5383333333333333 7.42e-05 0.00275 4.014 normal 0.9999999999969695 1.004574726608991 57.42755786788134
0.304 0.022 0.5383333333333333 7.42e-05 0.00255 4.014 normal 0.9999999999996219 1.0037081345282952 5.1971470523218235
0.304 0.022 0.5383333333333333 7.42e-05 0.0025 4.014 normal 0.9999999999788347 1.0031152727962431 1.7914892610142479
0.304 0.022 0.5383333333333333 7.42e-05 0.0026 4.014 normal 0.9999999999984283 1.0040719569304317 13.803917762124742
0.304 0.022 0.5549999999999999 7.42e-05 0.0022 4.014 normal 1.0 0.9999948116926793 91.39381816004803
0.304 0.022 0.5549999999999999 7.42e-05 0.00215 4.014 normal 1.0 0.999068455680346 114.14239199085968
0.304 0.022 0.5549999999999999 7.42e-05 0.002 4.014 normal 1.0 0.9977375654688014 216.95048159120424
0.304 0.022 0.5383333333333333 7.42e-05 0.003 4.014 normal 1.0 1.0060384534881421 153.01444734273372
0.304 0.022 0.5549999999999999 7.42e-05 0.00205 4.014 normal 1.0 0.9980028616371754 176.65652149994816
0.304 0.022 0.5383333333333333 7.42e-05 0.0029000000000000002 4.014 normal 1.0 1.0056190394148499 112.04199904476228
0.304 0.022 0.5383333333333333 7.42e-05 0.00295 4.014 normal 1.0 1.005846799656573 131.85381007696014
0.304 0.022 0.5549999999999999 7.42e-05 0.0021 4.014 normal 1.0 0.9985491020262214 141.96379546466207
0.304 0.022 0.5549999999999999 7.42e-05 0.0022500000000000003 4.014 normal 1.0 1.0002908006693487 70.24693697487079
0.304 0.022 0.5549999999999999 7.42e-05 0.0023 4.014 normal 1.0 1.0004098561441899 49.68908138037382
0.304 0.022 0.5549999999999999 7.42e-05 0.00245 4.014 normal 0.9999999999991921 1.0011422058376716 4.0739804011987735
0.304 0.022 0.5549999999999999 7.42e-05 0.00235 4.014 normal 1.0 1.00045877470922 31.095959505795
0.304 0.022 0.5549999999999999 7.42e-05 0.0026 4.014 normal 1.0 1.0027093717945548 12.38277639111231
0.304 0.022 0.5549999999999999 7.42e-05 0.0024000000000000002 4.014 normal 0.9999999999992477 1.0006737073248537 15.08001181621278
0.304 0.022 0.5549999999999999 7.42e-05 0.0025 4.014 normal 0.9999999999859099 1.0017567932012799 0.5685617430979676
0.304 0.022 0.5549999999999999 7.42e-05 0.00255 4.014 normal 0.9999999999933359 1.0023388604447458 3.8554980615230328
0.304 0.022 0.5549999999999999 7.42e-05 0.00275 4.014 normal 0.9999999999969769 1.003219363825357 55.58176727044994
0.304 0.022 0.5549999999999999 7.42e-05 0.00295 4.014 normal 1.0 1.0044849685119812 129.29176032853542
0.304 0.022 0.5549999999999999 7.42e-05 0.0027 4.014 normal 0.9999999996719143 1.002961742984989 39.250168248424686
0.304 0.022 0.5549999999999999 7.42e-05 0.0028 4.014 normal 1.0 1.003604606206638 72.8330258638559
0.304 0.022 0.5549999999999999 7.42e-05 0.0029000000000000002 4.014 normal 1.0 1.0042584120419613 109.55857600641467
0.304 0.022 0.5549999999999999 7.42e-05 0.003 4.014 normal 1.0 1.004669410451504 150.38938639776742
0.304 0.022 0.5549999999999999 7.42e-05 0.00285 4.014 normal 0.9999999999939453 1.0039624919151953 90.63255581017988
0.304 0.022 0.5549999999999999 7.42e-05 0.00265 4.014 normal 0.9999999999984897 1.002828888730507 24.362826331849128
0.304 0.022 0.5716666666666667 7.42e-05 0.00215 4.014 normal 1.0 0.9976236210001047 112.11592032068586
0.304 0.022 0.5716666666666667 7.42e-05 0.00235 4.014 normal 1.0 0.9987434963053542 30.273317176669227
0.304 0.022 0.5716666666666667 7.42e-05 0.0021 4.014 normal 1.0 0.9968375170943161 139.84272751424308
0.304 0.022 0.5716666666666667 7.42e-05 0.0022500000000000003 4.014 normal 1.0 0.9985507983615305 68.62217265876524
0.304 0.022 0.5716666666666667 7.42e-05 0.00205 4.014 normal 1.0 0.9962977104456 174.20191088995267
0.304 0.022 0.5716666666666667 7.42e-05 0.0022 4.014 normal 1.0 0.9982789460792104 89.4395936692796
0.304 0.022 0.5716666666666667 7.42e-05 0.0023 4.014 normal 1.0 0.998661699850664 48.473653575662304
0.304 0.022 0.5716666666666667 7.42e-05 0.002 4.014 normal 1.0 0.996027727994675 214.02634147052618
0.304 0.022 0.5716666666666667 7.42e-05 0.0025 4.014 normal 0.99999999999961 1.0000408625903237 0.00026856295247262906
0.304 0.022 0.5716666666666667 7.42e-05 0.00265 4.014 normal 0.9999999999984943 1.001099743092385 23.42867679460343
0.304 0.022 0.5716666666666667 7.42e-05 0.00255 4.014 normal 0.9999999999991926 1.0006098405833168 3.144949639743007
0.304 0.022 0.5716666666666667 7.42e-05 0.00275 4.014 normal 0.9999999997765815 1.001490506677756 54.15611454105799
0.304 0.022 0.5716666666666667 7.42e-05 0.0027 4.014 normal 1.0 1.00123351719399 38.138229198025165
0.304 0.022 0.5716666666666667 7.42e-05 0.0026 4.014 normal 1.0 1.0009800438113658 11.545336790992689
0.304 0.022 0.5716666666666667 7.42e-05 0.00245 4.014 normal 0.9999999999729928 0.999427447915681 3.6107995105037753
0.304 0.022 0.5716666666666667 7.42e-05 0.0024000000000000002 4.014 normal 0.9999999999991956 0.9989540328952341 14.578132447020892
0.304 0.022 0.5716666666666667 7.42e-05 0.00295 4.014 normal 0.9999999982479367 1.0027504897147517 126.89822850057703
0.304 0.022 0.5716666666666667 7.42e-05 0.0029000000000000002 4.014 normal 1.0 1.0025253118681356 107.28329712962656
0.304 0.022 0.5716666666666667 7.42e-05 0.0028 4.014 normal 1.0 1.0018745327888872 71.08760026031196
0.304 0.022 0.5716666666666667 7.42e-05 0.00285 4.014 normal 1.0 1.002227953615739 88.54980505785188
0.304 0.022 0.5716666666666667 7.42e-05 0.003 4.014 normal 1.0 1.0029310519283163 147.95917761861514
0.304 0.022 0.5883333333333334 7.42e-05 0.0021 4.014 normal 1.0 0.994789674302962 138.65640605633266
0.304 0.022 0.5883333333333334 7.42e-05 0.00205 4.014 normal 1.0 0.9942462317810823 172.78579658574023
0.304 0.022 0.5883333333333334 7.42e-05 0.002 4.014 normal 1.0 0.9939678603636887 212.04034089707358
0.304 0.022 0.5883333333333334 7.42e-05 0.00215 4.014 normal 0.9999999999890012 0.9955529921457938 111.2169347809617
0.304 0.022 0.5883333333333334 7.42e-05 0.0025 4.014 normal 0.9999999999988809 0.9979548759643865 0.7708255149996189
0.304 0.022 0.5883333333333334 7.42e-05 0.00245 4.014 normal 0.9999999999987965 0.9973410486068318 4.554298875709221
0.304 0.022 0.5883333333333334 7.42e-05 0.0023 4.014 normal 0.9999999999958823 0.996588904140992 48.49045076353855
0.304 0.022 0.5883333333333334 7.42e-05 0.00235 4.014 normal 0.9999999999988501 0.9966692748578238 30.8072033931078
0.304 0.022 0.5883333333333334 7.42e-05 0.0022 4.014 normal 1.0 0.9961971770082386 88.63854375014918
0.304 0.022 0.5883333333333334 7.42e-05 0.0024000000000000002 4.014 normal 0.9999999999994257 0.996876471864351 15.471938433732381
0.304 0.022 0.5883333333333334 7.42e-05 0.0022500000000000003 4.014 normal 0.9999999999917689 0.9964716789831436 68.20594719909717
0.304 0.022 0.5883333333333334 7.42e-05 0.0029000000000000002 4.014 normal 1.0 1.000454788478028 105.88561051579559
0.304 0.022 0.5883333333333334 7.42e-05 0.0028 4.014 normal 1.0 0.9996838111225234 70.38750319094336
0.304 0.022 0.5883333333333334 7.42e-05 0.00285 4.014 normal 1.0 1.0001383552115446 87.48277221830513
0.304 0.022 0.5883333333333334 7.42e-05 0.0027 4.014 normal 0.9999999999958303 0.9991380441471204 38.134647765679624
0.304 0.022 0.5883333333333334 7.42e-05 0.00275 4.014 normal 1.0 0.9993958216310287 53.83655296053949
0.304 0.022 0.5883333333333334 7.42e-05 0.00265 4.014 normal 0.9999999999988621 0.9990042946150849 23.716211026991154
0.304 0.022 0.5883333333333334 7.42e-05 0.0026 4.014 normal 0.9999999999989589 0.9988869571594613 11.969853434260493
0.304 0.022 0.5883333333333334 7.42e-05 0.00255 4.014 normal 0.9999999999989946 0.9985000661611675 3.713162840884434
0.304 0.022 0.5883333333333334 7.42e-05 0.003 4.014 normal 1.0 1.0008731559689177 146.03678652748147
0.304 0.022 0.5883333333333334 7.42e-05 0.00295 4.014 normal 1.0 1.0006972045427736 125.37799001596768
0.304 0.022 0.605 7.42e-05 0.00215 4.014 normal 1.0 0.9931336557743933 112.25376300713185
0.304 0.022 0.605 7.42e-05 0.0021 4.014 normal 0.9999999978165398 0.9923794979569961 139.5639960691546
0.304 0.022 0.605 7.42e-05 0.0022 4.014 normal 1.0 0.9937587057567375 89.92866943995948
0.304 0.022 0.605 7.42e-05 0.002 4.014 normal 1.0 0.9915539927243712 211.86625860078945
0.304 0.022 0.605 7.42e-05 0.00205 4.014 normal 1.0 0.9918395684186792 173.2985897484134
0.304 0.022 0.605 7.42e-05 0.0022500000000000003 4.014 normal 1.0 0.9940436658002095 69.69708173280743
0.304 0.022 0.605 7.42e-05 0.00245 4.014 normal 0.9999999999985811 0.9949137608383678 7.6741226806800595
0.304 0.022 0.605 7.42e-05 0.00265 4.014 normal 0.9999999999979415 0.9965548372057832 26.213130555605083
0.304 0.022 0.605 7.42e-05 0.00235 4.014 normal 1.0 0.9942655207499584 33.61325606845414
0.304 0.022 0.605 7.42e-05 0.00255 4.014 normal 0.9999999994082059 0.9960644557248103 6.432318158110221
0.304 0.022 0.605 7.42e-05 0.0025 4.014 normal 0.9999999999993128 0.9955063574011302 3.726557781016125
0.304 0.022 0.605 7.42e-05 0.0023 4.014 normal 1.0 0.9941619166804787 50.60345686208253
0.304 0.022 0.605 7.42e-05 0.0024000000000000002 4.014 normal 0.9999999999972504 0.9944447774259596 18.576500716840595
0.304 0.022 0.605 7.42e-05 0.0026 4.014 normal 0.9999999999994245 0.996427393756475 14.494909167095651
0.304 0.022 0.605 7.42e-05 0.00295 4.014 normal 1.0 0.9981773154411157 125.51067971167939
0.304 0.022 0.605 7.42e-05 0.003 4.014 normal 1.0 0.9983392579155435 146.0595941526599
0.304 0.022 0.605 7.42e-05 0.00275 4.014 normal 1.0 0.996938499224341 55.46385299616696
0.304 0.022 0.605 7.42e-05 0.0028 4.014 normal 0.9999999983629341 0.9973097303465288 71.56990374235686
0.304 0.022 0.605 7.42e-05 0.00285 4.014 normal 1.0 0.997665620587166 88.20506780317413
0.304 0.022 0.6216666666666666 7.42e-05 0.002 4.014 normal 1.0 0.9887920229063742 214.53509441541132
0.304 0.022 0.605 7.42e-05 0.0029000000000000002 4.014 normal 1.0 0.997957722462978 106.18865905478094
0.304 0.022 0.605 7.42e-05 0.0027 4.014 normal 0.9999999999945026 0.9966853260558534 40.193042259372675
0.304 0.022 0.6216666666666666 7.42e-05 0.00215 4.014 normal 1.0 0.9903620095824359 116.29726679717756
0.304 0.022 0.6216666666666666 7.42e-05 0.0023 4.014 normal 1.0 0.9913873632133833 55.77162608874172
0.304 0.022 0.6216666666666666 7.42e-05 0.0024000000000000002 4.014 normal 1.0 0.9916684113564169 24.815130748184767
0.304 0.022 0.6216666666666666 7.42e-05 0.0022 4.014 normal 1.0 0.9909821521886796 94.09873259296593
0.304 0.022 0.6216666666666666 7.42e-05 0.0021 4.014 normal 1.0 0.9896216866395733 143.42345801347005
0.304 0.022 0.6216666666666666 7.42e-05 0.00235 4.014 normal 1.0 0.9914875679675784 39.36955321324264
0.304 0.022 0.6216666666666666 7.42e-05 0.0022500000000000003 4.014 normal 0.999999999993696 0.9912646914319034 74.2230453361796
0.304 0.022 0.6216666666666666 7.42e-05 0.00205 4.014 normal 1.0 0.9890933663673008 176.62529555412522
0.304 0.022 0.6216666666666666 7.42e-05 0.0025 4.014 normal 1.0 0.9927023066539018 9.821469155245392
0.304 0.022 0.6216666666666666 7.42e-05 0.00255 4.014 normal 0.9999999999994174 0.993266962868208 12.19552057846408
0.304 0.022 0.6216666666666666 7.42e-05 0.0027 4.014 normal 0.9999999999968262 0.9938674822642535 45.2453905376997
0.304 0.022 0.6216666666666666 7.42e-05 0.00275 4.014 normal 0.9999999999968239 0.9941227947973564 60.017727584361324
0.304 0.022 0.6216666666666666 7.42e-05 0.0026 4.014 normal 0.999999999998836 0.9936042959729524 20.100642572425564
0.304 0.022 0.6216666666666666 7.42e-05 0.0028 4.014 normal 1.0 0.9944870186715272 75.56854774539694
0.304 0.022 0.6216666666666666 7.42e-05 0.00245 4.014 normal 0.999999999113444 0.9921323528521033 13.930731295282886
0.304 0.022 0.6216666666666666 7.42e-05 0.00265 4.014 normal 1.0 0.9937399493598972 31.570756368254443
0.304 0.022 0.6383333333333333 7.42e-05 0.00205 4.014 normal 1.0 0.986006743496245 183.8766699506907
0.304 0.022 0.6216666666666666 7.42e-05 0.0029000000000000002 4.014 normal 1.0 0.9951296917844218 109.20976846435033
0.304 0.022 0.6383333333333333 7.42e-05 0.00215 4.014 normal 1.0 0.987245424637087 124.40167856153613
0.304 0.022 0.6216666666666666 7.42e-05 0.003 4.014 normal 1.0 0.9955035287213632 148.69218119141976
0.304 0.022 0.6383333333333333 7.42e-05 0.002 4.014 normal 1.0 0.9857009132692622 220.99518112721512
0.304 0.022 0.6216666666666666 7.42e-05 0.00295 4.014 normal 1.0 0.9953418418102328 128.1519200923095
0.304 0.022 0.6383333333333333 7.42e-05 0.0021 4.014 normal 1.0 0.986522322998819 151.39556286779074
0.304 0.022 0.6216666666666666 7.42e-05 0.00285 4.014 normal 1.0 0.9948386104300673 91.66022707646565
0.304 0.022 0.6383333333333333 7.42e-05 0.0023 4.014 normal 1.0 0.9882596535697563 65.12589365848814
0.304 0.022 0.6383333333333333 7.42e-05 0.0022500000000000003 4.014 normal 0.9999999883302612 0.9881364908587333 82.97123902553484
0.304 0.022 0.6383333333333333 7.42e-05 0.0025 4.014 normal 0.9999999999984314 0.9895430230491975 20.153710572922854
0.304 0.022 0.6383333333333333 7.42e-05 0.00245 4.014 normal 1.0 0.9890014688611669 24.374604775276694
0.304 0.022 0.6383333333333333 7.42e-05 0.00255 4.014 normal 0.9999999999988214 0.9901080545134852 22.149386658100095
0.304 0.022 0.6383333333333333 7.42e-05 0.00235 4.014 normal 1.0 0.9883557851982975 49.38818407799789
0.304 0.022 0.6383333333333333 7.42e-05 0.0024000000000000002 4.014 normal 0.9999999999976308 0.9885414245638289 35.29156248372699
0.304 0.022 0.6383333333333333 7.42e-05 0.0022 4.014 normal 0.9999999835884632 0.9878534740595226 102.37774098130154
0.304 0.022 0.6383333333333333 7.42e-05 0.00265 4.014 normal 0.9999999999968541 0.9905698439481194 41.01142050461895
0.304 0.022 0.6383333333333333 7.42e-05 0.0028 4.014 normal 0.9999999999919659 0.9913056598699509 83.47334140396158
0.304 0.022 0.6383333333333333 7.42e-05 0.0026 4.014 normal 1.0 0.9904007661148159 29.788051345772306
0.304 0.022 0.6383333333333333 7.42e-05 0.00295 4.014 normal 1.0 0.9921595819042698 134.6912174985956
0.304 0.022 0.6383333333333333 7.42e-05 0.00275 4.014 normal 1.0 0.9909501407198135 68.53509736400729
0.304 0.022 0.6383333333333333 7.42e-05 0.0029000000000000002 4.014 normal 1.0 0.9919441389857064 116.03279712303835
0.304 0.022 0.6383333333333333 7.42e-05 0.0027 4.014 normal 1.0 0.9906893626466858 54.30158870754154
0.304 0.022 0.6383333333333333 7.42e-05 0.00285 4.014 normal 0.9999999955983708 0.9916555152415863 98.9473534555675
0.304 0.022 0.655 7.42e-05 0.00205 4.014 normal 1.0 0.9825639133167156 196.56811564225274
0.304 0.022 0.655 7.42e-05 0.0022500000000000003 4.014 normal 1.0 0.9846644874037298 96.99999541834326
0.304 0.022 0.655 7.42e-05 0.0023 4.014 normal 1.0 0.9847908461344516 79.84578809515135
0.304 0.022 0.655 7.42e-05 0.0021 4.014 normal 1.0 0.9830933760713974 164.46644391745988
0.304 0.022 0.655 7.42e-05 0.002 4.014 normal 1.0 0.982280883124823 232.44519576384283
0.304 0.022 0.655 7.42e-05 0.0022 4.014 normal 1.0 0.984383855086035 115.97126705648294
0.304 0.022 0.6383333333333333 7.42e-05 0.003 4.014 normal 1.0 0.9923114113486736 154.99470025082115
0.304 0.022 0.655 7.42e-05 0.00215 4.014 normal 1.0 0.9838017897998925 137.52363936801405
0.304 0.022 0.655 7.42e-05 0.0025 4.014 normal 0.9999999999968919 0.9860248256144758 35.93197970877917
0.304 0.022 0.655 7.42e-05 0.0027 4.014 normal 1.0 0.9871703411485608 68.54752857351566
0.304 0.022 0.655 7.42e-05 0.00245 4.014 normal 1.0 0.9855219736602514 40.226964026494464
0.304 0.022 0.655 7.42e-05 0.0026 4.014 normal 1.0 0.9868839178354532 44.83200528339165
0.304 0.022 0.655 7.42e-05 0.0024000000000000002 4.014 normal 1.0 0.9850829270325601 50.928339529860885
0.304 0.022 0.655 7.42e-05 0.00265 4.014 normal 1.0 0.9870502737467041 55.70038503579508
0.304 0.022 0.655 7.42e-05 0.00235 4.014 normal 1.0 0.9848805985609829 64.77883263223804
0.304 0.022 0.655 7.42e-05 0.00255 4.014 normal 1.0 0.9866070927515659 37.38973977816271
0.304 0.022 0.6716666666666666 7.42e-05 0.002 4.014 normal 1.0 0.9785346114888036 250.21941134731563
0.304 0.022 0.655 7.42e-05 0.0029000000000000002 4.014 normal 0.9999999999937432 0.9884012649327791 127.64793947345972
0.304 0.022 0.655 7.42e-05 0.00285 4.014 normal 1.0 0.9881094999059727 111.25129430112501
0.304 0.022 0.655 7.42e-05 0.003 4.014 normal 1.0 0.9887683375678885 166.06962502190763
0.304 0.022 0.655 7.42e-05 0.00275 4.014 normal 1.0 0.987421521214091 82.21469885475709
0.304 0.022 0.6716666666666666 7.42e-05 0.00205 4.014 normal 1.0 0.9788199588936614 215.19676997087328
0.304 0.022 0.655 7.42e-05 0.0028 4.014 normal 1.0 0.9877657519958851 96.48548137348558
0.304 0.022 0.655 7.42e-05 0.00295 4.014 normal 1.0 0.9886086702223799 146.0607986910118
0.304 0.022 0.6716666666666666 7.42e-05 0.00215 4.014 normal 1.0 0.9800024788592286 157.67412259398046
0.304 0.022 0.6716666666666666 7.42e-05 0.0024000000000000002 4.014 normal 1.0 0.9812610911926277 73.47874792200363
0.304 0.022 0.6716666666666666 7.42e-05 0.0022 4.014 normal 1.0 0.9805771040715294 136.05706411936936
0.304 0.022 0.6716666666666666 7.42e-05 0.0022500000000000003 4.014 normal 1.0 0.9808576905256788 117.64782206052732
0.304 0.022 0.6716666666666666 7.42e-05 0.00235 4.014 normal 1.0 0.9810667491418089 86.75792162615338
0.304 0.022 0.6716666666666666 7.42e-05 0.00245 4.014 normal 1.0 0.9817055813910305 62.61993020433376
0.304 0.022 0.6716666666666666 7.42e-05 0.0021 4.014 normal 1.0 0.9792968754766629 184.40161113350916
0.304 0.022 0.6716666666666666 7.42e-05 0.0023 4.014 normal 1.0 0.9809803269947418 101.11795376203497
0.304 0.022 0.6716666666666666 7.42e-05 0.00265 4.014 normal 1.0 0.9831853937817575 76.85964480740519
0.304 0.022 0.6716666666666666 7.42e-05 0.00255 4.014 normal 1.0 0.9827442828130977 59.26335720065568
0.304 0.022 0.6716666666666666 7.42e-05 0.0028 4.014 normal 1.0 0.9838834978179757 115.78554103641773
0.304 0.022 0.6716666666666666 7.42e-05 0.00285 4.014 normal 1.0 0.9842243981876986 129.75465512199483
0.304 0.022 0.6716666666666666 7.42e-05 0.0026 4.014 normal 1.0 0.9830216411924461 66.40841829014524
0.304 0.022 0.6716666666666666 7.42e-05 0.0027 4.014 normal 1.0 0.9833049603284609 89.21375356602002
0.304 0.022 0.6716666666666666 7.42e-05 0.0025 4.014 normal 1.0 0.9821884524017097 58.17940712017281
0.304 0.022 0.6716666666666666 7.42e-05 0.00275 4.014 normal 1.0 0.9835437612800438 102.31458029774238
0.304 0.022 0.6883333333333332 7.42e-05 0.002 4.014 normal 1.0 0.9744661594364539 275.7895232011546
0.304 0.022 0.6883333333333332 7.42e-05 0.0022 4.014 normal 0.9999999999902174 0.9764564266713507 164.3027194126647
0.304 0.022 0.6716666666666666 7.42e-05 0.003 4.014 normal 1.0 0.9848721081461796 183.24256644068961
0.304 0.022 0.6883333333333332 7.42e-05 0.0021 4.014 normal 1.0 0.9751796752070073 212.02534342400565
0.304 0.022 0.6883333333333332 7.42e-05 0.00205 4.014 normal 1.0 0.9747080666151942 242.32449103080236
0.304 0.022 0.6716666666666666 7.42e-05 0.00295 4.014 normal 1.0 0.9847045105191737 163.45568294871342
0.304 0.022 0.6883333333333332 7.42e-05 0.00215 4.014 normal 1.0 0.9758844372708385 185.31414105534603
0.304 0.022 0.6716666666666666 7.42e-05 0.0029000000000000002 4.014 normal 1.0 0.9845043840059883 145.5551533015845
0.304 0.022 0.6883333333333332 7.42e-05 0.00235 4.014 normal 1.0 0.9769215772146573 116.64093405532373
0.304 0.022 0.6883333333333332 7.42e-05 0.00255 4.014 normal 1.0 0.9785542803985614 88.99021938376738
0.304 0.022 0.6883333333333332 7.42e-05 0.0024000000000000002 4.014 normal 1.0 0.9771144354047332 103.8507624397475
0.304 0.022 0.6883333333333332 7.42e-05 0.0026 4.014 normal 1.0 0.978825320173174 95.80319947176055
0.304 0.022 0.6883333333333332 7.42e-05 0.0022500000000000003 4.014 normal 1.0 0.9767203857148442 145.97988940459916
0.304 0.022 0.6883333333333332 7.42e-05 0.00245 4.014 normal 1.0 0.9775052328142713 93.32259396578168
0.304 0.022 0.6883333333333332 7.42e-05 0.0023 4.014 normal 1.0 0.9768411195483503 130.1533568244643
0.304 0.022 0.6883333333333332 7.42e-05 0.0025 4.014 normal 0.9999999999939136 0.9780157964182228 88.33092810369529
0.304 0.022 0.6883333333333332 7.42e-05 0.0028 4.014 normal 1.0 0.9796618688876864 142.72113548738884
0.304 0.022 0.6883333333333332 7.42e-05 0.003 4.014 normal 1.0 0.9806210287328152 207.71408384411515
0.304 0.022 0.6883333333333332 7.42e-05 0.00275 4.014 normal 1.0 0.979316883735105 129.9743385393391
0.304 0.022 0.6883333333333332 7.42e-05 0.0029000000000000002 4.014 normal 1.0 0.9802627834748585 170.92436358740568
0.304 0.022 0.6883333333333332 7.42e-05 0.00285 4.014 normal 1.0 0.9799966461627307 155.82943096402954
0.304 0.022 0.6883333333333332 7.42e-05 0.00295 4.014 normal 1.0 0.980457542270336 188.35268398400652
0.304 0.022 0.6883333333333332 7.42e-05 0.0027 4.014 normal 1.0 0.9790988832965964 117.66478212001346
0.304 0.022 0.6883333333333332 7.42e-05 0.00265 4.014 normal 1.0 0.9789735337156947 105.8620554745072
0.304 0.022 0.705 7.42e-05 0.00215 4.014 normal 1.0 0.9714448607449263 222.09607532851814
0.304 0.022 0.705 7.42e-05 0.00235 4.014 normal 1.0 0.9724498041084896 155.7879459979406
0.304 0.022 0.705 7.42e-05 0.002 4.014 normal 1.0 0.9700664609715892 310.3348662805515
0.304 0.022 0.705 7.42e-05 0.00205 4.014 normal 1.0 0.9702997037097066 278.1198159677875
0.304 0.022 0.705 7.42e-05 0.0022500000000000003 4.014 normal 1.0 0.9722479611545926 183.79891176409947
0.304 0.022 0.705 7.42e-05 0.0022 4.014 normal 1.0 0.9719967839827122 201.30997842392233
0.304 0.022 0.705 7.42e-05 0.0023 4.014 normal 1.0 0.9723575963168235 168.7419525492223
0.304 0.022 0.705 7.42e-05 0.0021 4.014 normal 1.0 0.9707914690923108 248.0149129850519
0.304 0.022 0.705 7.42e-05 0.00255 4.014 normal 1.0 0.9740341993003365 127.94189628721519
0.304 0.022 0.705 7.42e-05 0.00275 4.014 normal 1.0 0.974770272143885 166.79722289146477
0.304 0.022 0.705 7.42e-05 0.0025 4.014 normal 0.9999999999701713 0.9735096277853741 127.83929455650872
0.304 0.022 0.705 7.42e-05 0.0024000000000000002 4.014 normal 1.0 0.9726341675257142 143.52596848841372
0.304 0.022 0.705 7.42e-05 0.0027 4.014 normal 1.0 0.9745508459927047 155.18938107046515
0.304 0.022 0.705 7.42e-05 0.0026 4.014 normal 1.0 0.9743010814135329 134.36519308352266
0.304 0.022 0.705 7.42e-05 0.00245 4.014 normal 1.0 0.9730117457888994 133.13637379028125
0.304 0.022 0.705 7.42e-05 0.00265 4.014 normal 1.0 0.9744279759418036 144.0482742160638
0.304 0.022 0.705 7.42e-05 0.0029000000000000002 4.014 normal 1.0 0.9756835174523965 205.18596138152503
0.304 0.022 0.705 7.42e-05 0.0028 4.014 normal 1.0 0.9751063842476949 178.65331169028508
0.304 0.022 0.705 7.42e-05 0.00295 4.014 normal 1.0 0.9758749937114557 222.02786290564654
0.304 0.022 0.705 7.42e-05 0.00285 4.014 normal 1.0 0.9754253800921373 190.92309949361444
0.304 0.022 0.705 7.42e-05 0.003 4.014 normal 1.0 0.9760132880900757 241.09299683901895
