SqT23 DM31 X2
0.304924 0.0023 298.933
0.304924 0.00231 297.551
0.304924 0.00232 297.175
0.304924 0.00233 297.56
0.304924 0.00234 298.258
0.304924 0.00235 298.675
0.304924 0.00236 298.164
0.304924 0.00237 296.145
0.304924 0.00238 292.204
0.304924 0.00239 286.178
0.304924 0.0024 278.186
0.304924 0.00241 268.614
0.304924 0.00242 258.041
0.304924 0.00243 247.149
0.304924 0.00244 236.604
0.304924 0.00245 226.96
0.304924 0.00246 218.587
0.304924 0.00247 211.649
0.304924 0.00248 206.124
0.304924 0.00249 201.862
0.304924 0.0025 198.677
0.304924 0.00251 196.42
0.304924 0.00252 195.05
0.304924 0.00253 194.657
0.304924 0.00254 195.443
0.304924 0.00255 197.664
0.304924 0.00256 201.54
0.304924 0.00257 207.169
0.304924 0.00258 214.448
0.304924 0.00259 223.038
0.304924 0.0026 232.384
0.304924 0.00261 241.776
0.304924 0.00262 250.456
0.304924 0.00263 257.745
0.304924 0.00264 263.155
0.304924 0.00265 266.474
0.304924 0.00266 267.797
0.304924 0.00267 267.493
0.304924 0.00268 266.133
0.304924 0.00269 264.366
0.304924 0.0027 262.803
0.304924 0.00271 261.909
0.304924 0.00272 261.939
0.304924 0.00273 262.928
0.304924 0.00274 264.733
0.304924 0.00275 267.109
0.304924 0.00276 269.813
0.304924 0.00277 272.687
0.304924 0.00278 275.716
0.304924 0.00279 279.038
0.313242 0.0023 264.608
0.313242 0.00231 263.093
0.313242 0.00232 262.615
0.313242 0.00233 262.932
0.313242 0.00234 263.59
0.313242 0.00235 263.988
0.313242 0.00236 263.468
0.313242 0.00237 261.435
0.313242 0.00238 257.468
0.313242 0.00239 251.399
0.313242 0.0024 243.35
0.313242 0.00241 233.711
0.313242 0.00242 223.075
0.313242 0.00243 212.135
0.313242 0.00244 201.57
0.313242 0.00245 191.939
0.313242 0.00246 183.616
0.313242 0.00247 176.757
0.313242 0.00248 171.332
0.313242 0.00249 167.181
0.313242 0.0025 164.101
0.313242 0.00251 161.938
0.313242 0.00252 160.643
0.313242 0.00253 160.308
0.313242 0.00254 161.141
0.313242 0.00255 163.404
0.313242 0.00256 167.331
0.313242 0.00257 173.027
0.313242 0.00258 180.391
0.313242 0.00259 189.086
0.313242 0.0026 198.548
0.313242 0.00261 208.055
0.313242 0.00262 216.837
0.313242 0.00263 224.201
0.313242 0.00264 229.654
0.313242 0.00265 232.98
0.313242 0.00266 234.278
0.313242 0.00267 233.932
0.313242 0.00268 232.523
0.313242 0.00269 230.719
0.313242 0.0027 229.143
0.313242 0.00271 228.267
0.313242 0.00272 228.349
0.313242 0.00273 229.418
0.313242 0.00274 231.319
0.313242 0.00275 233.797
0.313242 0.00276 236.595
0.313242 0.00277 239.547
0.313242 0.00278 242.634
0.313242 0.00279 245.999
0.320687 0.0023 234.897
0.320687 0.00231 233.255
0.320687 0.00232 232.678
0.320687 0.00233 232.929
0.320687 0.00234 233.551
0.320687 0.00235 233.933
0.320687 0.00236 233.405
0.320687 0.00237 231.362
0.320687 0.00238 227.373
0.320687 0.00239 221.267
0.320687 0.0024 213.166
0.320687 0.00241 203.468
0.320687 0.00242 192.776
0.320687 0.00243 181.797
0.320687 0.00244 171.218
0.320687 0.00245 161.606
0.320687 0.00246 153.335
0.320687 0.00247 146.559
0.320687 0.00248 141.237
0.320687 0.00249 137.197
0.320687 0.0025 134.226
0.320687 0.00251 132.157
0.320687 0.00252 130.94
0.320687 0.00253 130.663
0.320687 0.00254 131.542
0.320687 0.00255 133.849
0.320687 0.00256 137.826
0.320687 0.00257 143.585
0.320687 0.00258 151.033
0.320687 0.00259 159.828
0.320687 0.0026 169.401
0.320687 0.00261 179.019
0.320687 0.00262 187.899
0.320687 0.00263 195.337
0.320687 0.00264 200.83
0.320687 0.00265 204.163
0.320687 0.00266 205.439
0.320687 0.00267 205.05
0.320687 0.00268 203.596
0.320687 0.00269 201.758
0.320687 0.0027 200.171
0.320687 0.00271 199.316
0.320687 0.00272 199.45
0.320687 0.00273 200.598
0.320687 0.00274 202.596
0.320687 0.00275 205.174
0.320687 0.00276 208.065
0.320687 0.00277 211.093
0.320687 0.00278 214.239
0.320687 0.00279 217.647
0.329117 0.0023 209.384
0.329117 0.00231 207.619
0.329117 0.00232 206.949
0.329117 0.00233 207.137
0.329117 0.00234 207.725
0.329117 0.00235 208.093
0.329117 0.00236 207.56
0.329117 0.00237 205.51
0.329117 0.00238 201.503
0.329117 0.00239 195.364
0.329117 0.0024 187.216
0.329117 0.00241 177.466
0.329117 0.00242 166.726
0.329117 0.00243 155.713
0.329117 0.00244 145.126
0.329117 0.00245 135.538
0.329117 0.00246 127.323
0.329117 0.00247 120.633
0.329117 0.00248 115.415
0.329117 0.00249 111.488
0.329117 0.0025 108.625
0.329117 0.00251 106.652
0.329117 0.00252 105.511
0.329117 0.00253 105.295
0.329117 0.00254 106.22
0.329117 0.00255 108.57
0.329117 0.00256 112.595
0.329117 0.00257 118.417
0.329117 0.00258 125.945
0.329117 0.00259 134.837
0.329117 0.0026 144.517
0.329117 0.00261 154.241
0.329117 0.00262 163.215
0.329117 0.00263 170.724
0.329117 0.00264 176.256
0.329117 0.00265 179.595
0.329117 0.00266 180.849
0.329117 0.00267 180.422
0.329117 0.00268 178.925
0.329117 0.00269 177.054
0.329117 0.0027 175.458
0.329117 0.00271 174.625
0.329117 0.00272 174.812
0.329117 0.00273 176.039
0.329117 0.00274 178.131
0.329117 0.00275 180.808
0.329117 0.00276 183.791
0.329117 0.00277 186.896
0.329117 0.00278 190.099
0.329117 0.00279 193.55
0.336656 0.0023 187.672
0.336656 0.00231 185.79
0.336656 0.00232 185.029
0.336656 0.00233 185.158
0.336656 0.00234 185.714
0.336656 0.00235 186.069
0.336656 0.00236 185.534
0.336656 0.00237 183.479
0.336656 0.00238 179.458
0.336656 0.00239 173.291
0.336656 0.0024 165.103
0.336656 0.00241 155.306
0.336656 0.00242 144.524
0.336656 0.00243 133.483
0.336656 0.00244 122.893
0.336656 0.00245 113.332
0.336656 0.00246 105.178
0.336656 0.00247 98.5739
0.336656 0.00248 93.4619
0.336656 0.00249 89.6472
0.336656 0.0025 86.893
0.336656 0.00251 85.015
0.336656 0.00252 83.9517
0.336656 0.00253 83.7945
0.336656 0.00254 84.767
0.336656 0.00255 87.1592
0.336656 0.00256 91.232
0.336656 0.00257 97.114
0.336656 0.00258 104.719
0.336656 0.00259 113.704
0.336656 0.0026 123.486
0.336656 0.00261 133.312
0.336656 0.00262 142.376
0.336656 0.00263 149.952
0.336656 0.00264 155.522
0.336656 0.00265 158.867
0.336656 0.00266 160.101
0.336656 0.00267 159.637
0.336656 0.00268 158.099
0.336656 0.00269 156.199
0.336656 0.0027 154.596
0.336656 0.00271 153.785
0.336656 0.00272 154.025
0.336656 0.00273 155.33
0.336656 0.00274 157.515
0.336656 0.00275 160.29
0.336656 0.00276 163.362
0.336656 0.00277 166.542
0.336656 0.00278 169.802
0.336656 0.00279 173.295
0.345189 0.0023 169.382
0.345189 0.00231 167.388
0.345189 0.00232 166.541
0.345189 0.00233 166.613
0.345189 0.00234 167.139
0.345189 0.00235 167.485
0.345189 0.00236 166.948
0.345189 0.00237 164.891
0.345189 0.00238 160.859
0.345189 0.00239 154.668
0.345189 0.0024 146.445
0.345189 0.00241 136.607
0.345189 0.00242 125.788
0.345189 0.00243 114.725
0.345189 0.00244 104.136
0.345189 0.00245 94.6071
0.345189 0.00246 86.5138
0.345189 0.00247 79.9977
0.345189 0.00248 74.991
0.345189 0.00249 71.2884
0.345189 0.0025 68.6419
0.345189 0.00251 66.8586
0.345189 0.00252 65.8723
0.345189 0.00253 65.7744
0.345189 0.00254 66.7935
0.345189 0.00255 69.2277
0.345189 0.00256 73.3466
0.345189 0.00257 79.2865
0.345189 0.00258 86.9648
0.345189 0.00259 96.0384
0.345189 0.0026 105.918
0.345189 0.00261 115.842
0.345189 0.00262 124.992
0.345189 0.00263 132.632
0.345189 0.00264 138.238
0.345189 0.00265 141.59
0.345189 0.00266 142.804
0.345189 0.00267 142.305
0.345189 0.00268 140.73
0.345189 0.00269 138.803
0.345189 0.0027 137.194
0.345189 0.00271 136.406
0.345189 0.00272 136.697
0.345189 0.00273 138.079
0.345189 0.00274 140.356
0.345189 0.00275 143.225
0.345189 0.00276 146.386
0.345189 0.00277 149.638
0.345189 0.00278 152.955
0.345189 0.00279 156.488
0.352815 0.0023 154.154
0.352815 0.00231 152.052
0.352815 0.00232 151.124
0.352815 0.00233 151.143
0.352815 0.00234 151.642
0.352815 0.00235 151.978
0.352815 0.00236 151.442
0.352815 0.00237 149.385
0.352815 0.00238 145.345
0.352815 0.00239 139.134
0.352815 0.0024 130.88
0.352815 0.00241 121.007
0.352815 0.00242 110.156
0.352815 0.00243 99.076
0.352815 0.00244 88.4926
0.352815 0.00245 78.997
0.352815 0.00246 70.9665
0.352815 0.00247 64.5381
0.352815 0.00248 59.636
0.352815 0.00249 56.044
0.352815 0.0025 53.504
0.352815 0.00251 51.8141
0.352815 0.00252 50.9039
0.352815 0.00253 50.8648
0.352815 0.00254 51.93
0.352815 0.00255 54.4052
0.352815 0.00256 58.5689
0.352815 0.00257 64.5643
0.352815 0.00258 72.3129
0.352815 0.00259 81.4709
0.352815 0.0026 91.4438
0.352815 0.00261 101.461
0.352815 0.00262 110.692
0.352815 0.00263 118.393
0.352815 0.00264 124.034
0.352815 0.00265 127.392
0.352815 0.00266 128.588
0.352815 0.00267 128.056
0.352815 0.00268 126.446
0.352815 0.00269 124.493
0.352815 0.0027 122.881
0.352815 0.00271 122.115
0.352815 0.00272 122.458
0.352815 0.00273 123.914
0.352815 0.00274 126.28
0.352815 0.00275 129.242
0.352815 0.00276 132.488
0.352815 0.00277 135.812
0.352815 0.00278 139.183
0.352815 0.00279 142.757
0.36144 0.0023 141.647
0.36144 0.00231 139.443
0.36144 0.00232 138.437
0.36144 0.00233 138.405
0.36144 0.00234 138.879
0.36144 0.00235 139.208
0.36144 0.00236 138.674
0.36144 0.00237 136.62
0.36144 0.00238 132.574
0.36144 0.00239 126.346
0.36144 0.0024 118.066
0.36144 0.00241 108.162
0.36144 0.00242 97.2846
0.36144 0.00243 86.1911
0.36144 0.00244 75.6164
0.36144 0.00245 66.1564
0.36144 0.00246 58.1893
0.36144 0.00247 51.848
0.36144 0.00248 47.0489
0.36144 0.00249 43.5658
0.36144 0.0025 41.13
0.36144 0.00251 39.5319
0.36144 0.00252 38.6964
0.36144 0.00253 38.7152
0.36144 0.00254 39.8257
0.36144 0.00255 42.341
0.36144 0.00256 46.5477
0.36144 0.00257 52.5962
0.36144 0.00258 60.4118
0.36144 0.00259 69.6499
0.36144 0.0026 79.7111
0.36144 0.00261 89.8158
0.36144 0.00262 99.1251
0.36144 0.00263 106.885
0.36144 0.00264 112.558
0.36144 0.00265 115.921
0.36144 0.00266 117.101
0.36144 0.00267 116.539
0.36144 0.00268 114.895
0.36144 0.00269 112.92
0.36144 0.0027 111.304
0.36144 0.00271 110.562
0.36144 0.00272 110.955
0.36144 0.00273 112.483
0.36144 0.00274 114.935
0.36144 0.00275 117.987
0.36144 0.00276 121.316
0.36144 0.00277 124.709
0.36144 0.00278 128.133
0.36144 0.00279 131.745
0.369144 0.0023 131.537
0.369144 0.00231 129.237
0.369144 0.00232 128.158
0.369144 0.00233 128.079
0.369144 0.00234 128.529
0.369144 0.00235 128.852
0.369144 0.00236 128.322
0.369144 0.00237 126.271
0.369144 0.00238 122.221
0.369144 0.00239 115.98
0.369144 0.0024 107.678
0.369144 0.00241 97.7477
0.369144 0.00242 86.8479
0.369144 0.00243 75.7449
0.369144 0.00244 65.1816
0.369144 0.00245 55.7587
0.369144 0.00246 47.8549
0.369144 0.00247 41.5995
0.369144 0.00248 36.9012
0.369144 0.00249 33.5241
0.369144 0.0025 31.1901
0.369144 0.00251 29.6814
0.369144 0.00252 28.9188
0.369144 0.00253 28.9942
0.369144 0.00254 30.149
0.369144 0.00255 32.7033
0.369144 0.00256 36.9514
0.369144 0.00257 43.0504
0.369144 0.00258 50.9294
0.369144 0.00259 60.2433
0.369144 0.0026 70.388
0.369144 0.00261 80.5758
0.369144 0.00262 89.9586
0.369144 0.00263 97.773
0.369144 0.00264 103.477
0.369144 0.00265 106.847
0.369144 0.00266 108.011
0.369144 0.00267 107.419
0.369144 0.00268 105.745
0.369144 0.00269 103.749
0.369144 0.0027 102.131
0.369144 0.00271 101.412
0.369144 0.00272 101.854
0.369144 0.00273 103.452
0.369144 0.00274 105.987
0.369144 0.00275 109.125
0.369144 0.00276 112.533
0.369144 0.00277 115.994
0.369144 0.00278 119.469
0.369144 0.00279 123.119
0.376881 0.0023 123.522
0.376881 0.00231 121.13
0.376881 0.00232 119.982
0.376881 0.00233 119.859
0.376881 0.00234 120.287
0.376881 0.00235 120.607
0.376881 0.00236 120.081
0.376881 0.00237 118.034
0.376881 0.00238 113.984
0.376881 0.00239 107.732
0.376881 0.0024 99.4111
0.376881 0.00241 89.4583
0.376881 0.00242 78.5399
0.376881 0.00243 67.4308
0.376881 0.00244 56.881
0.376881 0.00245 47.4959
0.376881 0.00246 39.6548
0.376881 0.00247 33.4833
0.376881 0.00248 28.883
0.376881 0.00249 25.6088
0.376881 0.0025 23.3732
0.376881 0.00251 21.9512
0.376881 0.00252 21.2595
0.376881 0.00253 21.3899
0.376881 0.00254 22.5876
0.376881 0.00255 25.1794
0.376881 0.00256 29.4671
0.376881 0.00257 35.6141
0.376881 0.00258 43.5528
0.376881 0.00259 52.9381
0.376881 0.0026 63.1613
0.376881 0.00261 73.4274
0.376881 0.00262 82.8793
0.376881 0.00263 90.7457
0.376881 0.00264 96.4791
0.376881 0.00265 99.8541
0.376881 0.00266 101.004
0.376881 0.00267 100.386
0.376881 0.00268 98.683
0.376881 0.00269 96.667
0.376881 0.0027 95.0484
0.376881 0.00271 94.3518
0.376881 0.00272 94.8405
0.376881 0.00273 96.5058
0.376881 0.00274 99.1207
0.376881 0.00275 102.341
0.376881 0.00276 105.826
0.376881 0.00277 109.35
0.376881 0.00278 112.874
0.376881 0.00279 116.56
0.38465 0.0023 117.315
0.38465 0.00231 114.838
0.38465 0.00232 113.625
0.38465 0.00233 113.461
0.38465 0.00234 113.87
0.38465 0.00235 114.186
0.38465 0.00236 113.665
0.38465 0.00237 111.624
0.38465 0.00238 107.574
0.38465 0.00239 101.315
0.38465 0.0024 92.9784
0.38465 0.00241 83.0068
0.38465 0.00242 72.0734
0.38465 0.00243 60.9609
0.38465 0.00244 50.4264
0.38465 0.00245 41.0794
0.38465 0.00246 33.2997
0.38465 0.00247 27.2095
0.38465 0.00248 22.7037
0.38465 0.00249 19.5284
0.38465 0.0025 17.3876
0.38465 0.00251 16.049
0.38465 0.00252 15.4256
0.38465 0.00253 15.6091
0.38465 0.00254 16.8484
0.38465 0.00255 19.4762
0.38465 0.00256 23.8014
0.38465 0.00257 29.9936
0.38465 0.00258 37.9885
0.38465 0.00259 47.4406
0.38465 0.0026 57.7375
0.38465 0.00261 68.0769
0.38465 0.00262 77.5936
0.38465 0.00263 85.5087
0.38465 0.00264 91.2696
0.38465 0.00265 94.6501
0.38465 0.00266 95.7866
0.38465 0.00267 95.1436
0.38465 0.00268 93.4145
0.38465 0.00269 91.3808
0.38465 0.0027 89.7618
0.38465 0.00271 89.0872
0.38465 0.00272 89.6208
0.38465 0.00273 91.3501
0.38465 0.00274 94.0407
0.38465 0.00275 97.3393
0.38465 0.00276 100.897
0.38465 0.00277 104.482
0.38465 0.00278 108.053
0.38465 0.00279 111.774
0.393426 0.0023 112.65
0.393426 0.00231 110.094
0.393426 0.00232 108.821
0.393426 0.00233 108.618
0.393426 0.00234 109.009
0.393426 0.00235 109.323
0.393426 0.00236 108.808
0.393426 0.00237 106.774
0.393426 0.00238 102.727
0.393426 0.00239 96.4617
0.393426 0.0024 88.1124
0.393426 0.00241 78.1253
0.393426 0.00242 67.1799
0.393426 0.00243 56.0665
0.393426 0.00244 45.5483
0.393426 0.00245 36.2391
0.393426 0.00246 28.519
0.393426 0.00247 22.507
0.393426 0.00248 18.0916
0.393426 0.00249 15.011
0.393426 0.0025 12.9606
0.393426 0.00251 11.7018
0.393426 0.00252 11.1438
0.393426 0.00253 11.3782
0.393426 0.00254 12.6572
0.393426 0.00255 15.3194
0.393426 0.00256 19.6801
0.393426 0.00257 25.9147
0.393426 0.00258 33.962
0.393426 0.00259 43.4765
0.393426 0.0026 53.8418
0.393426 0.00261 64.2495
0.393426 0.00262 73.8267
0.393426 0.00263 81.7873
0.393426 0.00264 87.574
0.393426 0.00265 90.9597
0.393426 0.00266 92.084
0.393426 0.00267 91.4181
0.393426 0.00268 89.6647
0.393426 0.00269 87.6149
0.393426 0.0027 85.9961
0.393426 0.00271 85.3426
0.393426 0.00272 85.9189
0.393426 0.00273 87.7087
0.393426 0.00274 90.4709
0.393426 0.00275 93.8437
0.393426 0.00276 97.4703
0.393426 0.00277 101.113
0.393426 0.00278 104.729
0.393426 0.00279 108.482
0.401255 0.0023 109.281
0.401255 0.00231 106.651
0.401255 0.00232 105.322
0.401255 0.00233 105.084
0.401255 0.00234 105.459
0.401255 0.00235 105.771
0.401255 0.00236 105.262
0.401255 0.00237 103.236
0.401255 0.00238 99.1921
0.401255 0.00239 92.9235
0.401255 0.0024 84.5642
0.401255 0.00241 74.5645
0.401255 0.00242 63.6099
0.401255 0.00243 52.4975
0.401255 0.00244 41.9965
0.401255 0.00245 32.7243
0.401255 0.00246 25.0614
0.401255 0.00247 19.1239
0.401255 0.00248 14.7944
0.401255 0.00249 11.8034
0.401255 0.0025 9.83881
0.401255 0.00251 8.65567
0.401255 0.00252 8.15974
0.401255 0.00253 8.44258
0.401255 0.00254 9.75945
0.401255 0.00255 12.4541
0.401255 0.00256 16.8482
0.401255 0.00257 23.1222
0.401255 0.00258 31.2182
0.401255 0.00259 40.7904
0.401255 0.0026 51.2191
0.401255 0.00261 61.6901
0.401255 0.00262 71.3233
0.401255 0.00263 79.326
0.401255 0.00264 85.1368
0.401255 0.00265 88.5274
0.401255 0.00266 89.6406
0.401255 0.00267 88.9538
0.401255 0.00268 87.1781
0.401255 0.00269 85.1138
0.401255 0.0027 83.4955
0.401255 0.00271 82.8621
0.401255 0.00272 83.4785
0.401255 0.00273 85.3252
0.401255 0.00274 88.1545
0.401255 0.00275 91.5969
0.401255 0.00276 95.2881
0.401255 0.00277 98.9853
0.401255 0.00278 102.642
0.401255 0.00279 106.427
0.40911 0.0023 106.978
0.40911 0.00231 104.28
0.40911 0.00232 102.899
0.40911 0.00233 102.629
0.40911 0.00234 102.989
0.40911 0.00235 103.3
0.40911 0.00236 102.799
0.40911 0.00237 100.781
0.40911 0.00238 96.7412
0.40911 0.00239 90.4708
0.40911 0.0024 82.1038
0.40911 0.00241 72.0942
0.40911 0.00242 61.1329
0.40911 0.00243 50.023
0.40911 0.00244 39.5395
0.40911 0.00245 30.303
0.40911 0.00246 22.6946
0.40911 0.00247 16.8274
0.40911 0.00248 12.5786
0.40911 0.00249 9.67188
0.40911 0.0025 7.78784
0.40911 0.00251 6.67589
0.40911 0.00252 6.23848
0.40911 0.00253 6.56704
0.40911 0.00254 7.9196
0.40911 0.00255 10.6448
0.40911 0.00256 15.07
0.40911 0.00257 21.3804
0.40911 0.00258 29.5212
0.40911 0.00259 39.1463
0.40911 0.0026 49.6334
0.40911 0.00261 60.1625
0.40911 0.00262 69.8472
0.40911 0.00263 77.8888
0.40911 0.00264 83.7218
0.40911 0.00265 87.1172
0.40911 0.00266 88.2203
0.40911 0.00267 87.5144
0.40911 0.00268 85.7186
0.40911 0.00269 83.6411
0.40911 0.0027 82.0236
0.40911 0.00271 81.409
0.40911 0.00272 82.0628
0.40911 0.00273 83.9624
0.40911 0.00274 86.8541
0.40911 0.00275 90.3612
0.40911 0.00276 94.1125
0.40911 0.00277 97.8602
0.40911 0.00278 101.556
0.40911 0.00279 105.369
0.416988 0.0023 105.532
0.416988 0.00231 102.771
0.416988 0.00232 101.343
0.416988 0.00233 101.043
0.416988 0.00234 101.391
0.416988 0.00235 101.702
0.416988 0.00236 101.208
0.416988 0.00237 99.1983
0.416988 0.00238 95.1635
0.416988 0.00239 88.8928
0.416988 0.0024 80.5203
0.416988 0.00241 70.5031
0.416988 0.00242 59.537
0.416988 0.00243 48.431
0.416988 0.00244 37.9649
0.416988 0.00245 28.7624
0.416988 0.00246 21.2051
0.416988 0.00247 15.4035
0.416988 0.00248 11.23
0.416988 0.00249 8.40165
0.416988 0.0025 6.59261
0.416988 0.00251 5.54698
0.416988 0.00252 5.16421
0.416988 0.00253 5.53551
0.416988 0.00254 6.92144
0.416988 0.00255 9.67507
0.416988 0.00256 14.1289
0.416988 0.00257 20.4727
0.416988 0.00258 28.6543
0.416988 0.00259 38.3278
0.416988 0.0026 48.8679
0.416988 0.00261 59.45
0.416988 0.00262 69.1817
0.416988 0.00263 77.2588
0.416988 0.00264 83.1122
0.416988 0.00265 86.5121
0.416988 0.00266 87.6062
0.416988 0.00267 86.8831
0.416988 0.00268 85.0689
0.416988 0.00269 82.9796
0.416988 0.0027 81.363
0.416988 0.00271 80.766
0.416988 0.00272 81.4542
0.416988 0.00273 83.4024
0.416988 0.00274 86.3516
0.416988 0.00275 89.9183
0.416988 0.00276 93.725
0.416988 0.00277 97.5193
0.416988 0.00278 101.251
0.416988 0.00279 105.091
0.424887 0.0023 104.751
0.424887 0.00231 101.934
0.424887 0.00232 100.464
0.424887 0.00233 100.137
0.424887 0.00234 100.473
0.424887 0.00235 100.785
0.424887 0.00236 100.297
0.424887 0.00237 98.2964
0.424887 0.00238 94.2675
0.424887 0.00239 87.9977
0.424887 0.0024 79.6216
0.424887 0.00241 69.5988
0.424887 0.00242 58.6297
0.424887 0.00243 47.5285
0.424887 0.00244 37.0793
0.424887 0.00245 27.9088
0.424887 0.00246 20.3989
0.424887 0.00247 14.6578
0.424887 0.00248 10.5535
0.424887 0.00249 7.79724
0.424887 0.0025 6.05722
0.424887 0.00251 5.07271
0.424887 0.00252 4.7404
0.424887 0.00253 5.15125
0.424887 0.00254 6.56805
0.424887 0.00255 9.34785
0.424887 0.00256 13.8278
0.424887 0.00257 20.2019
0.424887 0.00258 28.4203
0.424887 0.00259 38.1373
0.424887 0.0026 48.7252
0.424887 0.00261 59.3551
0.424887 0.00262 69.1292
0.424887 0.00263 77.2385
0.424887 0.00264 83.1105
0.424887 0.00265 86.5146
0.424887 0.00266 87.6007
0.424887 0.00267 86.8622
0.424887 0.00268 85.0316
0.424887 0.00269 82.9317
0.424887 0.0027 81.3161
0.424887 0.00271 80.7349
0.424887 0.00272 81.4544
0.424887 0.00273 83.4468
0.424887 0.00274 86.4482
0.424887 0.00275 90.0691
0.424887 0.00276 93.9263
0.424887 0.00277 97.7631
0.424887 0.00278 101.528
0.424887 0.00279 105.391
0.432806 0.0023 104.465
0.432806 0.00231 101.597
0.432806 0.00232 100.088
0.432806 0.00233 99.7378
0.432806 0.00234 100.064
0.432806 0.00235 100.376
0.432806 0.00236 99.8951
0.432806 0.00237 97.9029
0.432806 0.00238 93.8804
0.432806 0.00239 87.6126
0.432806 0.0024 79.2344
0.432806 0.00241 69.2078
0.432806 0.00242 58.2373
0.432806 0.00243 47.1414
0.432806 0.00244 36.7083
0.432806 0.00245 27.5674
0.432806 0.00246 20.1007
0.432806 0.00247 14.4147
0.432806 0.00248 10.3732
0.432806 0.00249 7.68232
0.432806 0.0025 6.00499
0.432806 0.00251 5.07611
0.432806 0.00252 4.7898
0.432806 0.00253 5.2368
0.432806 0.00254 6.68179
0.432806 0.00255 9.48539
0.432806 0.00256 13.9889
0.432806 0.00257 20.3901
0.432806 0.00258 28.6413
0.432806 0.00259 38.3969
0.432806 0.0026 49.0273
0.432806 0.00261 59.6997
0.432806 0.00262 69.5116
0.432806 0.00263 77.6496
0.432806 0.00264 83.5384
0.432806 0.00265 86.9464
0.432806 0.00266 88.0255
0.432806 0.00267 87.2734
0.432806 0.00268 85.4283
0.432806 0.00269 83.3189
0.432806 0.0027 81.7041
0.432806 0.00271 81.1371
0.432806 0.00272 81.8846
0.432806 0.00273 83.9165
0.432806 0.00274 86.9647
0.432806 0.00275 90.6343
0.432806 0.00276 94.5368
0.432806 0.00277 98.4117
0.432806 0.00278 102.206
0.432806 0.00279 106.091
0.440741 0.0023 104.519
0.440741 0.00231 101.606
0.440741 0.00232 100.064
0.440741 0.00233 99.6921
0.440741 0.00234 100.009
0.440741 0.00235 100.322
0.440741 0.00236 99.8483
0.440741 0.00237 97.8644
0.440741 0.00238 93.8483
0.440741 0.00239 87.5834
0.440741 0.0024 79.2045
0.440741 0.00241 69.1758
0.440741 0.00242 58.2051
0.440741 0.00243 47.1147
0.440741 0.00244 36.6967
0.440741 0.00245 27.5825
0.440741 0.00246 20.1546
0.440741 0.00247 14.5178
0.440741 0.00248 10.5323
0.440741 0.00249 7.89982
0.440741 0.0025 6.27852
0.440741 0.00251 5.39945
0.440741 0.00252 5.15446
0.440741 0.00253 5.63399
0.440741 0.00254 7.10436
0.440741 0.00255 9.92925
0.440741 0.00256 14.4537
0.440741 0.00257 20.8786
0.440741 0.00258 29.1584
0.440741 0.00259 38.9478
0.440741 0.0026 49.6154
0.440741 0.00261 60.325
0.440741 0.00262 70.1701
0.440741 0.00263 78.3334
0.440741 0.00264 84.2369
0.440741 0.00265 87.6486
0.440741 0.00266 88.7217
0.440741 0.00267 87.9578
0.440741 0.00268 86.0999
0.440741 0.00269 83.9822
0.440741 0.0027 82.368
0.440741 0.00271 81.8133
0.440741 0.00272 82.5853
0.440741 0.00273 84.6519
0.440741 0.00274 87.7412
0.440741 0.00275 91.4537
0.440741 0.00276 95.3961
0.440741 0.00277 99.3048
0.440741 0.00278 103.125
0.440741 0.00279 107.029
0.448692 0.0023 104.78
0.448692 0.00231 101.828
0.448692 0.00232 100.256
0.448692 0.00233 99.866
0.448692 0.00234 100.176
0.448692 0.00235 100.49
0.448692 0.00236 100.022
0.448692 0.00237 98.046
0.448692 0.00238 94.0365
0.448692 0.00239 87.7751
0.448692 0.0024 79.3968
0.448692 0.00241 69.3673
0.448692 0.00242 58.3972
0.448692 0.00243 47.3126
0.448692 0.00244 36.9082
0.448692 0.00245 27.8177
0.448692 0.00246 20.4238
0.448692 0.00247 14.8299
0.448692 0.00248 10.8933
0.448692 0.00249 8.31186
0.448692 0.0025 6.73964
0.448692 0.00251 5.90433
0.448692 0.00252 5.69574
0.448692 0.00253 6.20399
0.448692 0.00254 7.69677
0.448692 0.00255 10.5404
0.448692 0.00256 15.0829
0.448692 0.00257 21.5283
0.448692 0.00258 29.8326
0.448692 0.00259 39.6508
0.448692 0.0026 50.3501
0.448692 0.00261 61.0915
0.448692 0.00262 70.9652
0.448692 0.00263 79.1504
0.448692 0.00264 85.0667
0.448692 0.00265 88.4817
0.448692 0.00266 89.5498
0.448692 0.00267 88.7757
0.448692 0.00268 86.9068
0.448692 0.00269 84.7818
0.448692 0.0027 83.1679
0.448692 0.00271 82.6235
0.448692 0.00272 83.4163
0.448692 0.00273 85.5126
0.448692 0.00274 88.6373
0.448692 0.00275 92.3866
0.448692 0.00276 96.3635
0.448692 0.00277 100.301
0.448692 0.00278 104.144
0.448692 0.00279 108.064
0.456656 0.0023 105.132
0.456656 0.00231 102.147
0.456656 0.00232 100.55
0.456656 0.00233 100.144
0.456656 0.00234 100.448
0.456656 0.00235 100.763
0.456656 0.00236 100.301
0.456656 0.00237 98.3321
0.456656 0.00238 94.3291
0.456656 0.00239 88.0718
0.456656 0.0024 79.695
0.456656 0.00241 69.6658
0.456656 0.00242 58.6972
0.456656 0.00243 47.618
0.456656 0.00244 37.2257
0.456656 0.00245 28.1554
0.456656 0.00246 20.7905
0.456656 0.00247 15.233
0.456656 0.00248 11.3379
0.456656 0.00249 8.79985
0.456656 0.0025 7.26949
0.456656 0.00251 6.47162
0.456656 0.00252 6.29431
0.456656 0.00253 6.82732
0.456656 0.00254 8.33941
0.456656 0.00255 11.199
0.456656 0.00256 15.7568
0.456656 0.00257 22.2192
0.456656 0.00258 30.5438
0.456656 0.00259 40.3858
0.456656 0.0026 51.1114
0.456656 0.00261 61.8794
0.456656 0.00262 71.7768
0.456656 0.00263 79.9803
0.456656 0.00264 85.9076
0.456656 0.00265 89.3255
0.456656 0.00266 90.3896
0.456656 0.00267 89.6071
0.456656 0.00268 87.7288
0.456656 0.00269 85.5974
0.456656 0.0027 83.9834
0.456656 0.00271 83.4473
0.456656 0.00272 84.2571
0.456656 0.00273 86.3779
0.456656 0.00274 89.5318
0.456656 0.00275 93.3119
0.456656 0.00276 97.3176
0.456656 0.00277 101.28
0.456656 0.00278 105.141
0.456656 0.00279 109.074
0.464631 0.0023 105.479
0.464631 0.00231 102.467
0.464631 0.00232 100.849
0.464631 0.00233 100.43
0.464631 0.00234 100.729
0.464631 0.00235 101.044
0.464631 0.00236 100.588
0.464631 0.00237 98.626
0.464631 0.00238 94.6292
0.464631 0.00239 88.3763
0.464631 0.0024 80.0019
0.464631 0.00241 69.9739
0.464631 0.00242 59.0074
0.464631 0.00243 47.9332
0.464631 0.00244 37.5511
0.464631 0.00245 28.4975
0.464631 0.00246 21.1561
0.464631 0.00247 15.6282
0.464631 0.00248 11.767
0.464631 0.00249 9.26445
0.464631 0.0025 7.76847
0.464631 0.00251 7.00153
0.464631 0.00252 6.85019
0.464631 0.00253 7.40385
0.464631 0.00254 8.93202
0.464631 0.00255 11.8048
0.464631 0.00256 16.375
0.464631 0.00257 22.8508
0.464631 0.00258 31.1915
0.464631 0.00259 41.0523
0.464631 0.0026 51.7987
0.464631 0.00261 62.5877
0.464631 0.00262 72.5042
0.464631 0.00263 80.7226
0.464631 0.00264 86.6588
0.464631 0.00265 90.0793
0.464631 0.00266 91.1403
0.464631 0.00267 90.3509
0.464631 0.00268 88.465
0.464631 0.00269 86.3282
0.464631 0.0027 84.7135
0.464631 0.00271 84.1834
0.464631 0.00272 85.0063
0.464631 0.00273 87.1462
0.464631 0.00274 90.3234
0.464631 0.00275 94.1279
0.464631 0.00276 98.1565
0.464631 0.00277 102.138
0.464631 0.00278 106.014
0.464631 0.00279 109.957
0.472616 0.0023 105.745
0.472616 0.00231 102.711
0.472616 0.00232 101.076
0.472616 0.00233 100.647
0.472616 0.00234 100.941
0.472616 0.00235 101.258
0.472616 0.00236 100.806
0.472616 0.00237 98.8498
0.472616 0.00238 94.8589
0.472616 0.00239 88.6105
0.472616 0.0024 80.2392
0.472616 0.00241 70.2133
0.472616 0.00242 59.2493
0.472616 0.00243 48.1795
0.472616 0.00244 37.8054
0.472616 0.00245 28.7646
0.472616 0.00246 21.4412
0.472616 0.00247 15.936
0.472616 0.00248 12.1008
0.472616 0.00249 9.62559
0.472616 0.0025 8.15633
0.472616 0.00251 7.41361
0.472616 0.00252 7.28277
0.472616 0.00253 7.85281
0.472616 0.00254 9.39372
0.472616 0.00255 12.2768
0.472616 0.00256 16.8563
0.472616 0.00257 23.3422
0.472616 0.00258 31.6945
0.472616 0.00259 41.5691
0.472616 0.0026 52.3308
0.472616 0.00261 63.1354
0.472616 0.00262 73.0662
0.472616 0.00263 81.2958
0.472616 0.00264 87.2391
0.472616 0.00265 90.6616
0.472616 0.00266 91.7205
0.472616 0.00267 90.9259
0.472616 0.00268 89.034
0.472616 0.00269 86.8924
0.472616 0.0027 85.2767
0.472616 0.00271 84.7503
0.472616 0.00272 85.5822
0.472616 0.00273 87.7358
0.472616 0.00274 90.9299
0.472616 0.00275 94.7523
0.472616 0.00276 98.798
0.472616 0.00277 102.794
0.472616 0.00278 106.68
0.472616 0.00279 110.631
0.480607 0.0023 105.871
0.480607 0.00231 102.82
0.480607 0.00232 101.173
0.480607 0.00233 100.736
0.480607 0.00234 101.027
0.480607 0.00235 101.344
0.480607 0.00236 100.895
0.480607 0.00237 98.9448
0.480607 0.00238 94.9592
0.480607 0.00239 88.7156
0.480607 0.0024 80.3478
0.480607 0.00241 70.3247
0.480607 0.00242 59.3633
0.480607 0.00243 48.2972
0.480607 0.00244 37.9289
0.480607 0.00245 28.897
0.480607 0.00246 21.5858
0.480607 0.00247 16.096
0.480607 0.00248 12.2787
0.480607 0.00249 9.82251
0.480607 0.0025 8.37211
0.480607 0.00251 7.64675
0.480607 0.00252 7.53079
0.480607 0.00253 8.11283
0.480607 0.00254 9.66303
0.480607 0.00255 12.5534
0.480607 0.00256 17.1392
0.480607 0.00257 23.6315
0.480607 0.00258 31.9911
0.480607 0.00259 41.8743
0.480607 0.0026 52.6458
0.480607 0.00261 63.4606
0.480607 0.00262 73.4008
0.480607 0.00263 81.6381
0.480607 0.00264 87.5863
0.480607 0.00265 91.0106
0.480607 0.00266 92.0681
0.480607 0.00267 91.27
0.480607 0.00268 89.3736
0.480607 0.00269 87.2282
0.480607 0.0027 85.6106
0.480607 0.00271 85.0855
0.480607 0.00272 85.9223
0.480607 0.00273 88.0842
0.480607 0.00274 91.2887
0.480607 0.00275 95.1226
0.480607 0.00276 99.1791
0.480607 0.00277 103.184
0.480607 0.00278 107.077
0.480607 0.00279 111.032
0.488603 0.0023 105.817
0.488603 0.00231 102.756
0.488603 0.00232 101.101
0.488603 0.00233 100.658
0.488603 0.00234 100.946
0.488603 0.00235 101.264
0.488603 0.00236 100.818
0.488603 0.00237 98.8713
0.488603 0.00238 94.8905
0.488603 0.00239 88.6514
0.488603 0.0024 80.2876
0.488603 0.00241 70.2677
0.488603 0.00242 59.3091
0.488603 0.00243 48.2458
0.488603 0.00244 37.8809
0.488603 0.00245 28.8536
0.488603 0.00246 21.5487
0.488603 0.00247 16.067
0.488603 0.00248 12.2593
0.488603 0.00249 9.81376
0.488603 0.0025 8.37424
0.488603 0.00251 7.65921
0.488603 0.00252 7.55239
0.488603 0.00253 8.14193
0.488603 0.00254 9.6979
0.488603 0.00255 12.5925
0.488603 0.00256 17.1815
0.488603 0.00257 23.6766
0.488603 0.00258 32.0391
0.488603 0.00259 41.9258
0.488603 0.0026 52.7014
0.488603 0.00261 63.5208
0.488603 0.00262 73.4657
0.488603 0.00263 81.7071
0.488603 0.00264 87.6582
0.488603 0.00265 91.0837
0.488603 0.00266 92.1407
0.488603 0.00267 91.3406
0.488603 0.00268 89.4412
0.488603 0.00269 87.2926
0.488603 0.0027 85.6726
0.488603 0.00271 85.1464
0.488603 0.00272 85.9839
0.488603 0.00273 88.1482
0.488603 0.00274 91.3567
0.488603 0.00275 95.1954
0.488603 0.00276 99.2567
0.488603 0.00277 103.265
0.488603 0.00278 107.161
0.488603 0.00279 111.117
0.496602 0.0023 105.564
0.496602 0.00231 102.498
0.496602 0.00232 100.838
0.496602 0.00233 100.392
0.496602 0.00234 100.679
0.496602 0.00235 100.996
0.496602 0.00236 100.552
0.496602 0.00237 98.6085
0.496602 0.00238 94.6317
0.496602 0.00239 88.3971
0.496602 0.0024 80.0376
0.496602 0.00241 70.0214
0.496602 0.00242 59.0655
0.496602 0.00243 48.0039
0.496602 0.00244 37.6399
0.496602 0.00245 28.613
0.496602 0.00246 21.3084
0.496602 0.00247 15.8273
0.496602 0.00248 12.0208
0.496602 0.00249 9.57723
0.496602 0.0025 8.14045
0.496602 0.00251 7.42865
0.496602 0.00252 7.32512
0.496602 0.00253 7.91757
0.496602 0.00254 9.47567
0.496602 0.00255 12.3713
0.496602 0.00256 16.9604
0.496602 0.00257 23.4545
0.496602 0.00258 31.8155
0.496602 0.00259 41.7005
0.496602 0.0026 52.4746
0.496602 0.00261 63.2931
0.496602 0.00262 73.2379
0.496602 0.00263 81.4797
0.496602 0.00264 87.4316
0.496602 0.00265 90.8579
0.496602 0.00266 91.9152
0.496602 0.00267 91.1147
0.496602 0.00268 89.2137
0.496602 0.00269 87.0627
0.496602 0.0027 85.4394
0.496602 0.00271 84.9096
0.496602 0.00272 85.7435
0.496602 0.00273 87.9046
0.496602 0.00274 91.1104
0.496602 0.00275 94.9471
0.496602 0.00276 99.0069
0.496602 0.00277 103.014
0.496602 0.00278 106.908
0.496602 0.00279 110.862
0.504602 0.0023 105.11
0.504602 0.00231 102.045
0.504602 0.00232 100.385
0.504602 0.00233 99.9379
0.504602 0.00234 100.223
0.504602 0.00235 100.54
0.504602 0.00236 100.096
0.504602 0.00237 98.1548
0.504602 0.00238 94.1813
0.504602 0.00239 87.9508
0.504602 0.0024 79.5958
0.504602 0.00241 69.5836
0.504602 0.00242 58.6303
0.504602 0.00243 47.5693
0.504602 0.00244 37.2036
0.504602 0.00245 28.1727
0.504602 0.00246 20.8622
0.504602 0.00247 15.3741
0.504602 0.00248 11.5603
0.504602 0.00249 9.11014
0.504602 0.0025 7.6679
0.504602 0.00251 6.9521
0.504602 0.00252 6.84593
0.504602 0.00253 7.43663
0.504602 0.00254 8.99317
0.504602 0.00255 11.8867
0.504602 0.00256 16.4726
0.504602 0.00257 22.962
0.504602 0.00258 31.317
0.504602 0.00259 41.195
0.504602 0.0026 51.962
0.504602 0.00261 62.7741
0.504602 0.00262 72.7138
0.504602 0.00263 80.9524
0.504602 0.00264 86.903
0.504602 0.00265 90.3296
0.504602 0.00266 91.388
0.504602 0.00267 90.5884
0.504602 0.00268 88.6874
0.504602 0.00269 86.5345
0.504602 0.0027 84.9072
0.504602 0.00271 84.3712
0.504602 0.00272 85.1971
0.504602 0.00273 87.3492
0.504602 0.00274 90.5458
0.504602 0.00275 94.3737
0.504602 0.00276 98.4256
0.504602 0.00277 102.426
0.504602 0.00278 106.314
0.504602 0.00279 110.262
0.512601 0.0023 104.474
0.512601 0.00231 101.414
0.512601 0.00232 99.7579
0.512601 0.00233 99.3124
0.512601 0.00234 99.5971
0.512601 0.00235 99.9133
0.512601 0.00236 99.4686
0.512601 0.00237 97.5277
0.512601 0.00238 93.5564
0.512601 0.00239 87.3298
0.512601 0.0024 78.9794
0.512601 0.00241 68.9714
0.512601 0.00242 58.0205
0.512601 0.00243 46.959
0.512601 0.00244 36.5889
0.512601 0.00245 27.5495
0.512601 0.00246 20.2269
0.512601 0.00247 14.7242
0.512601 0.00248 10.8947
0.512601 0.00249 8.42908
0.512601 0.0025 6.9731
0.512601 0.00251 6.24604
0.512601 0.00252 6.13123
0.512601 0.00253 6.71544
0.512601 0.00254 8.26667
0.512601 0.00255 11.1549
0.512601 0.00256 15.7342
0.512601 0.00257 22.2152
0.512601 0.00258 30.5596
0.512601 0.00259 40.4254
0.512601 0.0026 51.1797
0.512601 0.00261 61.9797
0.512601 0.00262 71.9094
0.512601 0.00263 80.1411
0.512601 0.00264 86.0883
0.512601 0.00265 89.5145
0.512601 0.00266 90.5748
0.512601 0.00267 89.7777
0.512601 0.00268 87.878
0.512601 0.00269 85.7239
0.512601 0.0027 84.0917
0.512601 0.00271 83.5469
0.512601 0.00272 84.3605
0.512601 0.00273 86.4977
0.512601 0.00274 89.6784
0.512601 0.00275 93.4906
0.512601 0.00276 97.5281
0.512601 0.00277 101.516
0.512601 0.00278 105.394
0.512601 0.00279 109.332
0.520596 0.0023 103.692
0.520596 0.00231 100.644
0.520596 0.00232 98.9947
0.520596 0.00233 98.5525
0.520596 0.00234 98.8372
0.520596 0.00235 99.1517
0.520596 0.00236 98.7051
0.520596 0.00237 96.7635
0.520596 0.00238 92.7936
0.520596 0.00239 86.5704
0.520596 0.0024 78.2247
0.520596 0.00241 68.2211
0.520596 0.00242 57.2724
0.520596 0.00243 46.2091
0.520596 0.00244 35.8318
0.520596 0.00245 26.7795
0.520596 0.00246 19.4386
0.520596 0.00247 13.9136
0.520596 0.00248 10.0598
0.520596 0.00249 7.57001
0.520596 0.0025 6.09199
0.520596 0.00251 5.34634
0.520596 0.00252 5.21686
0.520596 0.00253 5.78979
0.520596 0.00254 7.3319
0.520596 0.00255 10.2115
0.520596 0.00256 14.7809
0.520596 0.00257 21.2496
0.520596 0.00258 29.5789
0.520596 0.00259 39.4273
0.520596 0.0026 50.163
0.520596 0.00261 60.9454
0.520596 0.00262 70.8602
0.520596 0.00263 79.0813
0.520596 0.00264 85.0229
0.520596 0.00265 88.4483
0.520596 0.00266 89.5111
0.520596 0.00267 88.7178
0.520596 0.00268 86.8208
0.520596 0.00269 84.666
0.520596 0.0027 83.0281
0.520596 0.00271 82.4718
0.520596 0.00272 83.2687
0.520596 0.00273 85.3852
0.520596 0.00274 88.5432
0.520596 0.00275 92.3328
0.520596 0.00276 96.3496
0.520596 0.00277 100.32
0.520596 0.00278 104.182
0.520596 0.00279 108.108
0.528586 0.0023 102.821
0.528586 0.00231 99.7893
0.528586 0.00232 98.1511
0.528586 0.00233 97.7142
0.528586 0.00234 97.9994
0.528586 0.00235 98.3114
0.528586 0.00236 97.8616
0.528586 0.00237 95.9178
0.528586 0.00238 91.9483
0.528586 0.00239 85.7282
0.528586 0.0024 77.3871
0.528586 0.00241 67.388
0.528586 0.00242 56.4413
0.528586 0.00243 45.3749
0.528586 0.00244 34.9878
0.528586 0.00245 25.918
0.528586 0.00246 18.5526
0.528586 0.00247 12.9977
0.528586 0.00248 9.11095
0.528586 0.00249 6.58828
0.528586 0.0025 5.07992
0.528586 0.00251 4.30837
0.528586 0.00252 4.15813
0.528586 0.00253 4.71498
0.528586 0.00254 6.24411
0.528586 0.00255 9.11165
0.528586 0.00256 13.6678
0.528586 0.00257 20.1204
0.528586 0.00258 28.43
0.528586 0.00259 38.2556
0.528586 0.0026 48.9672
0.528586 0.00261 59.7262
0.528586 0.00262 69.6212
0.528586 0.00263 77.8279
0.528586 0.00264 83.7617
0.528586 0.00265 87.1856
0.528586 0.00266 88.2516
0.528586 0.00267 87.4635
0.528586 0.00268 85.5706
0.528586 0.00269 83.4157
0.528586 0.0027 81.7711
0.528586 0.00271 81.2007
0.528586 0.00272 81.9764
0.528586 0.00273 84.0664
0.528586 0.00274 87.1949
0.528586 0.00275 90.955
0.528586 0.00276 94.9445
0.528586 0.00277 98.8912
0.528586 0.00278 102.734
0.528586 0.00279 106.644
0.536569 0.0023 101.936
0.536569 0.00231 98.9257
0.536569 0.00232 97.3021
0.536569 0.00233 96.8723
0.536569 0.00234 97.1585
0.536569 0.00235 97.4672
0.536569 0.00236 97.0127
0.536569 0.00237 95.0655
0.536569 0.00238 91.0953
0.536569 0.00239 84.8776
0.536569 0.0024 76.5413
0.536569 0.00241 66.5468
0.536569 0.00242 55.6017
0.536569 0.00243 44.5309
0.536569 0.00244 34.1313
0.536569 0.00245 25.0396
0.536569 0.00246 17.6436
0.536569 0.00247 12.0511
0.536569 0.00248 8.12298
0.536569 0.00249 5.55867
0.536569 0.0025 4.01169
0.536569 0.00251 3.20691
0.536569 0.00252 3.02985
0.536569 0.00253 3.56577
0.536569 0.00254 5.07804
0.536569 0.00255 7.93018
0.536569 0.00256 12.4697
0.536569 0.00257 18.9022
0.536569 0.00258 27.1875
0.536569 0.00259 36.985
0.536569 0.0026 47.6666
0.536569 0.00261 58.3967
0.536569 0.00262 68.2669
0.536569 0.00263 76.4555
0.536569 0.00264 82.3792
0.536569 0.00265 85.801
0.536569 0.00266 86.8708
0.536569 0.00267 86.0892
0.536569 0.00268 84.2017
0.536569 0.00269 82.047
0.536569 0.0027 80.3949
0.536569 0.00271 79.8078
0.536569 0.00272 80.5578
0.536569 0.00273 82.6154
0.536569 0.00274 85.7077
0.536569 0.00275 89.4313
0.536569 0.00276 93.3872
0.536569 0.00277 97.3048
0.536569 0.00278 101.124
0.536569 0.00279 105.013
0.544543 0.0023 101.131
0.544543 0.00231 98.1474
0.544543 0.00232 96.5418
0.544543 0.00233 96.1211
0.544543 0.00234 96.4084
0.544543 0.00235 96.713
0.544543 0.00236 96.2524
0.544543 0.00237 94.3002
0.544543 0.00238 90.3282
0.544543 0.00239 84.1126
0.544543 0.0024 75.7809
0.544543 0.00241 65.7912
0.544543 0.00242 54.8474
0.544543 0.00243 43.771
0.544543 0.00244 33.3561
0.544543 0.00245 24.2383
0.544543 0.00246 16.8054
0.544543 0.00247 11.1678
0.544543 0.00248 7.18996
0.544543 0.00249 4.57536
0.544543 0.0025 2.98154
0.544543 0.00251 2.13625
0.544543 0.00252 1.92631
0.544543 0.00253 2.43646
0.544543 0.00254 3.92797
0.544543 0.00255 6.76128
0.544543 0.00256 11.2807
0.544543 0.00257 17.6892
0.544543 0.00258 25.9455
0.544543 0.00259 35.7095
0.544543 0.0026 46.3554
0.544543 0.00261 57.051
0.544543 0.00262 66.8913
0.544543 0.00263 75.058
0.544543 0.00264 80.9694
0.544543 0.00265 84.3883
0.544543 0.00266 85.4625
0.544543 0.00267 84.6887
0.544543 0.00268 82.8078
0.544543 0.00269 80.654
0.544543 0.0027 78.9934
0.544543 0.00271 78.3868
0.544543 0.00272 79.1069
0.544543 0.00273 81.1261
0.544543 0.00274 84.1755
0.544543 0.00275 87.8558
0.544543 0.00276 91.7714
0.544543 0.00277 95.6543
0.544543 0.00278 99.4446
0.544543 0.00279 103.31
0.552505 0.0023 100.52
0.552505 0.00231 97.5678
0.552505 0.00232 95.9836
0.552505 0.00233 95.5736
0.552505 0.00234 95.8623
0.552505 0.00235 96.1619
0.552505 0.00236 95.6938
0.552505 0.00237 93.7351
0.552505 0.00238 89.7602
0.552505 0.00239 83.5461
0.552505 0.0024 75.219
0.552505 0.00241 65.2341
0.552505 0.00242 54.2913
0.552505 0.00243 43.2083
0.552505 0.00244 32.7755
0.552505 0.00245 23.6271
0.552505 0.00246 16.1515
0.552505 0.00247 10.4614
0.552505 0.00248 6.42542
0.552505 0.00249 3.75199
0.552505 0.0025 2.10318
0.552505 0.00251 1.21017
0.552505 0.00252 0.961333
0.552505 0.00253 1.44087
0.552505 0.00254 2.90771
0.552505 0.00255 5.71874
0.552505 0.00256 10.2145
0.552505 0.00257 16.5951
0.552505 0.00258 24.8177
0.552505 0.00259 34.5429
0.552505 0.0026 45.1473
0.552505 0.00261 55.8026
0.552505 0.00262 65.6081
0.552505 0.00263 73.749
0.552505 0.00264 79.6459
0.552505 0.00265 83.0612
0.552505 0.00266 84.1403
0.552505 0.00267 83.3755
0.552505 0.00268 81.5024
0.552505 0.00269 79.3498
0.552505 0.0027 77.6799
0.552505 0.00271 77.0512
0.552505 0.00272 77.7368
0.552505 0.00273 79.7119
0.552505 0.00274 82.7118
0.552505 0.00275 86.3418
0.552505 0.00276 90.2107
0.552505 0.00277 94.0532
0.552505 0.00278 97.8103
0.552505 0.00279 101.649
0.561446 0.0023 100.236
0.561446 0.00231 97.3196
0.561446 0.00232 95.76
0.561446 0.00233 95.3623
0.561446 0.00234 95.6525
0.561446 0.00235 95.9461
0.561446 0.00236 95.4689
0.561446 0.00237 93.5022
0.561446 0.00238 89.5233
0.561446 0.00239 83.3101
0.561446 0.0024 74.9877
0.561446 0.00241 65.0077
0.561446 0.00242 54.0659
0.561446 0.00243 42.9749
0.561446 0.00244 32.5218
0.561446 0.00245 23.3386
0.561446 0.00246 15.8144
0.561446 0.00247 10.0645
0.561446 0.00248 5.96233
0.561446 0.00249 3.22166
0.561446 0.0025 1.50984
0.561446 0.00251 0.561975
0.561446 0.00252 0.268262
0.561446 0.00253 0.71238
0.561446 0.00254 2.15062
0.561446 0.00255 4.93591
0.561446 0.00256 9.40453
0.561446 0.00257 15.7532
0.561446 0.00258 23.9373
0.561446 0.00259 33.6184
0.561446 0.0026 44.1755
0.561446 0.00261 54.7847
0.561446 0.00262 64.5504
0.561446 0.00263 72.6618
0.561446 0.00264 78.5417
0.561446 0.00265 81.9526
0.561446 0.00266 83.0371
0.561446 0.00267 82.2826
0.561446 0.00268 80.4184
0.561446 0.00269 78.2675
0.561446 0.0027 76.5872
0.561446 0.00271 75.9339
0.561446 0.00272 76.5807
0.561446 0.00273 78.506
0.561446 0.00274 81.4496
0.561446 0.00275 85.0225
0.561446 0.00276 88.8382
0.561446 0.00277 92.6348
0.561446 0.00278 96.3541
0.561446 0.00279 100.161
0.569377 0.0023 100.431
0.569377 0.00231 97.5545
0.569377 0.00232 96.0226
0.569377 0.00233 95.6387
0.569377 0.00234 95.9304
0.569377 0.00235 96.217
0.569377 0.00236 95.7292
0.569377 0.00237 93.753
0.569377 0.00238 89.769
0.569377 0.00239 83.5562
0.569377 0.0024 75.2383
0.569377 0.00241 65.2635
0.569377 0.00242 54.3224
0.569377 0.00243 43.2226
0.569377 0.00244 32.7467
0.569377 0.00245 23.5248
0.569377 0.00246 15.9462
0.569377 0.00247 10.1295
0.569377 0.00248 5.95308
0.569377 0.00249 3.13692
0.569377 0.0025 1.35422
0.569377 0.00251 0.34448
0.569377 0.00252 9.34157e-24
0.569377 0.00253 0.403925
0.569377 0.00254 1.80966
0.569377 0.00255 4.56572
0.569377 0.00256 9.00365
0.569377 0.00257 15.3163
0.569377 0.00258 23.4573
0.569377 0.00259 33.0887
0.569377 0.0026 43.5928
0.569377 0.00261 54.1503
0.569377 0.00262 63.8711
0.569377 0.00263 71.949
0.569377 0.00264 77.8097
0.569377 0.00265 81.2153
0.569377 0.00266 82.3056
0.569377 0.00267 81.5625
0.569377 0.00268 79.7084
0.569377 0.00269 77.5596
0.569377 0.0027 75.8681
0.569377 0.00271 75.1874
0.569377 0.00272 75.7912
0.569377 0.00273 77.6609
0.569377 0.00274 80.5418
0.569377 0.00275 84.0507
0.569377 0.00276 87.8069
0.569377 0.00277 91.5518
0.569377 0.00278 95.2286
0.569377 0.00279 99.0007
0.577291 0.0023 101.275
0.577291 0.00231 98.4436
0.577291 0.00232 96.9423
0.577291 0.00233 96.5735
0.577291 0.00234 96.8666
0.577291 0.00235 97.1452
0.577291 0.00236 96.6452
0.577291 0.00237 94.6579
0.577291 0.00238 90.6676
0.577291 0.00239 84.4548
0.577291 0.0024 76.1416
0.577291 0.00241 66.1722
0.577291 0.00242 55.2318
0.577291 0.00243 44.1222
0.577291 0.00244 33.6213
0.577291 0.00245 24.3568
0.577291 0.00246 16.7183
0.577291 0.00247 10.8279
0.577291 0.00248 6.56955
0.577291 0.00249 3.66987
0.577291 0.0025 1.80857
0.577291 0.00251 0.730065
0.577291 0.00252 0.329016
0.577291 0.00253 0.688028
0.577291 0.00254 2.05736
0.577291 0.00255 4.78071
0.577291 0.00256 9.18438
0.577291 0.00257 15.457
0.577291 0.00258 23.5502
0.577291 0.00259 33.1265
0.577291 0.0026 43.5716
0.577291 0.00261 54.0717
0.577291 0.00262 63.7425
0.577291 0.00263 71.7831
0.577291 0.00264 77.622
0.577291 0.00265 81.0216
0.577291 0.00266 82.118
0.577291 0.00267 81.3874
0.577291 0.00268 79.5445
0.577291 0.00269 77.3982
0.577291 0.0027 75.6945
0.577291 0.00271 74.984
0.577291 0.00272 75.5405
0.577291 0.00273 77.3491
0.577291 0.00274 80.1607
0.577291 0.00275 83.5989
0.577291 0.00276 87.2892
0.577291 0.00277 90.977
0.577291 0.00278 94.6067
0.577291 0.00279 98.3399
0.585184 0.0023 102.96
0.585184 0.00231 100.177
0.585184 0.00232 98.7091
0.585184 0.00233 98.3567
0.585184 0.00234 98.6511
0.585184 0.00235 98.9205
0.585184 0.00236 98.4067
0.585184 0.00237 96.4067
0.585184 0.00238 92.4092
0.585184 0.00239 86.1958
0.585184 0.0024 77.8874
0.585184 0.00241 67.9238
0.585184 0.00242 56.9841
0.585184 0.00243 45.8639
0.585184 0.00244 35.336
0.585184 0.00245 26.0252
0.585184 0.00246 18.3217
0.585184 0.00247 12.351
0.585184 0.00248 8.00308
0.585184 0.00249 5.01207
0.585184 0.0025 3.06467
0.585184 0.00251 1.91067
0.585184 0.00252 1.44737
0.585184 0.00253 1.75681
0.585184 0.00254 3.08589
0.585184 0.00255 5.77304
0.585184 0.00256 10.1389
0.585184 0.00257 16.3674
0.585184 0.00258 24.4079
0.585184 0.00259 33.9237
0.585184 0.0026 44.3041
0.585184 0.00261 54.741
0.585184 0.00262 64.3567
0.585184 0.00263 72.3561
0.585184 0.00264 78.1708
0.585184 0.00265 81.5633
0.585184 0.00266 82.6662
0.585184 0.00267 81.9491
0.585184 0.00268 80.1185
0.585184 0.00269 77.9751
0.585184 0.0027 76.2584
0.585184 0.00271 75.5154
0.585184 0.00272 76.0206
0.585184 0.00273 77.7624
0.585184 0.00274 80.4984
0.585184 0.00275 83.8594
0.585184 0.00276 87.4775
0.585184 0.00277 91.1026
0.585184 0.00278 94.6805
0.585184 0.00279 98.3711
0.593056 0.0023 105.694
0.593056 0.00231 102.964
0.593056 0.00232 101.532
0.593056 0.00233 101.197
0.593056 0.00234 101.493
0.593056 0.00235 101.752
0.593056 0.00236 101.223
0.593056 0.00237 99.2085
0.593056 0.00238 95.2026
0.593056 0.00239 88.9884
0.593056 0.0024 80.6849
0.593056 0.00241 70.7274
0.593056 0.00242 59.7888
0.593056 0.00243 48.6574
0.593056 0.00244 38.1006
0.593056 0.00245 28.7401
0.593056 0.00246 20.9665
0.593056 0.00247 14.9091
0.593056 0.00248 10.4645
0.593056 0.00249 7.37464
0.593056 0.0025 5.33387
0.593056 0.00251 4.09784
0.593056 0.00252 3.56672
0.593056 0.00253 3.82203
0.593056 0.00254 5.10703
0.593056 0.00255 7.75449
0.593056 0.00256 12.0789
0.593056 0.00257 18.2592
0.593056 0.00258 26.2422
0.593056 0.00259 35.692
0.593056 0.0026 46.0018
0.593056 0.00261 56.3699
0.593056 0.00262 65.9254
0.593056 0.00263 73.8795
0.593056 0.00264 79.6676
0.593056 0.00265 83.052
0.593056 0.00266 84.1617
0.593056 0.00267 83.459
0.593056 0.00268 81.6418
0.593056 0.00269 79.5016
0.593056 0.0027 77.771
0.593056 0.00271 76.9933
0.593056 0.00272 77.4429
0.593056 0.00273 79.1127
0.593056 0.00274 81.7668
0.593056 0.00275 85.0441
0.593056 0.00276 88.5837
0.593056 0.00277 92.1406
0.593056 0.00278 95.6621
0.593056 0.00279 99.3063
0.600904 0.0023 109.708
0.600904 0.00231 107.034
0.600904 0.00232 105.64
0.600904 0.00233 105.324
0.600904 0.00234 105.62
0.600904 0.00235 105.868
0.600904 0.00236 105.321
0.600904 0.00237 103.292
0.600904 0.00238 99.2763
0.600904 0.00239 93.0608
0.600904 0.0024 84.7626
0.600904 0.00241 74.8119
0.600904 0.00242 63.8745
0.600904 0.00243 52.7316
0.600904 0.00244 42.1442
0.600904 0.00245 32.7309
0.600904 0.00246 24.8826
0.600904 0.00247 18.7325
0.600904 0.00248 14.1843
0.600904 0.00249 10.9883
0.600904 0.0025 8.8471
0.600904 0.00251 7.5227
0.600904 0.00252 6.91837
0.600904 0.00253 7.11507
0.600904 0.00254 8.35221
0.600904 0.00255 10.9565
0.600904 0.00256 15.2359
0.600904 0.00257 21.3639
0.600904 0.00258 29.2846
0.600904 0.00259 38.6629
0.600904 0.0026 48.8963
0.600904 0.00261 59.1896
0.600904 0.00262 68.6799
0.600904 0.00263 76.5848
0.600904 0.00264 82.3437
0.600904 0.00265 85.719
0.600904 0.00266 86.8356
0.600904 0.00267 86.1484
0.600904 0.00268 84.3454
0.600904 0.00269 82.2088
0.600904 0.0027 80.4635
0.600904 0.00271 79.6487
0.600904 0.00272 80.0389
0.600904 0.00273 81.6313
0.600904 0.00274 84.1974
0.600904 0.00275 87.3845
0.600904 0.00276 90.8396
0.600904 0.00277 94.323
0.600904 0.00278 97.7835
0.600904 0.00279 101.377
0.608726 0.0023 115.248
0.608726 0.00231 112.635
0.608726 0.00232 111.281
0.608726 0.00233 110.984
0.608726 0.00234 111.281
0.608726 0.00235 111.515
0.608726 0.00236 110.95
0.608726 0.00237 108.904
0.608726 0.00238 104.878
0.608726 0.00239 98.661
0.608726 0.0024 90.3683
0.608726 0.00241 80.425
0.608726 0.00242 69.4894
0.608726 0.00243 58.3347
0.608726 0.00244 47.7155
0.608726 0.00245 38.2465
0.608726 0.00246 30.3191
0.608726 0.00247 24.0707
0.608726 0.00248 19.4122
0.608726 0.00249 16.1032
0.608726 0.0025 13.8549
0.608726 0.00251 12.436
0.608726 0.00252 11.7532
0.608726 0.00253 11.887
0.608726 0.00254 13.0726
0.608726 0.00255 15.6303
0.608726 0.00256 19.8609
0.608726 0.00257 25.9325
0.608726 0.00258 33.7861
0.608726 0.00259 43.0874
0.608726 0.0026 53.2385
0.608726 0.00261 63.4515
0.608726 0.00262 72.8713
0.608726 0.00263 80.723
0.608726 0.00264 86.4501
0.608726 0.00265 89.8152
0.608726 0.00266 90.9389
0.608726 0.00267 90.2679
0.608726 0.00268 88.4802
0.608726 0.00269 86.3476
0.608726 0.0027 84.5867
0.608726 0.00271 83.7324
0.608726 0.00272 84.0595
0.608726 0.00273 85.5694
0.608726 0.00274 88.0415
0.608726 0.00275 91.1323
0.608726 0.00276 94.4969
0.608726 0.00277 97.9012
0.608726 0.00278 101.296
0.608726 0.00279 104.836
0.616521 0.0023 122.583
0.616521 0.00231 120.033
0.616521 0.00232 118.722
0.616521 0.00233 118.445
0.616521 0.00234 118.741
0.616521 0.00235 118.962
0.616521 0.00236 118.377
0.616521 0.00237 116.311
0.616521 0.00238 112.274
0.616521 0.00239 106.056
0.616521 0.0024 97.7692
0.616521 0.00241 87.8342
0.616521 0.00242 76.9011
0.616521 0.00243 65.7346
0.616521 0.00244 55.0824
0.616521 0.00245 45.5553
0.616521 0.00246 37.5447
0.616521 0.00247 31.1927
0.616521 0.00248 26.4179
0.616521 0.00249 22.9892
0.616521 0.0025 20.6274
0.616521 0.00251 19.1082
0.616521 0.00252 18.342
0.616521 0.00253 18.4085
0.616521 0.00254 19.5389
0.616521 0.00255 22.0465
0.616521 0.00256 26.2249
0.616521 0.00257 32.2359
0.616521 0.00258 40.0175
0.616521 0.00259 49.2364
0.616521 0.0026 59.2993
0.616521 0.00261 69.426
0.616521 0.00262 78.7703
0.616521 0.00263 86.5647
0.616521 0.00264 92.2574
0.616521 0.00265 95.6111
0.616521 0.00266 96.7419
0.616521 0.00267 96.088
0.616521 0.00268 94.3165
0.616521 0.00269 92.1882
0.616521 0.0027 90.4111
0.616521 0.00271 89.5152
0.616521 0.00272 89.7753
0.616521 0.00273 91.1978
0.616521 0.00274 93.5702
0.616521 0.00275 96.5584
0.616521 0.00276 99.8267
0.616521 0.00277 103.147
0.616521 0.00278 106.472
0.616521 0.00279 109.953
0.625253 0.0023 132
0.625253 0.00231 129.515
0.625253 0.00232 128.249
0.625253 0.00233 127.993
0.625253 0.00234 128.288
0.625253 0.00235 128.493
0.625253 0.00236 127.886
0.625253 0.00237 125.801
0.625253 0.00238 121.752
0.625253 0.00239 115.532
0.625253 0.0024 107.252
0.625253 0.00241 97.3261
0.625253 0.00242 86.3964
0.625253 0.00243 75.2185
0.625253 0.00244 64.5325
0.625253 0.00245 54.945
0.625253 0.00246 46.8478
0.625253 0.00247 40.3873
0.625253 0.00248 35.4903
0.625253 0.00249 31.9359
0.625253 0.0025 29.4544
0.625253 0.00251 27.8294
0.625253 0.00252 26.9748
0.625253 0.00253 26.9701
0.625253 0.00254 28.0416
0.625253 0.00255 30.4959
0.625253 0.00256 34.6184
0.625253 0.00257 40.5646
0.625253 0.00258 48.2694
0.625253 0.00259 57.4003
0.625253 0.0026 67.3692
0.625253 0.00261 77.4039
0.625253 0.00262 86.6675
0.625253 0.00263 94.4005
0.625253 0.00264 100.056
0.625253 0.00265 103.397
0.625253 0.00266 104.535
0.625253 0.00267 103.899
0.625253 0.00268 102.145
0.625253 0.00269 100.021
0.625253 0.0027 98.2269
0.625253 0.00271 97.2873
0.625253 0.00272 97.4769
0.625253 0.00273 98.8072
0.625253 0.00274 101.074
0.625253 0.00275 103.954
0.625253 0.00276 107.12
0.625253 0.00277 110.351
0.625253 0.00278 113.602
0.625253 0.00279 117.021
0.632982 0.0023 143.804
0.632982 0.00231 141.389
0.632982 0.00232 140.168
0.632982 0.00233 139.933
0.632982 0.00234 140.227
0.632982 0.00235 140.415
0.632982 0.00236 139.785
0.632982 0.00237 137.678
0.632982 0.00238 133.616
0.632982 0.00239 127.395
0.632982 0.0024 119.122
0.632982 0.00241 109.207
0.632982 0.00242 98.2816
0.632982 0.00243 87.0928
0.632982 0.00244 76.3726
0.632982 0.00245 66.7231
0.632982 0.00246 58.536
0.632982 0.00247 51.9626
0.632982 0.00248 46.9382
0.632982 0.00249 43.2522
0.632982 0.0025 40.6455
0.632982 0.00251 38.9094
0.632982 0.00252 37.9619
0.632982 0.00253 37.8819
0.632982 0.00254 38.8911
0.632982 0.00255 41.2886
0.632982 0.00256 45.3516
0.632982 0.00257 51.2289
0.632982 0.00258 58.852
0.632982 0.00259 67.8894
0.632982 0.0026 77.7584
0.632982 0.00261 87.6953
0.632982 0.00262 96.8729
0.632982 0.00263 104.541
0.632982 0.00264 110.156
0.632982 0.00265 113.483
0.632982 0.00266 114.628
0.632982 0.00267 114.011
0.632982 0.00268 112.274
0.632982 0.00269 110.156
0.632982 0.0027 108.344
0.632982 0.00271 107.359
0.632982 0.00272 107.475
0.632982 0.00273 108.708
0.632982 0.00274 110.864
0.632982 0.00275 113.63
0.632982 0.00276 116.688
0.632982 0.00277 119.825
0.632982 0.00278 122.996
0.632982 0.00279 126.35
0.640676 0.0023 158.322
0.640676 0.00231 155.978
0.640676 0.00232 154.805
0.640676 0.00233 154.591
0.640676 0.00234 154.883
0.640676 0.00235 155.053
0.640676 0.00236 154.397
0.640676 0.00237 152.268
0.640676 0.00238 148.193
0.640676 0.00239 141.97
0.640676 0.0024 133.706
0.640676 0.00241 123.802
0.640676 0.00242 112.883
0.640676 0.00243 101.684
0.640676 0.00244 90.9294
0.640676 0.00245 81.2164
0.640676 0.00246 72.9367
0.640676 0.00247 66.2465
0.640676 0.00248 61.0898
0.640676 0.00249 57.267
0.640676 0.0025 54.5297
0.640676 0.00251 52.6775
0.640676 0.00252 51.6328
0.640676 0.00253 51.4738
0.640676 0.00254 52.4174
0.640676 0.00255 54.7548
0.640676 0.00256 58.7547
0.640676 0.00257 64.5589
0.640676 0.00258 72.0954
0.640676 0.00259 81.0338
0.640676 0.0026 90.7969
0.640676 0.00261 100.63
0.640676 0.00262 109.717
0.640676 0.00263 117.315
0.640676 0.00264 122.888
0.640676 0.00265 126.2
0.640676 0.00266 127.351
0.640676 0.00267 126.753
0.640676 0.00268 125.035
0.640676 0.00269 122.922
0.640676 0.0027 121.092
0.640676 0.00271 120.059
0.640676 0.00272 120.098
0.640676 0.00273 121.23
0.640676 0.00274 123.271
0.640676 0.00275 125.917
0.640676 0.00276 128.862
0.640676 0.00277 131.899
0.640676 0.00278 134.988
0.640676 0.00279 138.272
0.64929 0.0023 175.898
0.64929 0.00231 173.628
0.64929 0.00232 172.503
0.64929 0.00233 172.31
0.64929 0.00234 172.6
0.64929 0.00235 172.75
0.64929 0.00236 172.068
0.64929 0.00237 169.914
0.64929 0.00238 165.826
0.64929 0.00239 159.601
0.64929 0.0024 151.347
0.64929 0.00241 141.457
0.64929 0.00242 130.545
0.64929 0.00243 119.337
0.64929 0.00244 108.549
0.64929 0.00245 98.7714
0.64929 0.00246 90.3969
0.64929 0.00247 83.5864
0.64929 0.00248 78.2931
0.64929 0.00249 74.3288
0.64929 0.0025 71.456
0.64929 0.00251 69.4833
0.64929 0.00252 68.3372
0.64929 0.00253 68.0956
0.64929 0.00254 68.9703
0.64929 0.00255 71.2443
0.64929 0.00256 75.1775
0.64929 0.00257 80.9044
0.64929 0.00258 88.3494
0.64929 0.00259 97.1832
0.64929 0.0026 106.835
0.64929 0.00261 116.559
0.64929 0.00262 125.549
0.64929 0.00263 133.073
0.64929 0.00264 138.601
0.64929 0.00265 141.896
0.64929 0.00266 143.054
0.64929 0.00267 142.475
0.64929 0.00268 140.777
0.64929 0.00269 138.67
0.64929 0.0027 136.821
0.64929 0.00271 135.739
0.64929 0.00272 135.698
0.64929 0.00273 136.725
0.64929 0.00274 138.644
0.64929 0.00275 141.165
0.64929 0.00276 143.992
0.64929 0.00277 146.925
0.64929 0.00278 149.926
0.64929 0.00279 153.137
0.656905 0.0023 196.897
0.656905 0.00231 194.702
0.656905 0.00232 193.628
0.656905 0.00233 193.456
0.656905 0.00234 193.741
0.656905 0.00235 193.87
0.656905 0.00236 193.16
0.656905 0.00237 190.982
0.656905 0.00238 186.879
0.656905 0.00239 180.654
0.656905 0.0024 172.41
0.656905 0.00241 162.535
0.656905 0.00242 151.633
0.656905 0.00243 140.418
0.656905 0.00244 129.596
0.656905 0.00245 119.754
0.656905 0.00246 111.283
0.656905 0.00247 104.35
0.656905 0.00248 98.9159
0.656905 0.00249 94.8056
0.656905 0.0025 91.7931
0.656905 0.00251 89.6955
0.656905 0.00252 88.4443
0.656905 0.00253 88.1167
0.656905 0.00254 88.9193
0.656905 0.00255 91.1268
0.656905 0.00256 94.9898
0.656905 0.00257 100.635
0.656905 0.00258 107.984
0.656905 0.00259 116.707
0.656905 0.0026 126.241
0.656905 0.00261 135.85
0.656905 0.00262 144.739
0.656905 0.00263 152.185
0.656905 0.00264 157.664
0.656905 0.00265 160.941
0.656905 0.00266 162.106
0.656905 0.00267 161.547
0.656905 0.00268 159.869
0.656905 0.00269 157.768
0.656905 0.0027 155.9
0.656905 0.00271 154.767
0.656905 0.00272 154.643
0.656905 0.00273 155.56
0.656905 0.00274 157.354
0.656905 0.00275 159.745
0.656905 0.00276 162.449
0.656905 0.00277 165.273
0.656905 0.00278 168.182
0.656905 0.00279 171.316
0.665425 0.0023 221.703
0.665425 0.00231 219.586
0.665425 0.00232 218.562
0.665425 0.00233 218.41
0.665425 0.00234 218.691
0.665425 0.00235 218.797
0.665425 0.00236 218.057
0.665425 0.00237 215.853
0.665425 0.00238 211.736
0.665425 0.00239 205.511
0.665425 0.0024 197.279
0.665425 0.00241 187.422
0.665425 0.00242 176.531
0.665425 0.00243 165.311
0.665425 0.00244 154.457
0.665425 0.00245 144.55
0.665425 0.00246 135.982
0.665425 0.00247 128.923
0.665425 0.00248 123.345
0.665425 0.00249 119.086
0.665425 0.0025 115.929
0.665425 0.00251 113.703
0.665425 0.00252 112.343
0.665425 0.00253 111.927
0.665425 0.00254 112.654
0.665425 0.00255 114.792
0.665425 0.00256 118.581
0.665425 0.00257 124.141
0.665425 0.00258 131.388
0.665425 0.00259 139.996
0.665425 0.0026 149.406
0.665425 0.00261 158.894
0.665425 0.00262 167.676
0.665425 0.00263 175.04
0.665425 0.00264 180.468
0.665425 0.00265 183.725
0.665425 0.00266 184.895
0.665425 0.00267 184.357
0.665425 0.00268 182.699
0.665425 0.00269 180.605
0.665425 0.0027 178.718
0.665425 0.00271 177.533
0.665425 0.00272 177.323
0.665425 0.00273 178.128
0.665425 0.00274 179.791
0.665425 0.00275 182.047
0.665425 0.00276 184.623
0.665425 0.00277 187.334
0.665425 0.00278 190.147
0.665425 0.00279 193.2
0.672953 0.0023 250.72
0.672953 0.00231 248.681
0.672953 0.00232 247.708
0.672953 0.00233 247.577
0.672953 0.00234 247.851
0.672953 0.00235 247.933
0.672953 0.00236 247.162
0.672953 0.00237 244.931
0.672953 0.00238 240.799
0.672953 0.00239 234.575
0.672953 0.0024 226.358
0.672953 0.00241 216.52
0.672953 0.00242 205.644
0.672953 0.00243 194.42
0.672953 0.00244 183.536
0.672953 0.00245 173.565
0.672953 0.00246 164.898
0.672953 0.00247 157.712
0.672953 0.00248 151.989
0.672953 0.00249 147.576
0.672953 0.0025 144.273
0.672953 0.00251 141.915
0.672953 0.00252 140.443
0.672953 0.00253 139.934
0.672953 0.00254 140.584
0.672953 0.00255 142.649
0.672953 0.00256 146.361
0.672953 0.00257 151.83
0.672953 0.00258 158.971
0.672953 0.00259 167.458
0.672953 0.0026 176.739
0.672953 0.00261 186.1
0.672953 0.00262 194.77
0.672953 0.00263 202.047
0.672953 0.00264 207.421
0.672953 0.00265 210.656
0.672953 0.00266 211.832
0.672953 0.00267 211.314
0.672953 0.00268 209.679
0.672953 0.00269 207.591
0.672953 0.0027 205.684
0.672953 0.00271 204.446
0.672953 0.00272 204.148
0.672953 0.00273 204.836
0.672953 0.00274 206.365
0.672953 0.00275 208.482
0.672953 0.00276 210.925
0.672953 0.00277 213.518
0.672953 0.00278 216.232
0.672953 0.00279 219.2
0.681369 0.0023 284.37
0.681369 0.00231 282.411
0.681369 0.00232 281.488
0.681369 0.00233 281.377
0.681369 0.00234 281.644
0.681369 0.00235 281.701
0.681369 0.00236 280.897
0.681369 0.00237 278.639
0.681369 0.00238 274.492
0.681369 0.00239 268.27
0.681369 0.0024 260.069
0.681369 0.00241 250.253
0.681369 0.00242 239.394
0.681369 0.00243 228.17
0.681369 0.00244 217.257
0.681369 0.00245 207.224
0.681369 0.00246 198.459
0.681369 0.00247 191.145
0.681369 0.00248 185.273
0.681369 0.00249 180.705
0.681369 0.0025 177.252
0.681369 0.00251 174.759
0.681369 0.00252 173.173
0.681369 0.00253 172.569
0.681369 0.00254 173.138
0.681369 0.00255 175.127
0.681369 0.00256 178.758
0.681369 0.00257 184.134
0.681369 0.00258 191.164
0.681369 0.00259 199.524
0.681369 0.0026 208.67
0.681369 0.00261 217.898
0.681369 0.00262 226.45
0.681369 0.00263 233.637
0.681369 0.00264 238.952
0.681369 0.00265 242.164
0.681369 0.00266 243.345
0.681369 0.00267 242.848
0.681369 0.00268 241.235
0.681369 0.00269 239.155
0.681369 0.0027 237.228
0.681369 0.00271 235.934
0.681369 0.00272 235.547
0.681369 0.00273 236.115
0.681369 0.00274 237.506
0.681369 0.00275 239.479
0.681369 0.00276 241.786
0.681369 0.00277 244.257
0.681369 0.00278 246.867
0.681369 0.00279 249.747
0.6888 0.0023 323.096
0.6888 0.00231 321.218
0.6888 0.00232 320.346
0.6888 0.00233 320.254
0.6888 0.00234 320.512
0.6888 0.00235 320.541
0.6888 0.00236 319.704
0.6888 0.00237 317.417
0.6888 0.00238 313.256
0.6888 0.00239 307.037
0.6888 0.0024 298.854
0.6888 0.00241 289.064
0.6888 0.00242 278.225
0.6888 0.00243 267.004
0.6888 0.00244 256.065
0.6888 0.00245 245.971
0.6888 0.00246 237.108
0.6888 0.00247 229.666
0.6888 0.00248 223.645
0.6888 0.00249 218.92
0.6888 0.0025 215.314
0.6888 0.00251 212.684
0.6888 0.00252 210.981
0.6888 0.00253 210.28
0.6888 0.00254 210.765
0.6888 0.00255 212.676
0.6888 0.00256 216.222
0.6888 0.00257 221.5
0.6888 0.00258 228.414
0.6888 0.00259 236.641
0.6888 0.0026 245.646
0.6888 0.00261 254.736
0.6888 0.00262 263.166
0.6888 0.00263 270.257
0.6888 0.00264 275.512
0.6888 0.00265 278.699
0.6888 0.00266 279.883
0.6888 0.00267 279.408
0.6888 0.00268 277.817
0.6888 0.00269 275.745
0.6888 0.0027 273.798
0.6888 0.00271 272.449
0.6888 0.00272 271.969
0.6888 0.00273 272.415
0.6888 0.00274 273.664
0.6888 0.00275 275.49
0.6888 0.00276 277.655
0.6888 0.00277 280
0.6888 0.00278 282.503
0.6888 0.00279 285.291
0.697103 0.0023 367.361
0.697103 0.00231 365.563
0.697103 0.00232 364.742
0.697103 0.00233 364.668
0.697103 0.00234 364.916
0.697103 0.00235 364.917
0.697103 0.00236 364.045
0.697103 0.00237 361.728
0.697103 0.00238 357.553
0.697103 0.00239 351.339
0.697103 0.0024 343.176
0.697103 0.00241 333.414
0.697103 0.00242 322.6
0.697103 0.00243 311.386
0.697103 0.00244 300.424
0.697103 0.00245 290.27
0.697103 0.00246 281.312
0.697103 0.00247 273.742
0.697103 0.00248 267.571
0.697103 0.00249 262.687
0.697103 0.0025 258.928
0.697103 0.00251 256.159
0.697103 0.00252 254.336
0.697103 0.00253 253.536
0.697103 0.00254 253.936
0.697103 0.00255 255.764
0.697103 0.00256 259.223
0.697103 0.00257 264.398
0.697103 0.00258 271.191
0.697103 0.00259 279.281
0.697103 0.0026 288.139
0.697103 0.00261 297.084
0.697103 0.00262 305.386
0.697103 0.00263 312.377
0.697103 0.00264 317.568
0.697103 0.00265 320.728
0.697103 0.00266 321.915
0.697103 0.00267 321.461
0.697103 0.00268 319.893
0.697103 0.00269 317.83
0.697103 0.0027 315.863
0.697103 0.00271 314.457
0.697103 0.00272 313.884
0.697103 0.00273 314.205
0.697103 0.00274 315.309
0.697103 0.00275 316.983
0.697103 0.00276 319.004
0.697103 0.00277 321.22
0.697103 0.00278 323.611
0.697103 0.00279 326.304
