,nu_cas,nu_track,nubar_cas,nubar_track
0,0.8540879375175076,0.14591206248249414,0.9326407966546244,0.06735920334537517
1,0.9189935790142972,0.08100642098570357,0.8524172265478775,0.14758277345212362
2,0.8786142479341869,0.121385752065814,0.757731260912596,0.2422687390874039
3,0.9073321040548296,0.09266789594516893,0.9481864318272099,0.05181356817278843
4,0.8879444549139007,0.1120555450860981,0.9023954979919595,0.0976045020080406
5,0.9013527531341905,0.09864724686581268,0.8848125465367858,0.11518745346321405
6,0.899328468162348,0.10067153183765264,0.9002784639513589,0.09972153604863743
7,0.8760596188033274,0.12394038119667088,0.9085253697565755,0.09147463024342598
8,0.8922886991809189,0.10771130081909767,0.9180862754736925,0.08191372452630762
9,0.8677034701323494,0.1322965298676492,0.8713698782315893,0.12863012176841204
10,0.8721618596436895,0.12783814035630725,0.9041100342159355,0.09588996578405988
11,0.8842466762101812,0.11575332378981845,0.8866774446404807,0.11332255535952451
12,0.8925577471546755,0.10744225284532352,0.8699309592877466,0.13006904071225686
13,0.8852658729310748,0.11473412706891693,0.9086263105542939,0.0913736894457052
14,0.8699881591539868,0.13001184084605985,0.87776879514254,0.12223120485745867
15,0.8504359504684199,0.14956404953155608,0.8317295009481728,0.1682704990518288
16,0.8238746801753132,0.17612531982468607,0.8235641869279029,0.1764358130721005
17,0.8250111695072847,0.17498883049272312,0.8533505002864095,0.14664949971358987
18,0.8131199821573384,0.18688001784263186,0.827044107197334,0.1729558928026773
19,0.8034024837040095,0.1965975162959889,0.7888474846403032,0.21115251535970114
20,0.7871854346616678,0.21281456533831786,0.7837779676342654,0.2162220323657364
21,0.7837556082013716,0.2162443917986371,0.7530875551763356,0.24691244482366215
22,0.7714522372046365,0.22854776279536557,0.7491834730352823,0.2508165269647194
23,0.7397714574372808,0.2602285425627233,0.7984196088915739,0.20158039110841544
24,0.736680924724566,0.26331907527541565,0.7986432649215626,0.20135673507843832
25,0.7565893923934058,0.24341060760660987,0.7604041671626991,0.23959583283731198
26,0.7029200247282339,0.29707997527178714,0.7107745688817975,0.2892254311181962
27,0.7592789436509393,0.24072105634903587,0.7111631296817872,0.2888368703181966
28,0.6785520847887093,0.3214479152112771,0.7087483435553645,0.29125165644464823
29,0.7153198026139871,0.2846801973860053,0.6696782130739897,0.3303217869259966
