Energy sigmaCC sigmaNC
0.01 0 2.54505e-05
0.135115 0.00256202 0.0117182
0.26023 0.0496117 0.0325101
0.385345 0.0892639 0.0511334
0.51046 0.133048 0.0714036
0.635576 0.184105 0.0921501
0.760691 0.236219 0.112613
0.885806 0.289836 0.133153
1.01092 0.34479 0.153968
1.13604 0.401011 0.17516
1.26115 0.458933 0.196413
1.38627 0.514998 0.217307
1.51138 0.570712 0.237705
1.6365 0.62437 0.257526
1.76161 0.676003 0.276706
1.88673 0.726534 0.295431
2.01184 0.774296 0.313752
2.13696 0.823033 0.331578
2.26207 0.870601 0.349071
2.38719 0.917268 0.366237
2.5123 0.963186 0.383135
2.63742 1.00847 0.399826
2.76253 1.05318 0.416307
2.88765 1.09735 0.432604
3.01276 1.141 0.448738
3.13788 1.1842 0.46473
3.26299 1.22703 0.480606
3.38811 1.26953 0.496378
3.51322 1.31174 0.512046
3.63834 1.35373 0.527634
3.76345 1.39549 0.54309
3.88857 1.43696 0.558477
4.01368 1.47814 0.573804
4.1388 1.51913 0.589076
4.26391 1.55997 0.604296
4.38903 1.60065 0.619476
4.51414 1.64117 0.634624
4.63926 1.68162 0.649746
4.76437 1.72199 0.664831
4.88949 1.76231 0.679867
5.0146 1.80248 0.694844
5.13972 1.84239 0.709777
5.26483 1.88207 0.72468
5.38995 1.92174 0.739571
5.51507 1.96158 0.754421
5.64018 2.00161 0.769202
5.7653 2.04168 0.783983
5.89041 2.08159 0.798705
6.01553 2.12128 0.813474
6.14064 2.16083 0.82821
6.26576 2.20032 0.842936
6.39087 2.23982 0.857645
6.51599 2.27935 0.872346
6.6411 2.31888 0.887062
6.76622 2.3584 0.901723
6.89133 2.39788 0.916366
7.01645 2.43734 0.930994
7.14156 2.47679 0.945609
7.26668 2.51621 0.960217
7.39179 2.55563 0.974816
7.51691 2.59501 0.989406
7.64202 2.63435 1.00399
7.76714 2.67363 1.01856
7.89225 2.71286 1.03312
8.01737 2.75204 1.04767
8.14248 2.79122 1.06222
8.2676 2.83042 1.07677
8.39271 2.86963 1.09132
8.51783 2.9089 1.10587
8.64294 2.94824 1.12041
8.76806 2.98758 1.13495
8.89317 3.02691 1.14949
9.01829 3.0662 1.16403
9.1434 3.10545 1.17857
9.26852 3.14467 1.1931
9.39363 3.1839 1.20763
9.51875 3.22313 1.22215
9.64386 3.26238 1.23668
9.76898 3.30165 1.25119
9.89409 3.34094 1.2657
10.0192 3.38023 1.28021
10.1443 3.41951 1.29471
10.2694 3.45878 1.30921
10.3946 3.49803 1.3237
10.5197 3.53726 1.33819
10.6448 3.57648 1.35268
10.7699 3.6157 1.36717
10.895 3.65493 1.38162
11.0201 3.69416 1.39605
11.1452 3.7334 1.41051
11.2704 3.77267 1.425
11.3955 3.81196 1.43944
11.5206 3.85126 1.45387
11.6457 3.89057 1.46834
11.7708 3.9299 1.48282
11.8959 3.96923 1.49729
12.0211 4.00856 1.51176
12.1462 4.0479 1.52623
12.2713 4.08724 1.54069
12.3964 4.12659 1.55516
12.5215 4.16594 1.56962
12.6466 4.2053 1.5841
12.7717 4.24466 1.59858
12.8969 4.28403 1.61305
13.022 4.3234 1.62751
13.1471 4.36278 1.64196
13.2722 4.40217 1.65642
13.3973 4.44156 1.67088
13.5224 4.48097 1.68534
13.6475 4.52037 1.69979
13.7727 4.55979 1.71425
13.8978 4.59921 1.72871
14.0229 4.63864 1.74318
14.148 4.67809 1.75764
14.2731 4.71754 1.7721
14.3982 4.757 1.78657
14.5234 4.79647 1.80103
14.6485 4.83595 1.8155
14.7736 4.87544 1.82997
14.8987 4.91494 1.84443
15.0238 4.95445 1.8589
15.1489 4.99396 1.87336
15.274 5.03348 1.88782
15.3992 5.07301 1.90228
15.5243 5.11254 1.91674
15.6494 5.15206 1.93119
15.7745 5.19159 1.94565
15.8996 5.23112 1.96011
16.0247 5.27065 1.97457
16.1498 5.31017 1.98903
16.275 5.3497 2.00349
16.4001 5.38922 2.01796
16.5252 5.42874 2.03243
16.6503 5.46828 2.04691
16.7754 5.50784 2.06138
16.9005 5.54741 2.07586
17.0257 5.58699 2.09034
17.1508 5.62658 2.10482
17.2759 5.66619 2.1193
17.401 5.70581 2.13379
17.5261 5.74544 2.14827
17.6512 5.78509 2.16275
17.7763 5.82475 2.17723
17.9015 5.86442 2.19171
18.0266 5.90411 2.20618
18.1517 5.94381 2.22066
18.2768 5.98351 2.23514
18.4019 6.02322 2.24963
18.527 6.06294 2.26411
18.6522 6.10267 2.27859
18.7773 6.1424 2.29308
18.9024 6.18214 2.30757
19.0275 6.22188 2.32207
19.1526 6.26164 2.33656
19.2777 6.30139 2.35106
19.4028 6.34115 2.36557
19.528 6.38092 2.38007
19.6531 6.42069 2.39457
19.7782 6.46047 2.40908
19.9033 6.50025 2.42359
20.0284 6.54004 2.43809
20.1535 6.57984 2.45259
20.2786 6.61965 2.4671
20.4038 6.65946 2.48159
20.5289 6.69928 2.49609
20.654 6.73911 2.51058
20.7791 6.77895 2.52507
20.9042 6.81879 2.53956
21.0293 6.85864 2.55406
21.1545 6.8985 2.56855
21.2796 6.93837 2.58303
21.4047 6.97824 2.5975
21.5298 7.01812 2.61196
21.6549 7.05801 2.62642
21.78 7.0979 2.64089
21.9051 7.1378 2.65537
22.0303 7.1777 2.66987
22.1554 7.21761 2.68437
22.2805 7.25752 2.69887
22.4056 7.29743 2.71336
22.5307 7.33735 2.72785
22.6558 7.37727 2.74233
22.781 7.4172 2.75683
22.9061 7.45713 2.77133
23.0312 7.49706 2.78585
23.1563 7.53701 2.80037
23.2814 7.57695 2.81488
23.4065 7.61691 2.8294
23.5316 7.65687 2.84391
23.6568 7.69685 2.85842
23.7819 7.73683 2.87293
23.907 7.77682 2.88743
24.0321 7.81682 2.90194
24.1572 7.85684 2.91644
24.2823 7.89686 2.93094
24.4074 7.9369 2.94544
24.5326 7.97695 2.95993
24.6577 8.017 2.97443
24.7828 8.05707 2.98894
24.9079 8.09714 3.00344
25.033 8.13722 3.01796
25.1581 8.1773 3.03247
25.2833 8.21738 3.04698
25.4084 8.25747 3.06149
25.5335 8.29756 3.076
25.6586 8.33766 3.09052
25.7837 8.37776 3.10503
25.9088 8.41785 3.11955
26.0339 8.45795 3.13407
26.1591 8.49805 3.1486
26.2842 8.53815 3.16313
26.4093 8.57825 3.17767
26.5344 8.61835 3.1922
26.6595 8.65846 3.20674
26.7846 8.69858 3.22128
26.9097 8.7387 3.23582
27.0349 8.77882 3.25037
27.16 8.81895 3.26491
27.2851 8.85909 3.27946
27.4102 8.89923 3.294
27.5353 8.93938 3.30855
27.6604 8.97954 3.3231
27.7856 9.01971 3.33764
27.9107 9.05989 3.35218
28.0358 9.10008 3.36673
28.1609 9.14028 3.38127
28.286 9.18048 3.39581
28.4111 9.2207 3.41035
28.5362 9.26092 3.42489
28.6614 9.30115 3.43944
28.7865 9.34139 3.45398
28.9116 9.38164 3.46852
29.0367 9.4219 3.48306
29.1618 9.46215 3.4976
29.2869 9.50242 3.51214
29.4121 9.54269 3.52668
29.5372 9.58296 3.54122
29.6623 9.62324 3.55576
29.7874 9.66352 3.5703
29.9125 9.70381 3.58484
30.0376 9.7441 3.59939
30.1627 9.78439 3.61393
30.2879 9.82468 3.62848
30.413 9.86498 3.64302
30.5381 9.90528 3.65757
30.6632 9.94559 3.67212
30.7883 9.98589 3.68666
30.9134 10.0262 3.70121
31.0385 10.0665 3.71576
31.1637 10.1068 3.73031
31.2888 10.1471 3.74486
31.4139 10.1875 3.75942
31.539 10.2278 3.77398
31.6641 10.2681 3.78853
31.7892 10.3085 3.80309
31.9144 10.3488 3.81764
32.0395 10.3891 3.8322
32.1646 10.4295 3.84675
32.2897 10.4698 3.8613
32.4148 10.5102 3.87586
32.5399 10.5505 3.89043
32.665 10.5909 3.90501
32.7902 10.6312 3.91961
32.9153 10.6716 3.93422
33.0404 10.712 3.94884
33.1655 10.7524 3.96346
33.2906 10.7928 3.97808
33.4157 10.8332 3.9927
33.5409 10.8736 4.00731
33.666 10.914 4.02191
33.7911 10.9544 4.03649
33.9162 10.9948 4.05106
34.0413 11.0353 4.06561
34.1664 11.0757 4.08013
34.2915 11.1161 4.09463
34.4167 11.1566 4.10913
34.5418 11.197 4.12364
34.6669 11.2375 4.13817
34.792 11.2779 4.15273
34.9171 11.3184 4.16734
35.0422 11.3589 4.18198
35.1673 11.3993 4.19664
35.2925 11.4398 4.21129
35.4176 11.4803 4.22593
35.5427 11.5208 4.24054
35.6678 11.5613 4.25511
35.7929 11.6017 4.26964
35.918 11.6422 4.28415
36.0432 11.6827 4.29865
36.1683 11.7232 4.31316
36.2934 11.7638 4.32768
36.4185 11.8044 4.34222
36.5436 11.8449 4.35679
36.6687 11.8854 4.37137
36.7938 11.9258 4.38596
36.919 11.9661 4.40056
37.0441 12.0065 4.41516
37.1692 12.0469 4.42976
37.2943 12.0876 4.44435
37.4194 12.1285 4.45894
37.5445 12.1698 4.47352
37.6696 12.2113 4.4881
37.7948 12.2528 4.50269
37.9199 12.2941 4.51727
38.045 12.335 4.53186
38.1701 12.3753 4.54645
38.2952 12.4152 4.56104
38.4203 12.4548 4.57563
38.5455 12.4944 4.59022
38.6706 12.5341 4.60481
38.7957 12.5741 4.61941
38.9208 12.6145 4.634
39.0459 12.6551 4.64859
39.171 12.6959 4.66319
39.2961 12.7367 4.67778
39.4213 12.7774 4.69238
39.5464 12.8181 4.70697
39.6715 12.8587 4.72157
39.7966 12.8993 4.73616
39.9217 12.9398 4.75076
40.0468 12.9804 4.76536
40.172 13.021 4.77996
40.2971 13.0617 4.79455
40.4222 13.1023 4.80915
40.5473 13.143 4.82375
40.6724 13.1837 4.83835
40.7975 13.2243 4.85295
40.9226 13.265 4.86755
41.0478 13.3057 4.88215
41.1729 13.3464 4.89675
41.298 13.387 4.91135
41.4231 13.4277 4.92596
41.5482 13.4684 4.94056
41.6733 13.5091 4.95517
41.7984 13.5498 4.96977
41.9236 13.5905 4.98437
42.0487 13.6312 4.99897
42.1738 13.6719 5.01357
42.2989 13.7126 5.02816
42.424 13.7533 5.04275
42.5491 13.794 5.05734
42.6743 13.8347 5.07193
42.7994 13.8754 5.08652
42.9245 13.9161 5.10111
43.0496 13.9568 5.11571
43.1747 13.9975 5.13031
43.2998 14.0382 5.14492
43.4249 14.0789 5.15952
43.5501 14.1196 5.17413
43.6752 14.1603 5.18874
43.8003 14.201 5.20335
43.9254 14.2417 5.21796
44.0505 14.2824 5.23256
44.1756 14.3232 5.24716
44.3008 14.3639 5.26176
44.4259 14.4046 5.27636
44.551 14.4453 5.29095
44.6761 14.486 5.30555
44.8012 14.5268 5.32015
44.9263 14.5675 5.33476
45.0514 14.6082 5.34937
45.1766 14.649 5.36398
45.3017 14.6897 5.37859
45.4268 14.7304 5.39321
45.5519 14.7712 5.40782
45.677 14.8119 5.42244
45.8021 14.8527 5.43706
45.9272 14.8934 5.45168
46.0524 14.9342 5.4663
46.1775 14.975 5.48092
46.3026 15.0158 5.49554
46.4277 15.0565 5.51015
46.5528 15.0973 5.52477
46.6779 15.1381 5.53939
46.8031 15.1789 5.55402
46.9282 15.2197 5.56864
47.0533 15.2605 5.58326
47.1784 15.3013 5.59788
47.3035 15.3421 5.61251
47.4286 15.3829 5.62713
47.5537 15.4237 5.64176
47.6789 15.4645 5.65639
47.804 15.5054 5.67101
47.9291 15.5462 5.68564
48.0542 15.587 5.70027
48.1793 15.6279 5.71489
48.3044 15.6687 5.72952
48.4295 15.7095 5.74415
48.5547 15.7504 5.75877
48.6798 15.7912 5.7734
48.8049 15.8321 5.78803
48.93 15.8729 5.80267
49.0551 15.9138 5.8173
49.1802 15.9546 5.83193
49.3054 15.9955 5.84656
49.4305 16.0364 5.8612
49.5556 16.0772 5.87583
49.6807 16.1181 5.89046
49.8058 16.159 5.90509
49.9309 16.1998 5.91972
50.056 16.2407 5.93435
50.1812 16.2816 5.94898
50.3063 16.3225 5.9636
50.4314 16.3634 5.97823
50.5565 16.4043 5.99285
50.6816 16.4452 6.00748
50.8067 16.486 6.0221
50.9319 16.5269 6.03672
51.057 16.5678 6.05134
51.1821 16.6087 6.06596
51.3072 16.6496 6.08058
51.4323 16.6906 6.09521
51.5574 16.7315 6.10983
51.6825 16.7724 6.12445
51.8077 16.8133 6.13907
51.9328 16.8542 6.15369
52.0579 16.8951 6.16831
52.183 16.936 6.18293
52.3081 16.977 6.19755
52.4332 17.0179 6.21218
52.5583 17.0588 6.2268
52.6835 17.0997 6.24142
52.8086 17.1407 6.25604
52.9337 17.1816 6.27066
53.0588 17.2225 6.28528
53.1839 17.2635 6.2999
53.309 17.3044 6.31453
53.4342 17.3453 6.32915
53.5593 17.3863 6.34378
53.6844 17.4272 6.3584
53.8095 17.4682 6.37303
53.9346 17.5091 6.38765
54.0597 17.5501 6.40228
54.1848 17.591 6.41691
54.31 17.632 6.43153
54.4351 17.6729 6.44616
54.5602 17.7139 6.46079
54.6853 17.7548 6.47543
54.8104 17.7958 6.49006
54.9355 17.8367 6.50469
55.0607 17.8777 6.51932
55.1858 17.9187 6.53396
55.3109 17.9596 6.54859
55.436 18.0006 6.56323
55.5611 18.0416 6.57786
55.6862 18.0826 6.5925
55.8113 18.1235 6.60714
55.9365 18.1645 6.62178
56.0616 18.2055 6.63642
56.1867 18.2465 6.65106
56.3118 18.2875 6.6657
56.4369 18.3285 6.68034
56.562 18.3695 6.69498
56.6871 18.4104 6.70963
56.8123 18.4514 6.72427
56.9374 18.4924 6.73891
57.0625 18.5334 6.75356
57.1876 18.5745 6.76821
57.3127 18.6155 6.78285
57.4378 18.6565 6.7975
57.563 18.6975 6.81215
57.6881 18.7385 6.8268
57.8132 18.7795 6.84145
57.9383 18.8205 6.8561
58.0634 18.8616 6.87075
58.1885 18.9026 6.8854
58.3136 18.9436 6.90005
58.4388 18.9846 6.9147
58.5639 19.0257 6.92936
58.689 19.0667 6.94401
58.8141 19.1078 6.95866
58.9392 19.1488 6.97332
59.0643 19.1898 6.98797
59.1894 19.2309 7.00263
59.3146 19.2719 7.01729
59.4397 19.313 7.03194
59.5648 19.3541 7.0466
59.6899 19.3951 7.06126
59.815 19.4362 7.07592
59.9401 19.4772 7.09057
60.0653 19.5183 7.10523
60.1904 19.5594 7.11989
60.3155 19.6004 7.13455
60.4406 19.6415 7.14921
60.5657 19.6826 7.16387
60.6908 19.7236 7.17853
60.8159 19.7647 7.19319
60.9411 19.8058 7.20786
61.0662 19.8469 7.22252
61.1913 19.8879 7.23718
61.3164 19.929 7.25184
61.4415 19.9701 7.2665
61.5666 20.0112 7.28117
61.6918 20.0523 7.29583
61.8169 20.0934 7.31049
61.942 20.1344 7.32516
62.0671 20.1755 7.33982
62.1922 20.2166 7.35448
62.3173 20.2577 7.36915
62.4424 20.2988 7.38381
62.5676 20.3399 7.39847
62.6927 20.381 7.41314
62.8178 20.4221 7.4278
62.9429 20.4632 7.44247
63.068 20.5043 7.45713
63.1931 20.5454 7.4718
63.3182 20.5865 7.48646
63.4434 20.6277 7.50113
63.5685 20.6688 7.5158
63.6936 20.7099 7.53046
63.8187 20.751 7.54513
63.9438 20.7921 7.55979
64.0689 20.8332 7.57446
64.1941 20.8743 7.58912
64.3192 20.9155 7.60378
64.4443 20.9566 7.61845
64.5694 20.9977 7.63311
64.6945 21.0388 7.64777
64.8196 21.08 7.66243
64.9447 21.1211 7.67709
65.0699 21.1622 7.69175
65.195 21.2034 7.70641
65.3201 21.2445 7.72108
65.4452 21.2857 7.73575
65.5703 21.3268 7.75042
65.6954 21.368 7.7651
65.8206 21.4091 7.77978
65.9457 21.4503 7.79446
66.0708 21.4914 7.80915
66.1959 21.5326 7.82384
66.321 21.5738 7.83853
66.4461 21.6149 7.85323
66.5712 21.6561 7.86793
66.6964 21.6973 7.88263
66.8215 21.7384 7.89732
66.9466 21.7796 7.91202
67.0717 21.8208 7.92671
67.1968 21.8619 7.9414
67.3219 21.9031 7.95609
67.447 21.9443 7.97078
67.5722 21.9855 7.98546
67.6973 22.0266 8.00014
67.8224 22.0678 8.01482
67.9475 22.109 8.02949
68.0726 22.1502 8.04416
68.1977 22.1914 8.05884
68.3229 22.2326 8.0735
68.448 22.2737 8.08817
68.5731 22.3149 8.10284
68.6982 22.3561 8.1175
68.8233 22.3973 8.13217
68.9484 22.4385 8.14683
69.0735 22.4797 8.16149
69.1987 22.5209 8.17615
69.3238 22.5621 8.19082
69.4489 22.6033 8.20548
69.574 22.6445 8.22015
69.6991 22.6856 8.23481
69.8242 22.7268 8.24948
69.9493 22.768 8.26416
70.0745 22.8092 8.27883
70.1996 22.8504 8.29351
70.3247 22.8916 8.30819
70.4498 22.9329 8.32287
70.5749 22.9741 8.33756
70.7 23.0153 8.35224
70.8252 23.0565 8.36693
70.9503 23.0977 8.38161
71.0754 23.1389 8.39629
71.2005 23.1801 8.41097
71.3256 23.2213 8.42564
71.4507 23.2625 8.44031
71.5758 23.3037 8.45497
71.701 23.3449 8.46963
71.8261 23.3861 8.48428
71.9512 23.4274 8.49892
72.0763 23.4686 8.51356
72.2014 23.5098 8.5282
72.3265 23.551 8.54284
72.4517 23.5923 8.55747
72.5768 23.6335 8.57211
72.7019 23.6748 8.58674
72.827 23.716 8.60138
72.9521 23.7573 8.61602
73.0772 23.7986 8.63067
73.2023 23.8398 8.64532
73.3275 23.8811 8.65998
73.4526 23.9223 8.67464
73.5777 23.9635 8.68931
73.7028 24.0047 8.70398
73.8279 24.0459 8.71866
73.953 24.0871 8.73333
74.0781 24.1282 8.74801
74.2033 24.1693 8.7627
74.3284 24.2105 8.77738
74.4535 24.2517 8.79206
74.5786 24.2929 8.80675
74.7037 24.3342 8.82143
74.8288 24.3756 8.83611
74.954 24.4171 8.85079
75.0791 24.4587 8.86547
75.2042 24.5003 8.88015
75.3293 24.5421 8.89483
75.4544 24.5839 8.9095
75.5795 24.6257 8.92418
75.7046 24.6675 8.93886
75.8298 24.7093 8.95353
75.9549 24.751 8.96821
76.08 24.7927 8.98289
76.2051 24.8341 8.99756
76.3302 24.8755 9.01224
76.4553 24.9167 9.02692
76.5805 24.9578 9.0416
76.7056 24.9987 9.05628
76.8307 25.0395 9.07096
76.9558 25.0803 9.08564
77.0809 25.1211 9.10032
77.206 25.1618 9.115
77.3311 25.2026 9.12969
77.4563 25.2435 9.14437
77.5814 25.2844 9.15905
77.7065 25.3254 9.17374
77.8316 25.3665 9.18842
77.9567 25.4077 9.20311
78.0818 25.449 9.21779
78.2069 25.4903 9.23248
78.3321 25.5317 9.24716
78.4572 25.5731 9.26185
78.5823 25.6145 9.27654
78.7074 25.656 9.29122
78.8325 25.6974 9.30591
78.9576 25.7388 9.3206
79.0828 25.7802 9.33529
79.2079 25.8216 9.34998
79.333 25.8629 9.36467
79.4581 25.9042 9.37936
79.5832 25.9456 9.39405
79.7083 25.9869 9.40874
79.8334 26.0282 9.42343
79.9586 26.0695 9.43813
80.0837 26.1108 9.45282
80.2088 26.1521 9.46751
80.3339 26.1934 9.48221
80.459 26.2347 9.4969
80.5841 26.2761 9.5116
80.7092 26.3174 9.52629
80.8344 26.3587 9.54099
80.9595 26.4001 9.55568
81.0846 26.4414 9.57038
81.2097 26.4828 9.58508
81.3348 26.5241 9.59977
81.4599 26.5655 9.61447
81.5851 26.6069 9.62917
81.7102 26.6482 9.64387
81.8353 26.6896 9.65856
81.9604 26.7309 9.67326
82.0855 26.7723 9.68796
82.2106 26.8136 9.70266
82.3357 26.855 9.71736
82.4609 26.8963 9.73205
82.586 26.9377 9.74675
82.7111 26.979 9.76145
82.8362 27.0204 9.77615
82.9613 27.0617 9.79085
83.0864 27.1031 9.80555
83.2116 27.1444 9.82025
83.3367 27.1858 9.83495
83.4618 27.2271 9.84965
83.5869 27.2685 9.86435
83.712 27.3099 9.87905
83.8371 27.3512 9.89375
83.9622 27.3926 9.90845
84.0874 27.4339 9.92314
84.2125 27.4753 9.93784
84.3376 27.5167 9.95254
84.4627 27.558 9.96723
84.5878 27.5994 9.98192
84.7129 27.6407 9.99662
84.838 27.6821 10.0113
84.9632 27.7235 10.026
85.0883 27.7648 10.0407
85.2134 27.8062 10.0554
85.3385 27.8476 10.0701
85.4636 27.8889 10.0847
85.5887 27.9303 10.0994
85.7139 27.9717 10.1141
85.839 28.013 10.1288
85.9641 28.0544 10.1435
86.0892 28.0958 10.1582
86.2143 28.1371 10.1728
86.3394 28.1785 10.1875
86.4645 28.2199 10.2022
86.5897 28.2613 10.2169
86.7148 28.3026 10.2316
86.8399 28.344 10.2462
86.965 28.3854 10.2609
87.0901 28.4267 10.2756
87.2152 28.4681 10.2903
87.3404 28.5095 10.305
87.4655 28.5509 10.3197
87.5906 28.5923 10.3343
87.7157 28.6336 10.349
87.8408 28.675 10.3637
87.9659 28.7164 10.3784
88.091 28.7578 10.3931
88.2162 28.7992 10.4078
88.3413 28.8405 10.4224
88.4664 28.8819 10.4371
88.5915 28.9233 10.4518
88.7166 28.9647 10.4665
88.8417 29.0061 10.4811
88.9668 29.0475 10.4958
89.092 29.0889 10.5105
89.2171 29.1303 10.5252
89.3422 29.1717 10.5399
89.4673 29.213 10.5545
89.5924 29.2544 10.5692
89.7175 29.2958 10.5839
89.8427 29.3372 10.5985
89.9678 29.3786 10.6132
90.0929 29.42 10.6279
90.218 29.4614 10.6426
90.3431 29.5028 10.6573
90.4682 29.5442 10.6719
90.5933 29.5856 10.6866
90.7185 29.6271 10.7013
90.8436 29.6685 10.716
90.9687 29.7099 10.7306
91.0938 29.7513 10.7453
91.2189 29.7927 10.76
91.344 29.8341 10.7747
91.4691 29.8755 10.7894
91.5943 29.9169 10.8041
91.7194 29.9584 10.8187
91.8445 29.9998 10.8334
91.9696 30.0412 10.8481
92.0947 30.0826 10.8628
92.2198 30.124 10.8775
92.345 30.1655 10.8922
92.4701 30.2069 10.9069
92.5952 30.2483 10.9216
92.7203 30.2897 10.9362
92.8454 30.3312 10.9509
92.9705 30.3726 10.9656
93.0956 30.414 10.9803
93.2208 30.4555 10.995
93.3459 30.4969 11.0097
93.471 30.5383 11.0244
93.5961 30.5798 11.0391
93.7212 30.6212 11.0538
93.8463 30.6627 11.0685
93.9715 30.7041 11.0832
94.0966 30.7455 11.0979
94.2217 30.787 11.1125
94.3468 30.8284 11.1272
94.4719 30.8699 11.1419
94.597 30.9113 11.1566
94.7221 30.9528 11.1713
94.8473 30.9942 11.186
94.9724 31.0357 11.2007
95.0975 31.0771 11.2154
95.2226 31.1186 11.2301
95.3477 31.1601 11.2448
95.4728 31.2015 11.2595
95.5979 31.243 11.2742
95.7231 31.2844 11.2889
95.8482 31.3259 11.3036
95.9733 31.3674 11.3183
96.0984 31.4088 11.333
96.2235 31.4503 11.3477
96.3486 31.4918 11.3624
96.4738 31.5332 11.3771
96.5989 31.5747 11.3918
96.724 31.6162 11.4065
96.8491 31.6576 11.4212
96.9742 31.6991 11.4359
97.0993 31.7406 11.4506
97.2244 31.7821 11.4653
97.3496 31.8235 11.48
97.4747 31.865 11.4947
97.5998 31.9065 11.5094
97.7249 31.948 11.5241
97.85 31.9895 11.5388
97.9751 32.0309 11.5535
98.1003 32.0724 11.5682
98.2254 32.1139 11.5829
98.3505 32.1554 11.5976
98.4756 32.1969 11.6123
98.6007 32.2383 11.627
98.7258 32.2798 11.6417
98.8509 32.3213 11.6564
98.9761 32.3628 11.6711
99.1012 32.4043 11.6858
99.2263 32.4457 11.7005
99.3514 32.4872 11.7152
99.4765 32.5287 11.7299
99.6016 32.5702 11.7446
99.7267 32.6116 11.7593
99.8519 32.6531 11.774
99.977 32.6946 11.7887
100.102 32.7361 11.8034
100.227 32.7775 11.8181
100.352 32.819 11.8328
100.477 32.8605 11.8475
100.603 32.9019 11.8622
100.728 32.9434 11.8769
100.853 32.9849 11.8916
100.978 33.0263 11.9062
101.103 33.0678 11.9209
101.228 33.1093 11.9356
101.353 33.1508 11.9503
101.478 33.1922 11.965
101.603 33.2337 11.9797
101.729 33.2752 11.9944
101.854 33.3167 12.0091
101.979 33.3581 12.0238
102.104 33.3996 12.0385
102.229 33.4411 12.0531
102.354 33.4826 12.0678
102.479 33.5241 12.0825
102.604 33.5655 12.0972
102.73 33.607 12.1119
102.855 33.6485 12.1266
102.98 33.69 12.1413
103.105 33.7315 12.156
103.23 33.7729 12.1707
103.355 33.8144 12.1854
103.48 33.8559 12.2
103.605 33.8974 12.2147
103.73 33.9389 12.2294
103.856 33.9804 12.2441
103.981 34.0219 12.2588
104.106 34.0634 12.2735
104.231 34.1049 12.2882
104.356 34.1463 12.3029
104.481 34.1878 12.3176
104.606 34.2293 12.3322
104.731 34.2708 12.3469
104.856 34.3123 12.3616
104.982 34.3538 12.3763
105.107 34.3953 12.391
105.232 34.4368 12.4057
105.357 34.4783 12.4204
105.482 34.5198 12.4351
105.607 34.5613 12.4498
105.732 34.6029 12.4645
105.857 34.6444 12.4791
105.983 34.6859 12.4938
106.108 34.7274 12.5085
106.233 34.7689 12.5232
106.358 34.8104 12.5379
106.483 34.8519 12.5526
106.608 34.8935 12.5673
106.733 34.935 12.582
106.858 34.9765 12.5967
106.983 35.018 12.6114
107.109 35.0596 12.6261
107.234 35.1011 12.6407
107.359 35.1426 12.6554
107.484 35.1842 12.6701
107.609 35.2257 12.6848
107.734 35.2672 12.6995
107.859 35.3088 12.7142
107.984 35.3503 12.7289
108.109 35.3919 12.7436
108.235 35.4334 12.7583
108.36 35.4749 12.773
108.485 35.5165 12.7877
108.61 35.5581 12.8024
108.735 35.5996 12.8171
108.86 35.6412 12.8317
108.985 35.6827 12.8464
109.11 35.7243 12.8611
109.235 35.7658 12.8758
109.361 35.8074 12.8905
109.486 35.8489 12.9052
109.611 35.8905 12.9199
109.736 35.9321 12.9346
109.861 35.9736 12.9493
109.986 36.0152 12.964
110.111 36.0568 12.9787
110.236 36.0983 12.9934
110.362 36.1399 13.0081
110.487 36.1815 13.0228
110.612 36.223 13.0375
110.737 36.2646 13.0522
110.862 36.3062 13.0669
110.987 36.3478 13.0816
111.112 36.3893 13.0963
111.237 36.4309 13.111
111.362 36.4725 13.1257
111.488 36.514 13.1404
111.613 36.5556 13.1551
111.738 36.5972 13.1698
111.863 36.6388 13.1845
111.988 36.6803 13.1991
112.113 36.7219 13.2138
112.238 36.7635 13.2285
112.363 36.8051 13.2432
112.488 36.8466 13.2579
112.614 36.8882 13.2726
112.739 36.9298 13.2873
112.864 36.9714 13.302
112.989 37.0129 13.3167
113.114 37.0545 13.3314
113.239 37.0961 13.3461
113.364 37.1377 13.3608
113.489 37.1792 13.3755
113.615 37.2208 13.3902
113.74 37.2624 13.4049
113.865 37.304 13.4196
113.99 37.3455 13.4343
114.115 37.3871 13.449
114.24 37.4287 13.4637
114.365 37.4702 13.4784
114.49 37.5118 13.4931
114.615 37.5534 13.5078
114.741 37.5949 13.5225
114.866 37.6365 13.5372
114.991 37.6781 13.5519
115.116 37.7196 13.5666
115.241 37.7612 13.5813
115.366 37.8028 13.596
115.491 37.8443 13.6107
115.616 37.8859 13.6254
115.741 37.9274 13.6401
115.867 37.969 13.6548
115.992 38.0106 13.6695
116.117 38.0521 13.6842
116.242 38.0937 13.6989
116.367 38.1352 13.7136
116.492 38.1768 13.7283
116.617 38.2184 13.743
116.742 38.2599 13.7577
116.868 38.3015 13.7724
116.993 38.343 13.7871
117.118 38.3846 13.8018
117.243 38.4261 13.8165
117.368 38.4677 13.8312
117.493 38.5093 13.8459
117.618 38.5508 13.8606
117.743 38.5924 13.8753
117.868 38.6339 13.89
117.994 38.6755 13.9047
118.119 38.717 13.9194
118.244 38.7586 13.9341
118.369 38.8002 13.9488
118.494 38.8417 13.9635
118.619 38.8833 13.9782
118.744 38.9248 13.9929
118.869 38.9664 14.0076
118.994 39.008 14.0223
119.12 39.0495 14.037
119.245 39.0911 14.0517
119.37 39.1326 14.0664
119.495 39.1742 14.0811
119.62 39.2158 14.0958
119.745 39.2573 14.1105
119.87 39.2989 14.1252
119.995 39.3404 14.1399
120.121 39.382 14.1546
120.246 39.4236 14.1693
120.371 39.4651 14.184
120.496 39.5067 14.1987
120.621 39.5483 14.2134
120.746 39.5898 14.2281
120.871 39.6314 14.2428
120.996 39.673 14.2575
121.121 39.7146 14.2722
121.247 39.7561 14.2869
121.372 39.7977 14.3016
121.497 39.8393 14.3163
121.622 39.8809 14.331
121.747 39.9224 14.3457
121.872 39.964 14.3604
121.997 40.0056 14.3751
122.122 40.0472 14.3898
122.247 40.0888 14.4045
122.373 40.1304 14.4192
122.498 40.1719 14.4339
122.623 40.2135 14.4486
122.748 40.2551 14.4633
122.873 40.2967 14.478
122.998 40.3383 14.4927
123.123 40.3799 14.5074
123.248 40.4215 14.5221
123.374 40.4631 14.5368
123.499 40.5047 14.5515
123.624 40.5463 14.5662
123.749 40.5879 14.581
123.874 40.6295 14.5957
123.999 40.6711 14.6104
124.124 40.7127 14.6251
124.249 40.7543 14.6398
124.374 40.7959 14.6545
124.5 40.8376 14.6692
124.625 40.8792 14.6839
124.75 40.9208 14.6986
124.875 40.9624 14.7133
125 41.004 14.728
