,nu_cas,nu_track,nubar_cas,nubar_track
0,0.9082278209375719,0.09177217906242699,0.9172796351197263,0.08272036488027226
1,0.9273202513807428,0.0726797486192512,0.9287744480894071,0.07122555191059246
2,0.9420920251327,0.05790797486729057,0.921087773024982,0.07891222697502158
3,0.9204148823209931,0.07958511767900156,0.9250445272961705,0.07495547270383639
4,0.9151726084767682,0.08482739152323755,0.9154607441210928,0.08453925587890923
5,0.9155936059475458,0.08440639405245952,0.9291575716965932,0.07084242830340516
6,0.9027850619766998,0.09721493802330948,0.9281814517093067,0.07181854829069682
7,0.9193037732775515,0.08069622672244635,0.9208042782918425,0.07919572170816094
8,0.9025870982322887,0.0974129017677984,0.9453148318875201,0.0546851681124772
9,0.9001155576777102,0.09988444232229068,0.8908659286168744,0.10913407138312907
10,0.8966776118469466,0.1033223881530543,0.9093785208787041,0.09062147912129732
11,0.8855530074766037,0.11444699252338003,0.8741091893941297,0.12589081060586194
12,0.8782176741538272,0.12178232584617332,0.8728203181379591,0.12717968186203685
13,0.8521212055555938,0.14787879444443236,0.865699744955614,0.1343002550443791
14,0.8504795296931492,0.14952047030685925,0.8260864147837061,0.17391358521645506
15,0.8487984841960429,0.15120151580398128,0.8504686734964769,0.14953132650349502
16,0.8492035619109463,0.1507964380890387,0.7888397979443088,0.21116020205558234
17,0.7986289127026166,0.20137108729745826,0.7946008567379288,0.2053991432620231
18,0.7859401631130912,0.21405983688686075,0.7431733370228045,0.25682666297726187
19,0.8081768236602068,0.19182317633986254,0.7804313461295257,0.2195686538705127
20,0.7596800264483411,0.24031997355167034,0.7680221174342177,0.2319778825657204
21,0.7532857283277754,0.24671427167220622,0.8167587703510456,0.18324122964899806
22,0.7454054502231898,0.25459454977673496,0.6951806325342255,0.30481936746582716
23,0.7400427580947627,0.25995724190525793,0.7303868512252025,0.26961314877478737
24,0.7433265276994324,0.25667347230064574,0.6687840060777775,0.3312159939222851
25,0.6511963643018699,0.3488036356979762,0.7146094405560598,0.2853905594439738
26,0.6821884582278148,0.31781154177215376,0.7225584690576105,0.2774415309424461
27,0.7602362915351656,0.23976370846466782,0.7375178241739796,0.262482175826039
28,0.6917685812653657,0.30823141873452914,0.5966591155879238,0.40334088441205956
29,0.6810549093698931,0.3189450906299858,0.7767861640828525,0.2232138359170331
