,nu_cas,nu_track,nubar_cas,nubar_track
0,0.9054161065339954,0.09458389346600468,0.895179072823854,0.10482092717614444
1,0.8986700037639153,0.10132999623608366,0.8973427614176279,0.10265723858236635
2,0.8949618809768363,0.10503811902316552,0.8979670453715128,0.10203295462848401
3,0.8854364265131875,0.11456357348680936,0.8828007138294712,0.11719928617051957
4,0.8766770580956643,0.12332294190431281,0.874260340725195,0.1257396592748028
5,0.8796257441226842,0.12037425587730702,0.8679191409021406,0.13208085909786202
6,0.8586682516494011,0.14133174835058596,0.8625646318841164,0.13743536811588286
7,0.8463543273475026,0.15364567265251486,0.8251539312866062,0.1748460687133808
8,0.8287263812049006,0.17127361879509861,0.8142035957473057,0.18579640425271662
9,0.8034101707156819,0.1965898292843113,0.8127444061900054,0.18725559380999424
10,0.7743549423263424,0.22564505767365856,0.7897004727299857,0.21029952727001466
11,0.7281318902048318,0.27186810979515535,0.7693558870982015,0.23064411290178863
12,0.7109355000119658,0.28906449998802913,0.7119325675702456,0.2880674324297469
13,0.671630952859539,0.32836904714042103,0.6755958985551989,0.3244041014448249
14,0.6181733948443279,0.3818266051556561,0.6353842925986195,0.3646157074013941
15,0.5777650204216604,0.4222349795783273,0.5759043704254018,0.4240956295745853
16,0.5049336689937399,0.4950663310062707,0.5227915611220393,0.4772084388779966
17,0.45487112164725435,0.5451288783527768,0.47627738745732795,0.5237226125426565
18,0.40591965153216614,0.5940803484676472,0.3938227163984754,0.606177283601355
19,0.3318499216750656,0.66815007832488,0.3528256643269089,0.6471743356730839
20,0.2861142392473293,0.71388576075283,0.29913922405738314,0.7008607759426346
21,0.27310343002584636,0.7268965699741828,0.23670646737726436,0.7632935326226545
22,0.2359646425661093,0.7640353574339452,0.22398928185526668,0.7760107181447333
23,0.2124729187920032,0.7875270812081602,0.21607921215184284,0.7839207878482162
24,0.21135591098560777,0.7886440890145637,0.23772796832563522,0.7622720316743963
25,0.19461467733960872,0.8053853226603864,0.22300365774633663,0.776996342253738
26,0.18260081456321667,0.8173991854368242,0.21936952524738643,0.7806304747525225
27,0.24067921864326858,0.7593207813567924,0.2001239375039634,0.7998760624959947
28,0.19777631955724756,0.8022236804426257,0.17951011020985078,0.8204898897900861
29,0.20553895069806735,0.7944610493017908,0.21200867801033324,0.7879913219895945
