,nu_cas,nu_track,nubar_cas,nubar_track
0,0.8398018364467066,0.16019816355329347,1.0,0.0
1,0.8849740824901359,0.11502591750986402,0.9780932063842711,0.02190679361572893
2,0.8919158767527532,0.10808412324724705,0.9464072090314466,0.05359279096855347
3,0.7776185127447044,0.2223814872552934,0.9988165971077563,0.0011834028922440367
4,0.9102821079079069,0.08971789209209295,0.6319180756297161,0.36808192437028414
5,0.8562960709589659,0.14370392904103313,0.805450664010711,0.19454933598929083
6,0.7809284046674032,0.21907159533259657,0.8911312535027439,0.10886874649725606
7,0.9310652346330283,0.06893476536697146,0.819306894742773,0.18069310525722523
8,0.8966570476757061,0.10334295232429533,0.7830094092964747,0.21699059070352392
9,0.852844753854187,0.14715524614581707,0.8452038615529959,0.1547961384470045
10,0.7968668209972699,0.20313317900273178,0.9626164894737714,0.037383510526229534
11,0.9088346219830304,0.0911653780169688,0.7126802441130755,0.2873197558869239
12,0.8906161241029019,0.1093838758970973,0.9023405972462687,0.09765940275372824
13,0.8317150753723435,0.16828492462765868,0.8084077329514608,0.19159226704853996
14,0.8216668497324283,0.17833315026756547,0.9148711492145587,0.0851288507854424
15,0.7950512573911362,0.20494874260886153,0.690507989044176,0.3094920109558256
16,0.8696209250403761,0.1303790749596266,0.7001969664745707,0.2998030335254344
17,0.7690301478929131,0.23096985210708817,0.9527299556712376,0.047270044328764
18,0.831753491326322,0.16824650867367952,0.6964291994193614,0.30357080058064406
19,0.8532132798264861,0.14678672017351058,0.8731886328968442,0.12681136710315385
20,0.7949723717406062,0.2050276282593748,0.5365670961201924,0.46343290387980707
21,0.7339554991816425,0.2660445008183441,0.8664350885684501,0.13356491143155125
22,0.6557431137365072,0.3442568862634808,0.6505582312873031,0.34944176871269506
23,0.583211229702022,0.41678877029795364,0.6482676156642697,0.3517323843357365
24,0.6908216564487081,0.3091783435512657,0.7226073219564239,0.2773926780435868
25,0.8018207502677083,0.19817924973228476,0.6623615236847143,0.33763847631526583
26,0.745615977724976,0.25438402227504175,0.7519716980228034,0.24802830197720604
27,0.6663843579188109,0.3336156420812001,0.748692841073564,0.2513071589263725
28,0.76377453810662,0.23622546189342974,0.6887828985137779,0.311217101486227
29,0.8428190288504332,0.15718097114955518,0.8515280669148563,0.14847193308513834
